 1 25 -9.454042E-04 0 -9.454042E-04
 1 26 -7.138499E-04 0 -7.138499E-04
 1 27 -9.060815E-03 0 -9.060815E-03
 1 28 -5.232875E-02 0 -5.232875E-02
 1 29 -1.977252E-02 0 -1.977252E-02
 1 30 -1.156515E-02 0 -1.156515E-02
 1 31 -6.067991E-03 0 -6.067991E-03
 1 32 -2.114092E-02 0 -2.114092E-02
 1 33 -4.53353E-03 0 -4.53353E-03
 1 34 -2.270909E-02 0 -2.270909E-02
 1 35 -2.644569E-02 0 -2.644569E-02
 1 36 -6.050833E-02 0 -6.050833E-02
 1 37 -5.335405E-02 0 -5.335405E-02
 1 38 -3.442897E-03 0 -3.442897E-03
 1 39 -5.495774E-03 0 -5.495774E-03
 1 40 -2.624707E-04 0 -2.624707E-04
 1 41 -5.674906E-04 0 -5.674906E-04
 1 42 -5.603207E-05 0 -5.603207E-05
 1 43 -3.606178E-05 0 -3.606178E-05
 1 44 -1.623355E-05 0 -1.623355E-05
 1 45 -2.396075E-05 0 -2.396075E-05
 1 46 -3.876638E-05 0 -3.876638E-05
 1 47 -3.887923E-04 0 -3.887923E-04
 1 48 -2.849063E-05 0 -2.849063E-05
 1 49 -3.505154E-05 0 -3.505154E-05
 1 50 -4.860268E-04 0 -4.860268E-04
 1 51 -7.611827E-05 0 -7.611827E-05
 1 52 -3.583087E-05 0 -3.583087E-05
 1 53 -7.825444E-05 0 -7.825444E-05
 1 54 -1.36174E-03 0 -1.36174E-03
 1 55 -1.260141E-04 0 -1.260141E-04
 1 56 -5.524864E-05 0 -5.524864E-05
 1 57 -1.371817E-04 0 -1.371817E-04
 1 58 -2.703565E-04 0 -2.703565E-04
 1 59 -6.734727E-05 0 -6.734727E-05
 1 60 -6.406641E-04 0 -6.406641E-04
 1 61 -7.225131E-05 0 -7.225131E-05
 1 62 -8.282862E-05 0 -8.282862E-05
 1 63 -2.793649E-05 0 -2.793649E-05
 1 64 -7.674369E-05 0 -7.674369E-05
 1 65 -1.944822E-04 0 -1.944822E-04
 1 66 -3.703812E-04 0 -3.703812E-04
 1 67 -2.516719E-03 0 -2.516719E-03
 1 68 -2.469084E-03 0 -2.469084E-03
 1 69 -3.641791E-03 0 -3.641791E-03
 1 70 -3.19436E-04 0 -3.19436E-04
 1 71 -1.08103E-04 0 -1.08103E-04
 1 72 -7.782837E-05 0 -7.782837E-05
 1 73 -1.429607E-04 0 -1.429607E-04
 1 74 -6.918082E-04 0 -6.918082E-04
 1 75 -3.82958E-05 0 -3.82958E-05
 1 76 -2.573113E-05 0 -2.573113E-05
 1 77 -1.259065E-05 0 -1.259065E-05
 1 78 -5.445076E-05 0 -5.445076E-05
 1 79 -3.3702E-05 0 -3.3702E-05
 1 80 -4.515871E-04 0 -4.515871E-04
 1 81 -2.438149E-05 0 -2.438149E-05
 1 82 -2.175371E-05 0 -2.175371E-05
 1 83 -2.920239E-04 0 -2.920239E-04
 1 84 -6.069359E-05 0 -6.069359E-05
 1 85 -1.323614E-03 0 -1.323614E-03
 1 86 -4.973133E-04 0 -4.973133E-04
 1 87 -3.826121E-04 0 -3.826121E-04
 1 88 -1.812005E-03 0 -1.812005E-03
 1 89 -1.642414E-03 0 -1.642414E-03
 1 90 -9.08681E-03 0 -9.08681E-03
 1 91 -1.672255E-02 0 -1.672255E-02
 1 92 -5.651273E-03 0 -5.651273E-03
 1 93 -7.950274E-03 0 -7.950274E-03
 1 94 -1.580134E-03 0 -1.580134E-03
 1 95 -1.166355E-03 0 -1.166355E-03
 1 96 -1.423735E-04 0 -1.423735E-04
 1 97 -2.989421E-04 0 -2.989421E-04
 1 98 -4.808913E-05 0 -4.808913E-05
 1 99 -7.292849E-06 0 -7.292849E-06
 1 100 -5.500255E-06 0 -5.500255E-06
 2 25 -1.223099E-04 0 -1.223099E-04
 2 26 1.277411E-04 0 1.277411E-04
 2 27 -8.812289E-04 0 -8.812289E-04
 2 28 -4.020265E-03 0 -4.020265E-03
 2 29 -1.186037E-03 0 -1.186037E-03
 2 30 5.497673E-03 0 5.497673E-03
 2 31 4.732429E-04 0 4.732429E-04
 2 32 -2.90163E-03 0 -2.90163E-03
 2 33 5.362531E-04 0 5.362531E-04
 2 34 1.710992E-03 0 1.710992E-03
 2 35 1.111784E-02 0 1.111784E-02
 2 36 2.250268E-03 0 2.250268E-03
 2 37 -2.769249E-03 0 -2.769249E-03
 2 38 2.370372E-04 0 2.370372E-04
 2 39 -5.800167E-04 0 -5.800167E-04
 2 40 1.175213E-04 0 1.175213E-04
 2 41 -6.664956E-05 0 -6.664956E-05
 2 42 3.31685E-05 0 3.31685E-05
 2 43 1.578313E-05 0 1.578313E-05
 2 44 7.557892E-06 0 7.557892E-06
 2 45 1.472259E-05 0 1.472259E-05
 2 46 6.250481E-06 0 6.250481E-06
 2 47 -5.939892E-05 0 -5.939892E-05
 2 48 1.663978E-05 0 1.663978E-05
 2 49 1.53938E-05 0 1.53938E-05
 2 50 -5.621243E-05 0 -5.621243E-05
 2 51 8.005326E-05 0 8.005326E-05
 2 52 1.313417E-05 0 1.313417E-05
 2 53 7.757666E-05 0 7.757666E-05
 2 54 -1.527891E-04 0 -1.527891E-04
 2 55 2.471802E-05 0 2.471802E-05
 2 56 2.697251E-05 0 2.697251E-05
 2 57 1.233097E-04 0 1.233097E-04
 2 58 1.123577E-04 0 1.123577E-04
 2 59 8.738117E-06 0 8.738117E-06
 2 60 -8.552496E-05 0 -8.552496E-05
 2 61 1.184685E-05 0 1.184685E-05
 2 62 1.350456E-05 0 1.350456E-05
 2 63 1.71616E-05 0 1.71616E-05
 2 64 1.872563E-05 0 1.872563E-05
 2 65 4.198477E-05 0 4.198477E-05
 2 66 7.149328E-05 0 7.149328E-05
 2 67 -3.904347E-04 0 -3.904347E-04
 2 68 -3.918097E-04 0 -3.918097E-04
 2 69 -7.368449E-04 0 -7.368449E-04
 2 70 2.903591E-05 0 2.903591E-05
 2 71 2.512977E-05 0 2.512977E-05
 2 72 1.276733E-04 0 1.276733E-04
 2 73 4.001611E-05 0 4.001611E-05
 2 74 -1.318179E-04 0 -1.318179E-04
 2 75 2.610097E-05 0 2.610097E-05
 2 76 1.62598E-05 0 1.62598E-05
 2 77 2.281953E-06 0 2.281953E-06
 2 78 1.292771E-05 0 1.292771E-05
 2 79 5.899873E-06 0 5.899873E-06
 2 80 -8.729035E-05 0 -8.729035E-05
 2 81 1.219918E-05 0 1.219918E-05
 2 82 1.652132E-05 0 1.652132E-05
 2 83 -5.540085E-05 0 -5.540085E-05
 2 84 3.579632E-05 0 3.579632E-05
 2 85 -2.305463E-04 0 -2.305463E-04
 2 86 1.365325E-04 0 1.365325E-04
 2 87 4.765726E-04 0 4.765726E-04
 2 88 8.088496E-04 0 8.088496E-04
 2 89 5.160813E-04 0 5.160813E-04
 2 90 7.821096E-04 0 7.821096E-04
 2 91 -1.967152E-03 0 -1.967152E-03
 2 92 2.085279E-05 0 2.085279E-05
 2 93 -1.029955E-03 0 -1.029955E-03
 2 94 -2.059698E-04 0 -2.059698E-04
 2 95 -2.05514E-04 0 -2.05514E-04
 2 96 3.307361E-05 0 3.307361E-05
 2 97 -6.652079E-05 0 -6.652079E-05
 2 98 1.248821E-05 0 1.248821E-05
 2 99 1.572587E-06 0 1.572587E-06
 2 100 1.224452E-06 0 1.224452E-06
 3 25 -8.25991E-05 0 -8.25991E-05
 3 26 2.493778E-04 0 2.493778E-04
 3 27 -8.573792E-04 0 -8.573792E-04
 3 28 -3.675002E-03 0 -3.675002E-03
 3 29 -7.35382E-04 0 -7.35382E-04
 3 30 -0.108181 -0.112065 3.884058E-03
 3 31 1.215615E-03 0 1.215615E-03
 3 32 -4.546327E-03 0 -4.546327E-03
 3 33 1.252521E-03 0 1.252521E-03
 3 34 6.577783E-03 0 6.577783E-03
 3 35 -0.10879 -0.112738 3.947705E-03
 3 36 3.359705E-03 0 3.359705E-03
 3 37 -1.751436E-03 0 -1.751436E-03
 3 38 3.293903E-04 0 3.293903E-04
 3 39 -4.602067E-04 0 -4.602067E-04
 3 40 2.070648E-02 2.052009E-02 1.863911E-04
 3 41 -3.399419E-05 0 -3.399419E-05
 3 42 1.091992E-02 1.085865E-02 6.126522E-05
 3 43 2.739118E-05 0 2.739118E-05
 3 44 1.292568E-05 0 1.292568E-05
 3 45 7.925871E-03 7.896771E-03 2.910018E-05
 3 46 1.442806E-05 0 1.442806E-05
 3 47 -6.695785E-05 0 -6.695785E-05
 3 48 8.887956E-03 8.853189E-03 3.476624E-05
 3 49 2.27872E-05 0 2.27872E-05
 3 50 -3.159697E-05 0 -3.159697E-05
 3 51 -1.425261E-02 -1.429576E-02 4.31463E-05
 3 52 2.022261E-05 0 2.022261E-05
 3 53 -1.255615E-02 -1.259088E-02 3.473104E-05
 3 54 -1.320712E-04 0 -1.320712E-04
 3 55 4.933644E-05 0 4.933644E-05
 3 56 9.874302E-03 9.833222E-03 4.108003E-05
 3 57 -1.490259E-02 -1.494923E-02 4.663306E-05
 3 58 1.952404E-02 1.935678E-02 1.672634E-04
 3 59 2.747897E-05 0 2.747897E-05
 3 60 -7.641366E-05 0 -7.641366E-05
 3 61 3.31115E-05 0 3.31115E-05
 3 62 4.090408E-05 0 4.090408E-05
 3 63 9.373214E-03 9.335406E-03 3.780796E-05
 3 64 4.864042E-05 0 4.864042E-05
 3 65 1.151888E-04 0 1.151888E-04
 3 66 -2.360097E-02 -2.360124E-02 2.645844E-07
 3 67 -5.983255E-04 0 -5.983255E-04
 3 68 -7.320096E-04 0 -7.320096E-04
 3 69 -1.47118E-03 0 -1.47118E-03
 3 70 3.014482E-04 0 3.014482E-04
 3 71 2.200583E-04 0 2.200583E-04
 3 72 -2.5335E-02 -2.545975E-02 1.247553E-04
 3 73 1.541576E-04 0 1.541576E-04
 3 74 -1.946275E-04 0 -1.946275E-04
 3 75 1.172357E-02 1.165472E-02 6.884652E-05
 3 76 9.435799E-03 9.39759E-03 3.820933E-05
 3 77 1.051783E-05 0 1.051783E-05
 3 78 -8.120449E-03 -8.120491E-03 4.201616E-08
 3 79 1.450154E-05 0 1.450154E-05
 3 80 -1.058801E-04 0 -1.058801E-04
 3 81 2.421882E-05 0 2.421882E-05
 3 82 9.942816E-03 9.901278E-03 4.153785E-05
 3 83 -6.458373E-05 0 -6.458373E-05
 3 84 7.320889E-05 0 7.320889E-05
 3 85 -3.196555E-04 0 -3.196555E-04
 3 86 4.269416E-04 0 4.269416E-04
 3 87 -3.700564E-02 -3.727725E-02 2.716064E-04
 3 88 5.890338E-02 5.729955E-02 1.60383E-03
 3 89 1.248284E-03 0 1.248284E-03
 3 90 2.883702E-03 0 2.883702E-03
 3 91 -3.447247E-03 0 -3.447247E-03
 3 92 -4.048349E-02 -4.08565E-02 3.730112E-04
 3 93 -1.566074E-03 0 -1.566074E-03
 3 94 -1.740942E-04 0 -1.740942E-04
 3 95 -2.605296E-04 0 -2.605296E-04
 3 96 -1.482418E-02 -1.482429E-02 1.129029E-07
 3 97 -8.133256E-05 0 -8.133256E-05
 3 98 -7.516848E-03 -7.516885E-03 3.73158E-08
 3 99 6.984838E-06 0 6.984838E-06
 3 100 5.144424E-06 0 5.144424E-06
 4 25 -2.042746E-05 0 -2.042746E-05
 4 26 1.16508E-04 0 1.16508E-04
 4 27 -3.845676E-04 0 -3.845676E-04
 4 28 -1.781971E-03 0 -1.781971E-03
 4 29 -2.952572E-04 0 -2.952572E-04
 4 30 -0.115048 -0.120154 5.105116E-03
 4 31 1.790426E-03 0 1.790426E-03
 4 32 -1.042489E-02 0 -1.042489E-02
 4 33 3.447208E-03 0 3.447208E-03
 4 34 1.227299E-02 0 1.227299E-02
 4 35 -0.125 -0.131571 6.570574E-03
 4 36 2.145922E-03 0 2.145922E-03
 4 37 -1.057105E-03 0 -1.057105E-03
 4 38 1.602543E-04 0 1.602543E-04
 4 39 -2.449057E-04 0 -2.449057E-04
 4 40 1.677231E-02 1.667185E-02 1.004568E-04
 4 41 -1.118331E-05 0 -1.118331E-05
 4 42 8.887057E-03 8.852296E-03 3.476072E-05
 4 43 1.332386E-05 0 1.332386E-05
 4 44 6.81019E-06 0 6.81019E-06
 4 45 6.944367E-03 6.927112E-03 1.725524E-05
 4 46 9.658491E-06 0 9.658491E-06
 4 47 -4.90468E-05 0 -4.90468E-05
 4 48 8.942352E-03 8.916908E-03 2.544385E-05
 4 49 1.414215E-05 0 1.414215E-05
 4 50 -1.310089E-05 0 -1.310089E-05
 4 51 -1.476828E-02 -1.481799E-02 4.970929E-05
 4 52 1.441251E-05 0 1.441251E-05
 4 53 -1.22798E-02 -1.231603E-02 3.622508E-05
 4 54 -1.083664E-04 0 -1.083664E-04
 4 55 4.672121E-05 0 4.672121E-05
 4 56 1.03078E-02 1.027588E-02 3.191498E-05
 4 57 -1.531575E-02 -1.536873E-02 5.29877E-05
 4 58 2.163996E-02 2.148002E-02 1.599427E-04
 4 59 1.907953E-05 0 1.907953E-05
 4 60 -8.136282E-05 0 -8.136282E-05
 4 61 3.513108E-05 0 3.513108E-05
 4 62 4.07707E-05 0 4.07707E-05
 4 63 1.1257E-02 1.122016E-02 3.684487E-05
 4 64 6.015934E-05 0 6.015934E-05
 4 65 1.406152E-04 0 1.406152E-04
 4 66 -2.84022E-02 -2.839593E-02 -6.274195E-06
 4 67 -5.537318E-04 0 -5.537318E-04
 4 68 -7.006106E-04 0 -7.006106E-04
 4 69 -1.124756E-03 0 -1.124756E-03
 4 70 1.638186E-04 0 1.638186E-04
 4 71 1.33013E-04 0 1.33013E-04
 4 72 -2.673767E-02 -2.688804E-02 1.503673E-04
 4 73 1.525658E-04 0 1.525658E-04
 4 74 -1.52482E-04 0 -1.52482E-04
 4 75 1.23213E-02 1.226228E-02 5.901933E-05
 4 76 9.889381E-03 9.859526E-03 2.985497E-05
 4 77 5.753773E-06 0 5.753773E-06
 4 78 -7.734691E-03 -7.734048E-03 -6.428154E-07
 4 79 9.206888E-06 0 9.206888E-06
 4 80 -6.005855E-05 0 -6.005855E-05
 4 81 1.21087E-05 0 1.21087E-05
 4 82 8.484565E-03 8.46113E-03 2.343499E-05
 4 83 -4.025616E-05 0 -4.025616E-05
 4 84 3.220537E-05 0 3.220537E-05
 4 85 -1.531748E-04 0 -1.531748E-04
 4 86 1.734898E-04 0 1.734898E-04
 4 87 -2.5526E-02 -2.566317E-02 1.371757E-04
 4 88 3.996233E-02 3.941819E-02 5.441382E-04
 4 89 3.952845E-04 0 3.952845E-04
 4 90 1.209924E-03 0 1.209924E-03
 4 91 -2.263202E-03 0 -2.263202E-03
 4 92 -4.682167E-02 -4.663342E-02 -1.882478E-04
 4 93 -1.918623E-03 0 -1.918623E-03
 4 94 -1.511841E-04 0 -1.511841E-04
 4 95 -3.600447E-04 0 -3.600447E-04
 4 96 -2.048043E-02 -2.047709E-02 -3.334636E-06
 4 97 -1.15506E-04 0 -1.15506E-04
 4 98 -1.083935E-02 -1.083825E-02 -1.097043E-06
 4 99 6.444694E-06 0 6.444694E-06
 4 100 4.819489E-06 0 4.819489E-06
 5 25 -3.739786E-05 0 -3.739786E-05
 5 26 9.587951E-05 0 9.587951E-05
 5 27 -3.195886E-04 0 -3.195886E-04
 5 28 -1.107111E-03 0 -1.107111E-03
 5 29 -3.132637E-04 0 -3.132637E-04
 5 30 -8.036524E-02 -8.207648E-02 1.711249E-03
 5 31 8.387592E-04 0 8.387592E-04
 5 32 -5.799198E-03 0 -5.799198E-03
 5 33 1.277276E-03 0 1.277276E-03
 5 34 3.475825E-03 0 3.475825E-03
 5 35 -7.203144E-02 -7.331995E-02 1.288509E-03
 5 36 7.812157E-04 0 7.812157E-04
 5 37 -5.142778E-04 0 -5.142778E-04
 5 38 9.982033E-05 0 9.982033E-05
 5 39 -1.865164E-04 0 -1.865164E-04
 5 40 1.300248E-02 1.292063E-02 8.185129E-05
 5 41 -1.795781E-05 0 -1.795781E-05
 5 42 7.6855E-03 7.650304E-03 3.519604E-05
 5 43 1.708053E-05 0 1.708053E-05
 5 44 8.919615E-06 0 8.919615E-06
 5 45 6.207979E-03 6.187815E-03 2.016394E-05
 5 46 1.119736E-05 0 1.119736E-05
 5 47 -5.347512E-05 0 -5.347512E-05
 5 48 7.798322E-03 7.769937E-03 2.838501E-05
 5 49 1.619358E-05 0 1.619358E-05
 5 50 -2.079358E-05 0 -2.079358E-05
 5 51 -1.194806E-02 -1.198001E-02 3.195E-05
 5 52 1.432396E-05 0 1.432396E-05
 5 53 -9.240294E-03 -9.261308E-03 2.101362E-05
 5 54 -8.106732E-05 0 -8.106732E-05
 5 55 3.432872E-05 0 3.432872E-05
 5 56 7.351278E-03 7.325333E-03 2.59443E-05
 5 57 -1.047075E-02 -1.049645E-02 2.569525E-05
 5 58 1.458261E-02 1.448305E-02 9.95557E-05
 5 59 1.929547E-05 0 1.929547E-05
 5 60 -6.1755E-05 0 -6.1755E-05
 5 61 2.96368E-05 0 2.96368E-05
 5 62 3.699769E-05 0 3.699769E-05
 5 63 9.724394E-03 9.684307E-03 4.008709E-05
 5 64 5.396239E-05 0 5.396239E-05
 5 65 1.190351E-04 0 1.190351E-04
 5 66 -2.542778E-02 -2.542808E-02 3.057415E-07
 5 67 -6.185803E-04 0 -6.185803E-04
 5 68 -9.541997E-04 0 -9.541997E-04
 5 69 -1.732614E-03 0 -1.732614E-03
 5 70 4.200169E-04 0 4.200169E-04
 5 71 4.32003E-04 0 4.32003E-04
 5 72 -3.154596E-02 -3.174002E-02 1.940603E-04
 5 73 2.138276E-04 0 2.138276E-04
 5 74 -2.103111E-04 0 -2.103111E-04
 5 75 1.23267E-02 1.225186E-02 7.48342E-05
 5 76 9.269834E-03 9.232685E-03 3.714953E-05
 5 77 1.002852E-05 0 1.002852E-05
 5 78 -7.704136E-03 -7.704175E-03 3.874607E-08
 5 79 1.179232E-05 0 1.179232E-05
 5 80 -7.881874E-05 0 -7.881874E-05
 5 81 1.815088E-05 0 1.815088E-05
 5 82 9.154345E-03 9.117924E-03 3.642065E-05
 5 83 -5.710834E-05 0 -5.710834E-05
 5 84 5.562018E-05 0 5.562018E-05
 5 85 -2.103138E-04 0 -2.103138E-04
 5 86 2.214927E-04 0 2.214927E-04
 5 87 -2.377547E-02 -2.388568E-02 1.102121E-04
 5 88 3.414194E-02 3.364792E-02 4.940243E-04
 5 89 4.649437E-04 0 4.649437E-04
 5 90 1.060176E-03 0 1.060176E-03
 5 91 -2.22133E-03 0 -2.22133E-03
 5 92 -4.065805E-02 -4.103523E-02 3.771842E-04
 5 93 -1.581228E-03 0 -1.581228E-03
 5 94 -2.445772E-04 0 -2.445772E-04
 5 95 -3.399656E-04 0 -3.399656E-04
 5 96 -1.831813E-02 -1.831829E-02 1.646385E-07
 5 97 -1.286376E-04 0 -1.286376E-04
 5 98 -9.473268E-03 -9.473322E-03 5.35197E-08
 5 99 1.042087E-05 0 1.042087E-05
 5 100 7.53996E-06 0 7.53996E-06
 6 25 -8.461652E-05 0 -8.461652E-05
 6 26 2.277951E-04 0 2.277951E-04
 6 27 -8.962488E-04 0 -8.962488E-04
 6 28 -3.13578E-03 0 -3.13578E-03
 6 29 -8.197956E-04 0 -8.197956E-04
 6 30 -0.112838 -0.11723 4.391466E-03
 6 31 1.425591E-03 0 1.425591E-03
 6 32 -7.934115E-03 0 -7.934115E-03
 6 33 1.162581E-03 0 1.162581E-03
 6 34 3.445635E-03 0 3.445635E-03
 6 35 -8.077829E-02 -8.251281E-02 1.734524E-03
 6 36 1.540365E-03 0 1.540365E-03
 6 37 -9.747374E-04 0 -9.747374E-04
 6 38 2.037732E-04 0 2.037732E-04
 6 39 -3.933379E-04 0 -3.933379E-04
 6 40 1.970225E-02 1.953218E-02 1.700713E-04
 6 41 -3.846551E-05 0 -3.846551E-05
 6 42 1.22164E-02 1.214268E-02 7.371993E-05
 6 43 3.850565E-05 0 3.850565E-05
 6 44 1.839686E-05 0 1.839686E-05
 6 45 9.82247E-03 9.781735E-03 4.073535E-05
 6 46 2.314177E-05 0 2.314177E-05
 6 47 -1.148592E-04 0 -1.148592E-04
 6 48 1.165661E-02 1.160279E-02 5.381912E-05
 6 49 3.055284E-05 0 3.055284E-05
 6 50 -4.249611E-05 0 -4.249611E-05
 6 51 -1.720259E-02 -1.726277E-02 6.018515E-05
 6 52 2.457093E-05 0 2.457093E-05
 6 53 -1.296426E-02 -1.300092E-02 3.66664E-05
 6 54 -1.421243E-04 0 -1.421243E-04
 6 55 5.361572E-05 0 5.361572E-05
 6 56 9.540217E-03 9.501333E-03 3.888361E-05
 6 57 -1.333151E-02 -1.336996E-02 3.845586E-05
 6 58 1.791043E-02 1.776741E-02 1.430256E-04
 6 59 2.648899E-05 0 2.648899E-05
 6 60 -8.833256E-05 0 -8.833256E-05
 6 61 4.384667E-05 0 4.384667E-05
 6 62 6.155979E-05 0 6.155979E-05
 6 63 1.290164E-02 1.283788E-02 6.37637E-05
 6 64 8.012787E-05 0 8.012787E-05
 6 65 1.997532E-04 0 1.997532E-04
 6 66 -3.550764E-02 -3.550824E-02 6.019521E-07
 6 67 -1.570172E-03 0 -1.570172E-03
 6 68 -3.025007E-03 0 -3.025007E-03
 6 69 -7.35361E-03 0 -7.35361E-03
 6 70 1.785826E-03 0 1.785826E-03
 6 71 1.448659E-03 0 1.448659E-03
 6 72 -5.054486E-02 -5.108938E-02 5.445237E-04
 6 73 5.338883E-04 0 5.338883E-04
 6 74 -5.225988E-04 0 -5.225988E-04
 6 75 1.893881E-02 1.878058E-02 1.582269E-04
 6 76 1.393081E-02 1.385816E-02 7.265269E-05
 6 77 1.942688E-05 0 1.942688E-05
 6 78 -1.22688E-02 -1.226888E-02 8.168951E-08
 6 79 2.576159E-05 0 2.576159E-05
 6 80 -1.940972E-04 0 -1.940972E-04
 6 81 4.297145E-05 0 4.297145E-05
 6 82 1.536787E-02 1.528176E-02 8.610497E-05
 6 83 -1.557771E-04 0 -1.557771E-04
 6 84 1.553444E-04 0 1.553444E-04
 6 85 -6.831914E-04 0 -6.831914E-04
 6 86 7.544625E-04 0 7.544625E-04
 6 87 -4.022077E-02 -4.054615E-02 3.253814E-04
 6 88 5.759528E-02 5.607091E-02 1.52437E-03
 6 89 1.958026E-03 0 1.958026E-03
 6 90 5.195072E-03 0 5.195072E-03
 6 91 -8.825742E-03 0 -8.825742E-03
 6 92 -6.391667E-02 -6.522123E-02 1.304561E-03
 6 93 -3.451734E-03 0 -3.451734E-03
 6 94 -4.253158E-04 0 -4.253158E-04
 6 95 -4.885027E-04 0 -4.885027E-04
 6 96 -2.175343E-02 -2.175366E-02 2.264963E-07
 6 97 -1.508763E-04 0 -1.508763E-04
 6 98 -1.026108E-02 -1.026114E-02 6.084861E-08
 6 99 1.181722E-05 0 1.181722E-05
 6 100 7.903269E-06 0 7.903269E-06
 7 25 -1.11557E-04 0 -1.11557E-04
 7 26 3.410802E-04 0 3.410802E-04
 7 27 -1.604017E-03 0 -1.604017E-03
 7 28 -7.681338E-03 0 -7.681338E-03
 7 29 -3.05514E-03 0 -3.05514E-03
 7 30 -0.199541 -0.227028 2.748692E-02
 7 31 1.005051E-02 0 1.005051E-02
 7 32 -6.488406E-02 0 -6.488406E-02
 7 33 7.145604E-03 0 7.145604E-03
 7 34 2.559787E-02 0 2.559787E-02
 7 35 -0.140361 -0.14891 8.549253E-03
 7 36 6.15423E-03 0 6.15423E-03
 7 37 -2.755332E-03 0 -2.755332E-03
 7 38 4.2879E-04 0 4.2879E-04
 7 39 -8.075348E-04 0 -8.075348E-04
 7 40 2.602151E-02 2.573407E-02 2.874368E-04
 7 41 -6.298209E-05 0 -6.298209E-05
 7 42 1.510771E-02 1.500186E-02 1.058494E-04
 7 43 5.128128E-05 0 5.128128E-05
 7 44 2.453232E-05 0 2.453232E-05
 7 45 1.257889E-02 1.251779E-02 6.110152E-05
 7 46 3.679617E-05 0 3.679617E-05
 7 47 -2.106978E-04 0 -2.106978E-04
 7 48 1.679295E-02 1.669227E-02 1.006768E-04
 7 49 5.552195E-05 0 5.552195E-05
 7 50 -8.621514E-05 0 -8.621514E-05
 7 51 -2.651218E-02 -2.664865E-02 1.364635E-04
 7 52 5.062587E-05 0 5.062587E-05
 7 53 -1.962114E-02 -1.969771E-02 7.657102E-05
 7 54 -3.530398E-04 0 -3.530398E-04
 7 55 1.267106E-04 0 1.267106E-04
 7 56 1.506842E-02 1.498522E-02 8.320033E-05
 7 57 -2.110692E-02 -2.11947E-02 8.777931E-05
 7 58 2.999435E-02 2.961417E-02 3.801773E-04
 7 59 6.519933E-05 0 6.519933E-05
 7 60 -2.332659E-04 0 -2.332659E-04
 7 61 1.049804E-04 0 1.049804E-04
 7 62 1.449737E-04 0 1.449737E-04
 7 63 2.049648E-02 2.035192E-02 1.445597E-04
 7 64 2.063848E-04 0 2.063848E-04
 7 65 6.043681E-04 0 6.043681E-04
 7 66 -5.799007E-02 -5.799186E-02 1.794484E-06
 7 67 -4.937194E-03 0 -4.937194E-03
 7 68 -8.43228E-03 0 -8.43228E-03
 7 69 -1.33633E-02 0 -1.33633E-02
 7 70 1.879694E-03 0 1.879694E-03
 7 71 1.76029E-03 0 1.76029E-03
 7 72 -6.012086E-02 -6.094268E-02 8.218218E-04
 7 73 1.064756E-03 0 1.064756E-03
 7 74 -1.008409E-03 0 -1.008409E-03
 7 75 2.579859E-02 2.551591E-02 2.826831E-04
 7 76 1.972289E-02 1.958824E-02 1.346535E-04
 7 77 3.139601E-05 0 3.139601E-05
 7 78 -1.54708E-02 -1.547092E-02 1.216685E-07
 7 79 3.618049E-05 0 3.618049E-05
 7 80 -2.691877E-04 0 -2.691877E-04
 7 81 5.095917E-05 0 5.095917E-05
 7 82 1.666821E-02 1.656886E-02 9.935137E-05
 7 83 -1.846957E-04 0 -1.846957E-04
 7 84 1.606873E-04 0 1.606873E-04
 7 85 -7.762753E-04 0 -7.762753E-04
 7 86 7.131065E-04 0 7.131065E-04
 7 87 -4.113503E-02 -4.147688E-02 3.418475E-04
 7 88 6.385734E-02 6.192904E-02 1.928304E-03
 7 89 2.670722E-03 0 2.670722E-03
 7 90 1.261712E-02 0 1.261712E-02
 7 91 -3.054369E-02 0 -3.054369E-02
 7 92 -0.114034 -0.121479 7.445618E-03
 7 93 -1.867575E-02 0 -1.867575E-02
 7 94 -1.815124E-03 0 -1.815124E-03
 7 95 -1.649507E-03 0 -1.649507E-03
 7 96 -3.570103E-02 -3.570164E-02 6.088792E-07
 7 97 -3.746132E-04 0 -3.746132E-04
 7 98 -1.644903E-02 -1.644917E-02 1.356175E-07
 7 99 2.343183E-05 0 2.343183E-05
 7 100 1.519001E-05 0 1.519001E-05
 8 25 -3.448901E-04 0 -3.448901E-04
 8 26 -2.84012E-04 0 -2.84012E-04
 8 27 -2.489144E-03 0 -2.489144E-03
 8 28 -7.63095E-03 0 -7.63095E-03
 8 29 -9.077799E-03 0 -9.077799E-03
 8 30 -1.503105E-02 0 -1.503105E-02
 8 31 -1.799714E-02 0 -1.799714E-02
 8 32 -0.233792 0 -0.233792
 8 33 -3.044044E-02 0 -3.044044E-02
 8 34 -2.433352E-02 0 -2.433352E-02
 8 35 -7.38744E-03 0 -7.38744E-03
 8 36 -5.966739E-03 0 -5.966739E-03
 8 37 -4.446991E-03 0 -4.446991E-03
 8 38 -6.08436E-04 0 -6.08436E-04
 8 39 -1.285488E-03 0 -1.285488E-03
 8 40 -1.284707E-04 0 -1.284707E-04
 8 41 -3.322835E-04 0 -3.322835E-04
 8 42 -5.631268E-05 0 -5.631268E-05
 8 43 -5.95902E-05 0 -5.95902E-05
 8 44 -3.215958E-05 0 -3.215958E-05
 8 45 -3.44916E-05 0 -3.44916E-05
 8 46 -9.381841E-05 0 -9.381841E-05
 8 47 -6.29997E-04 0 -6.29997E-04
 8 48 -6.389105E-05 0 -6.389105E-05
 8 49 -6.935357E-05 0 -6.935357E-05
 8 50 -5.131215E-04 0 -5.131215E-04
 8 51 -2.020262E-04 0 -2.020262E-04
 8 52 -7.203367E-05 0 -7.203367E-05
 8 53 -1.071323E-04 0 -1.071323E-04
 8 54 -9.763523E-04 0 -9.763523E-04
 8 55 -1.836741E-04 0 -1.836741E-04
 8 56 -5.181543E-05 0 -5.181543E-05
 8 57 -1.272676E-04 0 -1.272676E-04
 8 58 -2.404456E-04 0 -2.404456E-04
 8 59 -9.134846E-05 0 -9.134846E-05
 8 60 -8.965117E-04 0 -8.965117E-04
 8 61 -1.73847E-04 0 -1.73847E-04
 8 62 -2.226978E-04 0 -2.226978E-04
 8 63 -1.229888E-04 0 -1.229888E-04
 8 64 -4.331028E-04 0 -4.331028E-04
 8 65 -1.068065E-03 0 -1.068065E-03
 8 66 -2.457017E-03 0 -2.457017E-03
 8 67 -1.12198E-02 0 -1.12198E-02
 8 68 -2.412014E-02 0 -2.412014E-02
 8 69 -2.408077E-02 0 -2.408077E-02
 8 70 -3.886124E-03 0 -3.886124E-03
 8 71 -2.941955E-03 0 -2.941955E-03
 8 72 -1.63191E-03 0 -1.63191E-03
 8 73 -1.843627E-03 0 -1.843627E-03
 8 74 -2.672933E-03 0 -2.672933E-03
 8 75 -2.175158E-04 0 -2.175158E-04
 8 76 -9.433777E-05 0 -9.433777E-05
 8 77 -4.486041E-05 0 -4.486041E-05
 8 78 -1.463191E-04 0 -1.463191E-04
 8 79 -9.279594E-05 0 -9.279594E-05
 8 80 -5.892853E-04 0 -5.892853E-04
 8 81 -6.460382E-05 0 -6.460382E-05
 8 82 -5.974447E-05 0 -5.974447E-05
 8 83 -7.189357E-04 0 -7.189357E-04
 8 84 -1.711394E-04 0 -1.711394E-04
 8 85 -1.642592E-03 0 -1.642592E-03
 8 86 -5.849713E-04 0 -5.849713E-04
 8 87 -3.027638E-04 0 -3.027638E-04
 8 88 -5.760308E-04 0 -5.760308E-04
 8 89 -1.420903E-03 0 -1.420903E-03
 8 90 -8.418232E-03 0 -8.418232E-03
 8 91 -3.008743E-02 0 -3.008743E-02
 8 92 -5.004385E-02 0 -5.004385E-02
 8 93 -4.087837E-02 0 -4.087837E-02
 8 94 -1.977902E-02 0 -1.977902E-02
 8 95 -7.370426E-03 0 -7.370426E-03
 8 96 -1.365651E-03 0 -1.365651E-03
 8 97 -2.31978E-03 0 -2.31978E-03
 8 98 -3.373123E-04 0 -3.373123E-04
 8 99 -6.604634E-05 0 -6.604634E-05
 8 100 -4.391845E-05 0 -4.391845E-05
 9 25 -3.256028E-04 0 -3.256028E-04
 9 26 -2.107659E-04 0 -2.107659E-04
 9 27 -2.041286E-03 0 -2.041286E-03
 9 28 -5.016647E-03 0 -5.016647E-03
 9 29 -5.06008E-03 0 -5.06008E-03
 9 30 -4.245969E-03 0 -4.245969E-03
 9 31 -4.927681E-03 0 -4.927681E-03
 9 32 -5.220528E-02 0 -5.220528E-02
 9 33 -4.918982E-03 0 -4.918982E-03
 9 34 -3.259606E-03 0 -3.259606E-03
 9 35 -1.440989E-03 0 -1.440989E-03
 9 36 -2.08773E-03 0 -2.08773E-03
 9 37 -2.117307E-03 0 -2.117307E-03
 9 38 -3.448001E-04 0 -3.448001E-04
 9 39 -9.15339E-04 0 -9.15339E-04
 9 40 -8.439381E-05 0 -8.439381E-05
 9 41 -2.890566E-04 0 -2.890566E-04
 9 42 -4.540641E-05 0 -4.540641E-05
 9 43 -5.411234E-05 0 -5.411234E-05
 9 44 -2.913408E-05 0 -2.913408E-05
 9 45 -3.053101E-05 0 -3.053101E-05
 9 46 -9.223406E-05 0 -9.223406E-05
 9 47 -6.255027E-04 0 -6.255027E-04
 9 48 -5.155042E-05 0 -5.155042E-05
 9 49 -4.400732E-05 0 -4.400732E-05
 9 50 -4.227198E-04 0 -4.227198E-04
 9 51 -1.155529E-04 0 -1.155529E-04
 9 52 -4.514347E-05 0 -4.514347E-05
 9 53 -5.608859E-05 0 -5.608859E-05
 9 54 -6.125119E-04 0 -6.125119E-04
 9 55 -1.009828E-04 0 -1.009828E-04
 9 56 -2.869447E-05 0 -2.869447E-05
 9 57 -5.42262E-05 0 -5.42262E-05
 9 58 -1.029798E-04 0 -1.029798E-04
 9 59 -4.441141E-05 0 -4.441141E-05
 9 60 -5.043216E-04 0 -5.043216E-04
 9 61 -9.745885E-05 0 -9.745885E-05
 9 62 -1.408132E-04 0 -1.408132E-04
 9 63 -8.532841E-05 0 -8.532841E-05
 9 64 -2.581139E-04 0 -2.581139E-04
 9 65 -6.109337E-04 0 -6.109337E-04
 9 66 -1.710217E-03 0 -1.710217E-03
 9 67 -1.072298E-02 0 -1.072298E-02
 9 68 -3.32005E-02 0 -3.32005E-02
 9 69 -4.785019E-02 0 -4.785019E-02
 9 70 -1.108069E-02 0 -1.108069E-02
 9 71 -9.077756E-03 0 -9.077756E-03
 9 72 -2.6243E-03 0 -2.6243E-03
 9 73 -2.443839E-03 0 -2.443839E-03
 9 74 -3.569573E-03 0 -3.569573E-03
 9 75 -2.188541E-04 0 -2.188541E-04
 9 76 -8.59024E-05 0 -8.59024E-05
 9 77 -4.380446E-05 0 -4.380446E-05
 9 78 -1.511307E-04 0 -1.511307E-04
 9 79 -1.038037E-04 0 -1.038037E-04
 9 80 -7.474338E-04 0 -7.474338E-04
 9 81 -7.019199E-05 0 -7.019199E-05
 9 82 -7.565512E-05 0 -7.565512E-05
 9 83 -1.081128E-03 0 -1.081128E-03
 9 84 -1.889863E-04 0 -1.889863E-04
 9 85 -2.33357E-03 0 -2.33357E-03
 9 86 -7.023024E-04 0 -7.023024E-04
 9 87 -2.504239E-04 0 -2.504239E-04
 9 88 -4.495147E-04 0 -4.495147E-04
 9 89 -1.285647E-03 0 -1.285647E-03
 9 90 -6.823811E-03 0 -6.823811E-03
 9 91 -2.754025E-02 0 -2.754025E-02
 9 92 -3.216867E-02 0 -3.216867E-02
 9 93 -2.211371E-02 0 -2.211371E-02
 9 94 -1.129679E-02 0 -1.129679E-02
 9 95 -4.242123E-03 0 -4.242123E-03
 9 96 -7.988719E-04 0 -7.988719E-04
 9 97 -1.527018E-03 0 -1.527018E-03
 9 98 -1.880257E-04 0 -1.880257E-04
 9 99 -4.285502E-05 0 -4.285502E-05
 9 100 -2.67211E-05 0 -2.67211E-05
 10 25 -1.886454E-04 0 -1.886454E-04
 10 26 1.917941E-04 0 1.917941E-04
 10 27 -2.128039E-03 0 -2.128039E-03
 10 28 -6.28017E-03 0 -6.28017E-03
 10 29 -4.46453E-03 0 -4.46453E-03
 10 30 0.185544 0.146025 3.951933E-02
 10 31 3.635845E-03 0 3.635845E-03
 10 32 -5.76529E-02 0 -5.76529E-02
 10 33 1.889544E-03 0 1.889544E-03
 10 34 2.108009E-03 0 2.108009E-03
 10 35 8.251955E-02 7.56098E-02 6.909744E-03
 10 36 1.135827E-03 0 1.135827E-03
 10 37 -1.752406E-03 0 -1.752406E-03
 10 38 1.882778E-04 0 1.882778E-04
 10 39 -9.714372E-04 0 -9.714372E-04
 10 40 -2.236737E-02 -2.236761E-02 2.387675E-07
 10 41 -1.768306E-04 0 -1.768306E-04
 10 42 -1.596479E-02 -1.596492E-02 1.28608E-07
 10 43 8.04267E-05 0 8.04267E-05
 10 44 4.101695E-05 0 4.101695E-05
 10 45 -1.512788E-02 -1.512595E-02 -1.928794E-06
 10 46 6.060707E-05 0 6.060707E-05
 10 47 -7.111518E-04 0 -7.111518E-04
 10 48 -2.150063E-02 -2.149697E-02 -3.652922E-06
 10 49 8.518327E-05 0 8.518327E-05
 10 50 -2.980415E-04 0 -2.980415E-04
 10 51 3.110682E-02 3.023177E-02 8.750477E-04
 10 52 6.786579E-05 0 6.786579E-05
 10 53 1.92293E-02 1.887662E-02 3.526745E-04
 10 54 -5.859903E-04 0 -5.859903E-04
 10 55 9.219506E-05 0 9.219506E-05
 10 56 -1.342607E-02 -1.34245E-02 -1.569086E-06
 10 57 1.743138E-02 1.713552E-02 2.95866E-04
 10 58 -2.37904E-02 -2.379067E-02 2.686881E-07
 10 59 4.003648E-05 0 4.003648E-05
 10 60 -4.278085E-04 0 -4.278085E-04
 10 61 1.031466E-04 0 1.031466E-04
 10 62 1.712104E-04 0 1.712104E-04
 10 63 -2.743078E-02 -2.742493E-02 -5.853346E-06
 10 64 2.604474E-04 0 2.604474E-04
 10 65 7.609928E-04 0 7.609928E-04
 10 66 8.964448E-02 8.525612E-02 4.388361E-03
 10 67 -2.696233E-02 0 -2.696233E-02
 10 68 -9.864715E-02 0 -9.864715E-02
 10 69 -0.143678 0 -0.143678
 10 70 1.325156E-02 0 1.325156E-02
 10 71 2.170575E-02 0 2.170575E-02
 10 72 0.173403 0.138943 3.446007E-02
 10 73 4.993777E-03 0 4.993777E-03
 10 74 -6.730421E-03 0 -6.730421E-03
 10 75 -4.271439E-02 -4.271529E-02 8.95537E-07
 10 76 -2.926567E-02 -2.925901E-02 -6.663355E-06
 10 77 5.097285E-05 0 5.097285E-05
 10 78 2.397248E-02 2.371812E-02 2.543582E-04
 10 79 6.752206E-05 0 6.752206E-05
 10 80 -9.203945E-04 0 -9.203945E-04
 10 81 1.063453E-04 0 1.063453E-04
 10 82 -2.524657E-02 -2.52416E-02 -4.970857E-06
 10 83 -1.121875E-03 0 -1.121875E-03
 10 84 3.739227E-04 0 3.739227E-04
 10 85 -2.632004E-03 0 -2.632004E-03
 10 86 6.913873E-04 0 6.913873E-04
 10 87 4.050344E-02 3.901277E-02 1.490666E-03
 10 88 -5.048915E-02 -5.049045E-02 1.301881E-06
 10 89 2.498038E-03 0 2.498038E-03
 10 90 7.086595E-03 0 7.086595E-03
 10 91 -7.459127E-02 0 -7.459127E-02
 10 92 0.165987 0.154419 1.156785E-02
 10 93 -4.859562E-02 0 -4.859562E-02
 10 94 -1.16537E-02 0 -1.16537E-02
 10 95 -5.145891E-03 0 -5.145891E-03
 10 96 5.134424E-02 5.012602E-02 1.218222E-03
 10 97 -1.26795E-03 0 -1.26795E-03
 10 98 2.129891E-02 2.109535E-02 2.035612E-04
 10 99 3.121928E-05 0 3.121928E-05
 10 100 1.74982E-05 0 1.74982E-05
 11 25 -2.776412E-05 0 -2.776412E-05
 11 26 2.462025E-04 0 2.462025E-04
 11 27 -6.768498E-04 0 -6.768498E-04
 11 28 -2.729788E-03 0 -2.729788E-03
 11 29 -1.177543E-03 0 -1.177543E-03
 11 30 0.23373 0.16673 6.699968E-02
 11 31 2.632397E-02 0 2.632397E-02
 11 32 -6.221951E-02 0 -6.221951E-02
 11 33 2.144564E-02 0 2.144564E-02
 11 34 1.132007E-02 0 1.132007E-02
 11 35 0.112756 9.73437E-02 1.541208E-02
 11 36 3.28466E-03 0 3.28466E-03
 11 37 -9.911394E-04 0 -9.911394E-04
 11 38 4.074206E-04 0 4.074206E-04
 11 39 -5.031612E-04 0 -5.031612E-04
 11 40 -2.005773E-02 -2.01375E-02 7.977223E-05
 11 41 -3.478429E-05 0 -3.478429E-05
 11 42 -1.335773E-02 -1.339631E-02 3.858536E-05
 11 43 8.86871E-05 0 8.86871E-05
 11 44 4.926234E-05 0 4.926234E-05
 11 45 -1.315625E-02 -1.319696E-02 4.071385E-05
 11 46 1.154028E-04 0 1.154028E-04
 11 47 -3.085404E-04 0 -3.085404E-04
 11 48 -2.179664E-02 -2.189769E-02 1.010564E-04
 11 49 1.290647E-04 0 1.290647E-04
 11 50 -7.365607E-05 0 -7.365607E-05
 11 51 3.459872E-02 3.335035E-02 1.248362E-03
 11 52 1.403949E-04 0 1.403949E-04
 11 53 2.104822E-02 2.056625E-02 4.819657E-04
 11 54 -3.924994E-04 0 -3.924994E-04
 11 55 2.622127E-04 0 2.622127E-04
 11 56 -1.609405E-02 -1.61519E-02 5.784834E-05
 11 57 2.107859E-02 2.059535E-02 4.832401E-04
 11 58 -3.069325E-02 -3.087666E-02 1.834092E-04
 11 59 1.26792E-04 0 1.26792E-04
 11 60 -4.054585E-04 0 -4.054585E-04
 11 61 3.756815E-04 0 3.756815E-04
 11 62 5.491783E-04 0 5.491783E-04
 11 63 -3.493298E-02 -3.519335E-02 2.603716E-04
 11 64 1.055164E-03 0 1.055164E-03
 11 65 3.174369E-03 0 3.174369E-03
 11 66 0.125843 0.10833 1.751278E-02
 11 67 -1.878905E-02 0 -1.878905E-02
 11 68 -3.626162E-02 0 -3.626162E-02
 11 69 -2.728279E-02 0 -2.728279E-02
 11 70 4.822416E-03 0 4.822416E-03
 11 71 9.116641E-03 0 9.116641E-03
 11 72 0.120958 0.103044 1.791428E-02
 11 73 7.261514E-03 0 7.261514E-03
 11 74 -2.883877E-03 0 -2.883877E-03
 11 75 -4.020909E-02 -4.053427E-02 3.251745E-04
 11 76 -2.931181E-02 -2.949272E-02 1.809062E-04
 11 77 8.334439E-05 0 8.334439E-05
 11 78 2.078773E-02 2.038134E-02 4.063921E-04
 11 79 1.093065E-04 0 1.093065E-04
 11 80 -3.136175E-04 0 -3.136175E-04
 11 81 1.016412E-04 0 1.016412E-04
 11 82 -1.817486E-02 -1.824689E-02 7.202912E-05
 11 83 -1.761646E-04 0 -1.761646E-04
 11 84 2.484702E-04 0 2.484702E-04
 11 85 -5.238709E-04 0 -5.238709E-04
 11 86 4.989176E-04 0 4.989176E-04
 11 87 2.794335E-02 2.712254E-02 8.208133E-04
 11 88 -3.697029E-02 -3.724134E-02 2.710499E-04
 11 89 1.660944E-03 0 1.660944E-03
 11 90 7.193916E-03 0 7.193916E-03
 11 91 -2.580338E-02 0 -2.580338E-02
 11 92 0.276667 0.164968 0.111699
 11 93 -7.179628E-02 0 -7.179628E-02
 11 94 -1.203569E-02 0 -1.203569E-02
 11 95 -1.0464E-02 0 -1.0464E-02
 11 96 8.616607E-02 7.856127E-02 7.604799E-03
 11 97 -2.229435E-03 0 -2.229435E-03
 11 98 3.474469E-02 3.365395E-02 1.090742E-03
 11 99 1.24626E-04 0 1.24626E-04
 11 100 6.948684E-05 0 6.948684E-05
 12 25 -5.312189E-05 0 -5.312189E-05
 12 26 1.960823E-05 0 1.960823E-05
 12 27 -3.66829E-04 0 -3.66829E-04
 12 28 -8.787451E-04 0 -8.787451E-04
 12 29 -1.010349E-03 0 -1.010349E-03
 12 30 2.226083E-03 0 2.226083E-03
 12 31 -9.637141E-05 0 -9.637141E-05
 12 32 -3.50213E-02 0 -3.50213E-02
 12 33 -1.120191E-04 0 -1.120191E-04
 12 34 -3.177033E-05 0 -3.177033E-05
 12 35 7.40254E-04 0 7.40254E-04
 12 36 -1.810338E-05 0 -1.810338E-05
 12 37 -4.347096E-04 0 -4.347096E-04
 12 38 -3.420095E-06 0 -3.420095E-06
 12 39 -2.178525E-04 0 -2.178525E-04
 12 40 2.682001E-05 0 2.682001E-05
 12 41 -6.290999E-05 0 -6.290999E-05
 12 42 1.596315E-05 0 1.596315E-05
 12 43 4.871732E-06 0 4.871732E-06
 12 44 2.960234E-06 0 2.960234E-06
 12 45 1.071549E-05 0 1.071549E-05
 12 46 -1.664729E-06 0 -1.664729E-06
 12 47 -2.479093E-04 0 -2.479093E-04
 12 48 2.555665E-05 0 2.555665E-05
 12 49 1.304393E-05 0 1.304393E-05
 12 50 -1.273415E-04 0 -1.273415E-04
 12 51 1.226097E-04 0 1.226097E-04
 12 52 6.73056E-06 0 6.73056E-06
 12 53 4.766555E-05 0 4.766555E-05
 12 54 -2.323136E-04 0 -2.323136E-04
 12 55 2.185196E-05 0 2.185196E-05
 12 56 1.235371E-05 0 1.235371E-05
 12 57 4.490391E-05 0 4.490391E-05
 12 58 5.473843E-05 0 5.473843E-05
 12 59 -8.783129E-07 0 -8.783129E-07
 12 60 -2.732154E-04 0 -2.732154E-04
 12 61 1.675233E-05 0 1.675233E-05
 12 62 2.408606E-05 0 2.408606E-05
 12 63 7.106145E-05 0 7.106145E-05
 12 64 1.087725E-04 0 1.087725E-04
 12 65 2.419359E-04 0 2.419359E-04
 12 66 9.473252E-04 0 9.473252E-04
 12 67 -6.847737E-03 0 -6.847737E-03
 12 68 -2.054035E-02 0 -2.054035E-02
 12 69 -1.357053E-02 0 -1.357053E-02
 12 70 -7.337393E-04 0 -7.337393E-04
 12 71 -1.660378E-04 0 -1.660378E-04
 12 72 3.656556E-03 0 3.656556E-03
 12 73 9.376574E-04 0 9.376574E-04
 12 74 -1.922558E-03 0 -1.922558E-03
 12 75 1.712316E-04 0 1.712316E-04
 12 76 5.13643E-05 0 5.13643E-05
 12 77 -8.924212E-07 0 -8.924212E-07
 12 78 3.650368E-05 0 3.650368E-05
 12 79 -1.721176E-06 0 -1.721176E-06
 12 80 -2.13019E-04 0 -2.13019E-04
 12 81 6.436134E-06 0 6.436134E-06
 12 82 2.38092E-05 0 2.38092E-05
 12 83 -1.934749E-04 0 -1.934749E-04
 12 84 3.085093E-05 0 3.085093E-05
 12 85 -4.233591E-04 0 -4.233591E-04
 12 86 4.799653E-05 0 4.799653E-05
 12 87 8.663794E-05 0 8.663794E-05
 12 88 8.345505E-05 0 8.345505E-05
 12 89 5.70065E-05 0 5.70065E-05
 12 90 -4.182353E-05 0 -4.182353E-05
 12 91 -6.280563E-03 0 -6.280563E-03
 12 92 -1.700714E-03 0 -1.700714E-03
 12 93 -1.51646E-02 0 -1.51646E-02
 12 94 -1.391571E-02 0 -1.391571E-02
 12 95 -5.336341E-03 0 -5.336341E-03
 12 96 6.921161E-04 0 6.921161E-04
 12 97 -2.268754E-03 0 -2.268754E-03
 12 98 1.250216E-04 0 1.250216E-04
 12 99 -2.001201E-06 0 -2.001201E-06
 12 100 -1.109168E-06 0 -1.109168E-06
 13 25 -3.500746E-04 0 -3.500746E-04
 13 26 -2.019294E-04 0 -2.019294E-04
 13 27 -1.957353E-03 0 -1.957353E-03
 13 28 -3.818258E-03 0 -3.818258E-03
 13 29 -5.000194E-03 0 -5.000194E-03
 13 30 -2.907744E-03 0 -2.907744E-03
 13 31 -4.311374E-03 0 -4.311374E-03
 13 32 -4.599028E-02 0 -4.599028E-02
 13 33 -2.793557E-03 0 -2.793557E-03
 13 34 -1.122481E-03 0 -1.122481E-03
 13 35 -6.765671E-04 0 -6.765671E-04
 13 36 -1.052791E-03 0 -1.052791E-03
 13 37 -1.475535E-03 0 -1.475535E-03
 13 38 -2.655569E-04 0 -2.655569E-04
 13 39 -9.47961E-04 0 -9.47961E-04
 13 40 -9.304857E-05 0 -9.304857E-05
 13 41 -3.962088E-04 0 -3.962088E-04
 13 42 -6.515421E-05 0 -6.515421E-05
 13 43 -8.531563E-05 0 -8.531563E-05
 13 44 -5.064704E-05 0 -5.064704E-05
 13 45 -5.649598E-05 0 -5.649598E-05
 13 46 -2.120807E-04 0 -2.120807E-04
 13 47 -1.641118E-03 0 -1.641118E-03
 13 48 -1.2849E-04 0 -1.2849E-04
 13 49 -8.690024E-05 0 -8.690024E-05
 13 50 -8.008706E-04 0 -8.008706E-04
 13 51 -2.491737E-04 0 -2.491737E-04
 13 52 -8.353135E-05 0 -8.353135E-05
 13 53 -8.491221E-05 0 -8.491221E-05
 13 54 -9.375924E-04 0 -9.375924E-04
 13 55 -1.6522E-04 0 -1.6522E-04
 13 56 -4.003275E-05 0 -4.003275E-05
 13 57 -6.417111E-05 0 -6.417111E-05
 13 58 -1.241632E-04 0 -1.241632E-04
 13 59 -6.293806E-05 0 -6.293806E-05
 13 60 -8.887214E-04 0 -8.887214E-04
 13 61 -2.1352E-04 0 -2.1352E-04
 13 62 -3.697597E-04 0 -3.697597E-04
 13 63 -2.797128E-04 0 -2.797128E-04
 13 64 -7.979796E-04 0 -7.979796E-04
 13 65 -1.907085E-03 0 -1.907085E-03
 13 66 -8.551452E-03 0 -8.551452E-03
 13 67 -4.993017E-02 0 -4.993017E-02
 13 68 -0.265571 0 -0.265571
 13 69 -0.221701 0 -0.221701
 13 70 -4.964096E-02 0 -4.964096E-02
 13 71 -0.13485 0 -0.13485
 13 72 -3.426864E-02 0 -3.426864E-02
 13 73 -2.795962E-02 0 -2.795962E-02
 13 74 -1.971883E-02 0 -1.971883E-02
 13 75 -1.049321E-03 0 -1.049321E-03
 13 76 -3.035664E-04 0 -3.035664E-04
 13 77 -1.381871E-04 0 -1.381871E-04
 13 78 -4.571151E-04 0 -4.571151E-04
 13 79 -2.47286E-04 0 -2.47286E-04
 13 80 -1.609288E-03 0 -1.609288E-03
 13 81 -1.337305E-04 0 -1.337305E-04
 13 82 -1.787415E-04 0 -1.787415E-04
 13 83 -2.784881E-03 0 -2.784881E-03
 13 84 -3.356261E-04 0 -3.356261E-04
 13 85 -3.641887E-03 0 -3.641887E-03
 13 86 -7.128838E-04 0 -7.128838E-04
 13 87 -2.177764E-04 0 -2.177764E-04
 13 88 -3.270945E-04 0 -3.270945E-04
 13 89 -1.010894E-03 0 -1.010894E-03
 13 90 -4.754677E-03 0 -4.754677E-03
 13 91 -4.178642E-02 0 -4.178642E-02
 13 92 -6.531476E-02 0 -6.531476E-02
 13 93 -5.367228E-02 0 -5.367228E-02
 13 94 -4.921907E-02 0 -4.921907E-02
 13 95 -1.401741E-02 0 -1.401741E-02
 13 96 -3.416733E-03 0 -3.416733E-03
 13 97 -5.152799E-03 0 -5.152799E-03
 13 98 -5.190191E-04 0 -5.190191E-04
 13 99 -1.254805E-04 0 -1.254805E-04
 13 100 -6.305601E-05 0 -6.305601E-05
 14 25 -6.666343E-05 0 -6.666343E-05
 14 26 1.462595E-04 0 1.462595E-04
 14 27 -5.836747E-04 0 -5.836747E-04
 14 28 -1.422048E-03 0 -1.422048E-03
 14 29 -9.454481E-04 0 -9.454481E-04
 14 30 -0.100252 -0.103377 3.125215E-03
 14 31 2.84546E-03 0 2.84546E-03
 14 32 -2.896049E-02 0 -2.896049E-02
 14 33 1.330418E-03 0 1.330418E-03
 14 34 9.396106E-04 0 9.396106E-04
 14 35 -5.202125E-02 -5.260352E-02 5.8227E-04
 14 36 4.075201E-04 0 4.075201E-04
 14 37 -4.86755E-04 0 -4.86755E-04
 14 38 1.044786E-04 0 1.044786E-04
 14 39 -3.89426E-04 0 -3.89426E-04
 14 40 1.98819E-02 1.970897E-02 1.729286E-04
 14 41 -6.062868E-05 0 -6.062868E-05
 14 42 1.608053E-02 1.596247E-02 1.18062E-04
 14 43 6.768777E-05 0 6.768777E-05
 14 44 4.160922E-05 0 4.160922E-05
 14 45 1.828155E-02 1.81643E-02 1.172496E-04
 14 46 1.083509E-04 0 1.083509E-04
 14 47 -8.049388E-04 0 -8.049388E-04
 14 48 3.361404E-02 3.323479E-02 3.792486E-04
 14 49 1.263829E-04 0 1.263829E-04
 14 50 -1.682454E-04 0 -1.682454E-04
 14 51 -4.315994E-02 -4.354019E-02 3.802487E-04
 14 52 1.064994E-04 0 1.064994E-04
 14 53 -2.264113E-02 -2.274144E-02 1.003063E-04
 14 54 -4.622257E-04 0 -4.622257E-04
 14 55 2.139947E-04 0 2.139947E-04
 14 56 1.679768E-02 1.669695E-02 1.007272E-04
 14 57 -1.886671E-02 -1.893793E-02 7.121705E-05
 14 58 2.766234E-02 2.733846E-02 3.238777E-04
 14 59 8.652425E-05 0 8.652425E-05
 14 60 -5.072121E-04 0 -5.072121E-04
 14 61 3.71825E-04 0 3.71825E-04
 14 62 7.12584E-04 0 7.12584E-04
 14 63 5.772767E-02 5.65048E-02 1.222866E-03
 14 64 1.704201E-03 0 1.704201E-03
 14 65 4.905486E-03 0 4.905486E-03
 14 66 -0.187429 -0.187469 3.98046E-05
 14 67 -6.809603E-02 0 -6.809603E-02
 14 68 0.168544 0 0.168544
 14 69 -8.230268E-02 0 -8.230268E-02
 14 70 9.350232E-03 0 9.350232E-03
 14 71 5.330583E-02 0 5.330583E-02
 14 72 -0.212598 -0.245956 3.335767E-02
 14 73 6.380153E-02 0 6.380153E-02
 14 74 -1.62007E-02 0 -1.62007E-02
 14 75 8.496005E-02 8.119638E-02 3.763667E-03
 14 76 5.378367E-02 5.274185E-02 1.041822E-03
 14 77 1.839894E-04 0 1.839894E-04
 14 78 -3.5552E-02 -3.55526E-02 6.035367E-07
 14 79 1.09571E-04 0 1.09571E-04
 14 80 -6.197422E-04 0 -6.197422E-04
 14 81 9.673061E-05 0 9.673061E-05
 14 82 2.895567E-02 2.867506E-02 2.806043E-04
 14 83 -5.559801E-04 0 -5.559801E-04
 14 84 2.503497E-04 0 2.503497E-04
 14 85 -8.570171E-04 0 -8.570171E-04
 14 86 3.639216E-04 0 3.639216E-04
 14 87 -2.565291E-02 -2.578077E-02 1.278544E-04
 14 88 3.203717E-02 3.160317E-02 4.340012E-04
 14 89 6.045887E-04 0 6.045887E-04
 14 90 1.557471E-03 0 1.557471E-03
 14 91 -2.144244E-02 0 -2.144244E-02
 14 92 -0.130688 -0.14097 1.028201E-02
 14 93 -6.536428E-02 0 -6.536428E-02
 14 94 -3.343796E-02 0 -3.343796E-02
 14 95 -1.879753E-02 0 -1.879753E-02
 14 96 -0.121842 -0.121854 1.196303E-05
 14 97 -4.505191E-03 0 -4.505191E-03
 14 98 -4.500782E-02 -4.500882E-02 1.005169E-06
 14 99 1.878484E-04 0 1.878484E-04
 14 100 8.108338E-05 0 8.108338E-05
 15 25 -2.24581E-04 0 -2.24581E-04
 15 26 -1.485856E-04 0 -1.485856E-04
 15 27 -1.165088E-03 0 -1.165088E-03
 15 28 -2.361129E-03 0 -2.361129E-03
 15 29 -4.073747E-03 0 -4.073747E-03
 15 30 -3.176693E-03 0 -3.176693E-03
 15 31 -7.115043E-03 0 -7.115043E-03
 15 32 -0.102823 0 -0.102823
 15 33 -6.401733E-03 0 -6.401733E-03
 15 34 -1.516282E-03 0 -1.516282E-03
 15 35 -9.95353E-04 0 -9.95353E-04
 15 36 -9.130135E-04 0 -9.130135E-04
 15 37 -1.347401E-03 0 -1.347401E-03
 15 38 -2.266503E-04 0 -2.266503E-04
 15 39 -7.842544E-04 0 -7.842544E-04
 15 40 -8.976269E-05 0 -8.976269E-05
 15 41 -3.237904E-04 0 -3.237904E-04
 15 42 -6.011331E-05 0 -6.011331E-05
 15 43 -6.875604E-05 0 -6.875604E-05
 15 44 -4.645234E-05 0 -4.645234E-05
 15 45 -5.676832E-05 0 -5.676832E-05
 15 46 -2.129228E-04 0 -2.129228E-04
 15 47 -1.720479E-03 0 -1.720479E-03
 15 48 -1.939081E-04 0 -1.939081E-04
 15 49 -1.408443E-04 0 -1.408443E-04
 15 50 -8.93433E-04 0 -8.93433E-04
 15 51 -4.970798E-04 0 -4.970798E-04
 15 52 -1.488117E-04 0 -1.488117E-04
 15 53 -1.488751E-04 0 -1.488751E-04
 15 54 -1.381826E-03 0 -1.381826E-03
 15 55 -3.385949E-04 0 -3.385949E-04
 15 56 -7.176266E-05 0 -7.176266E-05
 15 57 -1.262222E-04 0 -1.262222E-04
 15 58 -2.551381E-04 0 -2.551381E-04
 15 59 -1.446106E-04 0 -1.446106E-04
 15 60 -2.214706E-03 0 -2.214706E-03
 15 61 -6.546597E-04 0 -6.546597E-04
 15 62 -9.988321E-04 0 -9.988321E-04
 15 63 -9.643711E-04 0 -9.643711E-04
 15 64 -3.796255E-03 0 -3.796255E-03
 15 65 -7.556666E-03 0 -7.556666E-03
 15 66 -3.024014E-02 0 -3.024014E-02
 15 67 -6.063896E-02 0 -6.063896E-02
 15 68 -0.144141 0 -0.144141
 15 69 -4.388052E-02 0 -4.388052E-02
 15 70 -5.790267E-03 0 -5.790267E-03
 15 71 -1.396677E-02 0 -1.396677E-02
 15 72 -1.4401E-02 0 -1.4401E-02
 15 73 -2.706341E-02 0 -2.706341E-02
 15 74 -1.633492E-02 0 -1.633492E-02
 15 75 -1.515698E-03 0 -1.515698E-03
 15 76 -4.897202E-04 0 -4.897202E-04
 15 77 -1.844913E-04 0 -1.844913E-04
 15 78 -4.764682E-04 0 -4.764682E-04
 15 79 -2.011804E-04 0 -2.011804E-04
 15 80 -9.667071E-04 0 -9.667071E-04
 15 81 -9.166074E-05 0 -9.166074E-05
 15 82 -1.110851E-04 0 -1.110851E-04
 15 83 -1.269189E-03 0 -1.269189E-03
 15 84 -1.885921E-04 0 -1.885921E-04
 15 85 -1.386578E-03 0 -1.386578E-03
 15 86 -2.899425E-04 0 -2.899425E-04
 15 87 -1.297886E-04 0 -1.297886E-04
 15 88 -1.829582E-04 0 -1.829582E-04
 15 89 -4.395627E-04 0 -4.395627E-04
 15 90 -1.866943E-03 0 -1.866943E-03
 15 91 -1.85792E-02 0 -1.85792E-02
 15 92 -4.4203E-02 0 -4.4203E-02
 15 93 -9.874659E-02 0 -9.874659E-02
 15 94 -0.282337 0 -0.282337
 15 95 -9.926573E-02 0 -9.926573E-02
 15 96 -3.893394E-02 0 -3.893394E-02
 15 97 -5.342486E-02 0 -5.342486E-02
 15 98 -4.038753E-03 0 -4.038753E-03
 15 99 -8.417945E-04 0 -8.417945E-04
 15 100 -3.605872E-04 0 -3.605872E-04
 16 25 -1.74504E-05 0 -1.74504E-05
 16 26 2.47164E-05 0 2.47164E-05
 16 27 -1.057031E-04 0 -1.057031E-04
 16 28 -2.455096E-04 0 -2.455096E-04
 16 29 -1.760859E-04 0 -1.760859E-04
 16 30 6.888145E-04 0 6.888145E-04
 16 31 1.519117E-04 0 1.519117E-04
 16 32 -3.402993E-03 0 -3.402993E-03
 16 33 1.335176E-04 0 1.335176E-04
 16 34 6.077958E-05 0 6.077958E-05
 16 35 2.342876E-04 0 2.342876E-04
 16 36 3.219077E-05 0 3.219077E-05
 16 37 -9.384876E-05 0 -9.384876E-05
 16 38 1.017354E-05 0 1.017354E-05
 16 39 -8.03642E-05 0 -8.03642E-05
 16 40 1.912628E-05 0 1.912628E-05
 16 41 -2.265601E-05 0 -2.265601E-05
 16 42 1.526765E-05 0 1.526765E-05
 16 43 1.116729E-05 0 1.116729E-05
 16 44 7.873924E-06 0 7.873924E-06
 16 45 1.391144E-05 0 1.391144E-05
 16 46 1.375764E-05 0 1.375764E-05
 16 47 -1.743456E-04 0 -1.743456E-04
 16 48 3.98598E-05 0 3.98598E-05
 16 49 2.396224E-05 0 2.396224E-05
 16 50 -5.416123E-05 0 -5.416123E-05
 16 51 1.628061E-04 0 1.628061E-04
 16 52 1.645566E-05 0 1.645566E-05
 16 53 5.192955E-05 0 5.192955E-05
 16 54 -9.653453E-05 0 -9.653453E-05
 16 55 3.9965E-05 0 3.9965E-05
 16 56 1.176659E-05 0 1.176659E-05
 16 57 3.975961E-05 0 3.975961E-05
 16 58 3.692973E-05 0 3.692973E-05
 16 59 8.022478E-06 0 8.022478E-06
 16 60 -1.327196E-04 0 -1.327196E-04
 16 61 5.857203E-05 0 5.857203E-05
 16 62 9.402315E-05 0 9.402315E-05
 16 63 1.45803E-04 0 1.45803E-04
 16 64 3.459638E-04 0 3.459638E-04
 16 65 5.714184E-04 0 5.714184E-04
 16 66 1.997548E-03 0 1.997548E-03
 16 67 -4.019402E-03 0 -4.019402E-03
 16 68 -1.009276E-02 0 -1.009276E-02
 16 69 -6.637196E-03 0 -6.637196E-03
 16 70 3.813753E-04 0 3.813753E-04
 16 71 3.273038E-03 0 3.273038E-03
 16 72 1.314425E-02 0 1.314425E-02
 16 73 5.435498E-03 0 5.435498E-03
 16 74 -2.196472E-03 0 -2.196472E-03
 16 75 4.145795E-04 0 4.145795E-04
 16 76 1.093248E-04 0 1.093248E-04
 16 77 1.950371E-05 0 1.950371E-05
 16 78 9.371194E-05 0 9.371194E-05
 16 79 1.501154E-05 0 1.501154E-05
 16 80 -1.535797E-04 0 -1.535797E-04
 16 81 1.756896E-05 0 1.756896E-05
 16 82 3.814208E-05 0 3.814208E-05
 16 83 -1.157467E-04 0 -1.157467E-04
 16 84 5.082434E-05 0 5.082434E-05
 16 85 -1.840007E-04 0 -1.840007E-04
 16 86 6.303067E-05 0 6.303067E-05
 16 87 6.556293E-05 0 6.556293E-05
 16 88 4.252445E-05 0 4.252445E-05
 16 89 5.884857E-05 0 5.884857E-05
 16 90 8.370955E-05 0 8.370955E-05
 16 91 -1.526258E-03 0 -1.526258E-03
 16 92 5.017392E-04 0 5.017392E-04
 16 93 -3.87147E-03 0 -3.87147E-03
 16 94 -4.412708E-03 0 -4.412708E-03
 16 95 -3.576999E-03 0 -3.576999E-03
 16 96 2.201057E-03 0 2.201057E-03
 16 97 -2.976049E-03 0 -2.976049E-03
 16 98 3.674755E-04 0 3.674755E-04
 16 99 5.97516E-05 0 5.97516E-05
 16 100 2.639588E-05 0 2.639588E-05
 17 25 -2.534267E-04 0 -2.534267E-04
 17 26 -1.433091E-04 0 -1.433091E-04
 17 27 -1.038794E-03 0 -1.038794E-03
 17 28 -1.578652E-03 0 -1.578652E-03
 17 29 -2.223144E-03 0 -2.223144E-03
 17 30 -1.136789E-03 0 -1.136789E-03
 17 31 -1.687646E-03 0 -1.687646E-03
 17 32 -1.250849E-02 0 -1.250849E-02
 17 33 -1.01139E-03 0 -1.01139E-03
 17 34 -3.360564E-04 0 -3.360564E-04
 17 35 -3.118987E-04 0 -3.118987E-04
 17 36 -3.838871E-04 0 -3.838871E-04
 17 37 -7.040953E-04 0 -7.040953E-04
 17 38 -1.50263E-04 0 -1.50263E-04
 17 39 -6.097844E-04 0 -6.097844E-04
 17 40 -8.344482E-05 0 -8.344482E-05
 17 41 -3.59763E-04 0 -3.59763E-04
 17 42 -7.740925E-05 0 -7.740925E-05
 17 43 -1.042699E-04 0 -1.042699E-04
 17 44 -7.552062E-05 0 -7.552062E-05
 17 45 -8.564393E-05 0 -8.564393E-05
 17 46 -3.673224E-04 0 -3.673224E-04
 17 47 -2.782714E-03 0 -2.782714E-03
 17 48 -2.749092E-04 0 -2.749092E-04
 17 49 -1.729854E-04 0 -1.729854E-04
 17 50 -9.686821E-04 0 -9.686821E-04
 17 51 -4.756297E-04 0 -4.756297E-04
 17 52 -1.392779E-04 0 -1.392779E-04
 17 53 -1.248532E-04 0 -1.248532E-04
 17 54 -9.551835E-04 0 -9.551835E-04
 17 55 -2.294769E-04 0 -2.294769E-04
 17 56 -5.036594E-05 0 -5.036594E-05
 17 57 -7.809654E-05 0 -7.809654E-05
 17 58 -1.298336E-04 0 -1.298336E-04
 17 59 -7.841814E-05 0 -7.841814E-05
 17 60 -1.160468E-03 0 -1.160468E-03
 17 61 -4.383377E-04 0 -4.383377E-04
 17 62 -8.652645E-04 0 -8.652645E-04
 17 63 -9.309787E-04 0 -9.309787E-04
 17 64 -2.245458E-03 0 -2.245458E-03
 17 65 -3.923223E-03 0 -3.923223E-03
 17 66 -2.310705E-02 0 -2.310705E-02
 17 67 -5.646268E-02 0 -5.646268E-02
 17 68 -0.208946 0 -0.208946
 17 69 -8.764774E-02 0 -8.764774E-02
 17 70 -1.82152E-02 0 -1.82152E-02
 17 71 -9.290569E-02 0 -9.290569E-02
 17 72 -0.102066 0 -0.102066
 17 73 -0.132829 0 -0.132829
 17 74 -4.925342E-02 0 -4.925342E-02
 17 75 -4.755211E-03 0 -4.755211E-03
 17 76 -9.877507E-04 0 -9.877507E-04
 17 77 -4.208996E-04 0 -4.208996E-04
 17 78 -1.198512E-03 0 -1.198512E-03
 17 79 -4.241087E-04 0 -4.241087E-04
 17 80 -1.883617E-03 0 -1.883617E-03
 17 81 -1.855475E-04 0 -1.855475E-04
 17 82 -2.880217E-04 0 -2.880217E-04
 17 83 -3.405088E-03 0 -3.405088E-03
 17 84 -3.981264E-04 0 -3.981264E-04
 17 85 -2.399008E-03 0 -2.399008E-03
 17 86 -4.047371E-04 0 -4.047371E-04
 17 87 -1.508017E-04 0 -1.508017E-04
 17 88 -1.713829E-04 0 -1.713829E-04
 17 89 -4.290328E-04 0 -4.290328E-04
 17 90 -1.336463E-03 0 -1.336463E-03
 17 91 -1.344246E-02 0 -1.344246E-02
 17 92 -1.711807E-02 0 -1.711807E-02
 17 93 -2.788143E-02 0 -2.788143E-02
 17 94 -5.333701E-02 0 -5.333701E-02
 17 95 -2.297001E-02 0 -2.297001E-02
 17 96 -1.356999E-02 0 -1.356999E-02
 17 97 -1.437578E-02 0 -1.437578E-02
 17 98 -1.65836E-03 0 -1.65836E-03
 17 99 -4.804987E-04 0 -4.804987E-04
 17 100 -1.844784E-04 0 -1.844784E-04
 18 25 -1.130071E-05 0 -1.130071E-05
 18 26 7.124695E-05 0 7.124695E-05
 18 27 -1.390863E-04 0 -1.390863E-04
 18 28 -3.103873E-04 0 -3.103873E-04
 18 29 -1.207332E-04 0 -1.207332E-04
 18 30 4.6231E-02 4.397421E-02 2.256792E-03
 18 31 1.052902E-03 0 1.052902E-03
 18 32 -3.784866E-03 0 -3.784866E-03
 18 33 6.773831E-04 0 6.773831E-04
 18 34 2.320702E-04 0 2.320702E-04
 18 35 2.583428E-02 2.512792E-02 7.063537E-04
 18 36 1.842472E-04 0 1.842472E-04
 18 37 -1.200127E-04 0 -1.200127E-04
 18 38 7.229905E-05 0 7.229905E-05
 18 39 -1.411761E-04 0 -1.411761E-04
 18 40 -1.165062E-02 -1.168126E-02 3.0634E-05
 18 41 -1.927095E-05 0 -1.927095E-05
 18 42 -1.077399E-02 -1.080091E-02 2.6922E-05
 18 43 6.804693E-05 0 6.804693E-05
 18 44 5.298823E-05 0 5.298823E-05
 18 45 -1.436264E-02 -1.440999E-02 4.735395E-05
 18 46 1.873369E-04 0 1.873369E-04
 18 47 -5.122348E-04 0 -5.122348E-04
 18 48 -3.152182E-02 -3.17318E-02 2.099818E-04
 18 49 1.661896E-04 0 1.661896E-04
 18 50 -6.441107E-05 0 -6.441107E-05
 18 51 3.741459E-02 3.595357E-02 1.461022E-03
 18 52 1.635527E-04 0 1.635527E-04
 18 53 1.747126E-02 1.712657E-02 3.446944E-04
 18 54 -2.243188E-04 0 -2.243188E-04
 18 55 2.228E-04 0 2.228E-04
 18 56 -1.340068E-02 -1.344269E-02 4.201564E-05
 18 57 1.371421E-02 1.348743E-02 2.267766E-04
 18 58 -1.944393E-02 -1.951922E-02 7.529324E-05
 18 59 8.691335E-05 0 8.691335E-05
 18 60 -3.848335E-04 0 -3.848335E-04
 18 61 7.062907E-04 0 7.062907E-04
 18 62 1.318404E-03 0 1.318404E-03
 18 63 -7.339914E-02 -7.487001E-02 1.470872E-03
 18 64 4.432504E-03 0 4.432504E-03
 18 65 6.100243E-03 0 6.100243E-03
 18 66 0.218344 0.163975 5.436942E-02
 18 67 -1.496806E-02 0 -1.496806E-02
 18 68 -1.949925E-02 0 -1.949925E-02
 18 69 -7.401203E-03 0 -7.401203E-03
 18 70 1.806369E-03 0 1.806369E-03
 18 71 7.835911E-03 0 7.835911E-03
 18 72 0.227346 0.163682 6.366453E-02
 18 73 5.081214E-02 0 5.081214E-02
 18 74 -9.39907E-03 0 -9.39907E-03
 18 75 -8.685794E-02 -8.896268E-02 2.104745E-03
 18 76 -5.719394E-02 -5.798512E-02 7.911803E-04
 18 77 3.223665E-04 0 3.223665E-04
 18 78 3.532074E-02 3.419327E-02 1.127468E-03
 18 79 1.79147E-04 0 1.79147E-04
 18 80 -3.242304E-04 0 -3.242304E-04
 18 81 1.031662E-04 0 1.031662E-04
 18 82 -2.196927E-02 -2.207185E-02 1.025846E-04
 18 83 -1.942744E-04 0 -1.942744E-04
 18 84 1.730097E-04 0 1.730097E-04
 18 85 -2.256778E-04 0 -2.256778E-04
 18 86 1.380516E-04 0 1.380516E-04
 18 87 1.308719E-02 1.287759E-02 2.096013E-04
 18 88 -1.485128E-02 -1.489763E-02 4.635239E-05
 18 89 2.1396E-04 0 2.1396E-04
 18 90 4.358653E-04 0 4.358653E-04
 18 91 -2.187508E-03 0 -2.187508E-03
 18 92 5.442305E-02 4.86842E-02 5.73885E-03
 18 93 -8.847108E-03 0 -8.847108E-03
 18 94 -7.34969E-03 0 -7.34969E-03
 18 95 -1.926414E-02 0 -1.926414E-02
 18 96 0.272313 0.190707 8.160539E-02
 18 97 -1.855294E-02 0 -1.855294E-02
 18 98 8.392444E-02 7.675129E-02 7.173149E-03
 18 99 1.304932E-03 0 1.304932E-03
 18 100 3.910323E-04 0 3.910323E-04
 19 25 -1.243308E-05 0 -1.243308E-05
 19 26 2.184769E-05 0 2.184769E-05
 19 27 -6.030824E-05 0 -6.030824E-05
 19 28 -1.15966E-04 0 -1.15966E-04
 19 29 -5.946737E-05 0 -5.946737E-05
 19 30 -2.670238E-02 -2.68408E-02 1.384155E-04
 19 31 1.5827E-04 0 1.5827E-04
 19 32 -1.289589E-03 0 -1.289589E-03
 19 33 1.379963E-04 0 1.379963E-04
 19 34 7.913862E-05 0 7.913862E-05
 19 35 -1.647526E-02 -1.653095E-02 5.569111E-05
 19 36 3.423974E-05 0 3.423974E-05
 19 37 -5.528492E-05 0 -5.528492E-05
 19 38 1.381707E-05 0 1.381707E-05
 19 39 -5.575277E-05 0 -5.575277E-05
 19 40 7.036642E-03 7.005845E-03 3.079702E-05
 19 41 -1.169685E-05 0 -1.169685E-05
 19 42 6.576441E-03 6.5486E-03 2.784078E-05
 19 43 1.53235E-05 0 1.53235E-05
 19 44 1.245878E-05 0 1.245878E-05
 19 45 8.789745E-03 8.755579E-03 3.416572E-05
 19 46 3.173945E-05 0 3.173945E-05
 19 47 -1.795701E-04 0 -1.795701E-04
 19 48 1.882518E-02 1.870152E-02 1.236546E-04
 19 49 3.675927E-05 0 3.675927E-05
 19 50 -3.278637E-05 0 -3.278637E-05
 19 51 -2.055197E-02 -2.063546E-02 8.348842E-05
 19 52 3.225529E-05 0 3.225529E-05
 19 53 -1.01546E-02 -1.017904E-02 2.44472E-05
 19 54 -8.938983E-05 0 -8.938983E-05
 19 55 6.086906E-05 0 6.086906E-05
 19 56 8.322952E-03 8.291571E-03 3.138041E-05
 19 57 -8.292258E-03 -8.309982E-03 1.772444E-05
 19 58 1.220422E-02 1.213062E-02 7.35974E-05
 19 59 2.747658E-05 0 2.747658E-05
 19 60 -1.602888E-04 0 -1.602888E-04
 19 61 1.608837E-04 0 1.608837E-04
 19 62 2.512452E-04 0 2.512452E-04
 19 63 4.571144E-02 4.498477E-02 7.266742E-04
 19 64 8.87623E-04 0 8.87623E-04
 19 65 9.633262E-04 0 9.633262E-04
 19 66 -8.181452E-02 -8.181868E-02 4.166701E-06
 19 67 -2.451137E-03 0 -2.451137E-03
 19 68 -3.473314E-03 0 -3.473314E-03
 19 69 -1.820476E-03 0 -1.820476E-03
 19 70 3.965392E-04 0 3.965392E-04
 19 71 1.819742E-03 0 1.819742E-03
 19 72 -9.413346E-02 -9.675489E-02 2.621424E-03
 19 73 5.154196E-03 0 5.154196E-03
 19 74 -1.870811E-03 0 -1.870811E-03
 19 75 5.202206E-02 5.080831E-02 1.213756E-03
 19 76 3.420384E-02 3.381079E-02 3.930432E-04
 19 77 8.599709E-05 0 8.599709E-05
 19 78 -2.116825E-02 -2.116847E-02 2.151509E-07
 19 79 3.20348E-05 0 3.20348E-05
 19 80 -1.219316E-04 0 -1.219316E-04
 19 81 2.372039E-05 0 2.372039E-05
 19 82 1.452983E-02 1.445172E-02 7.811099E-05
 19 83 -9.893178E-05 0 -9.893178E-05
 19 84 4.436863E-05 0 4.436863E-05
 19 85 -1.000275E-04 0 -1.000275E-04
 19 86 4.349197E-05 0 4.349197E-05
 19 87 -8.134496E-03 -8.151699E-03 1.720347E-05
 19 88 9.360473E-03 9.312651E-03 4.782193E-05
 19 89 4.416268E-05 0 4.416268E-05
 19 90 6.994193E-05 0 6.994193E-05
 19 91 -5.986782E-04 0 -5.986782E-04
 19 92 -2.74746E-02 -2.761821E-02 1.436135E-04
 19 93 -1.878215E-03 0 -1.878215E-03
 19 94 -1.836776E-03 0 -1.836776E-03
 19 95 -4.436686E-03 0 -4.436686E-03
 19 96 -0.119025 -0.119036 1.122014E-05
 19 97 -9.197724E-03 0 -9.197724E-03
 19 98 -6.502641E-02 -6.502877E-02 2.357975E-06
 19 99 8.356679E-04 0 8.356679E-04
 19 100 2.801401E-04 0 2.801401E-04
 20 25 -1.10924E-05 0 -1.10924E-05
 20 26 1.346405E-05 0 1.346405E-05
 20 27 -4.912794E-05 0 -4.912794E-05
 20 28 -9.219122E-05 0 -9.219122E-05
 20 29 -5.929086E-05 0 -5.929086E-05
 20 30 1.670334E-04 0 1.670334E-04
 20 31 3.431521E-05 0 3.431521E-05
 20 32 -5.085517E-04 0 -5.085517E-04
 20 33 2.596445E-05 0 2.596445E-05
 20 34 1.256633E-05 0 1.256633E-05
 20 35 6.271712E-05 0 6.271712E-05
 20 36 9.611797E-06 0 9.611797E-06
 20 37 -3.536354E-05 0 -3.536354E-05
 20 38 4.48929E-06 0 4.48929E-06
 20 39 -4.084049E-05 0 -4.084049E-05
 20 40 1.131894E-05 0 1.131894E-05
 20 41 -1.535228E-05 0 -1.535228E-05
 20 42 1.185597E-05 0 1.185597E-05
 20 43 9.143922E-06 0 9.143922E-06
 20 44 7.596016E-06 0 7.596016E-06
 20 45 1.313439E-05 0 1.313439E-05
 20 46 1.423579E-05 0 1.423579E-05
 20 47 -1.599853E-04 0 -1.599853E-04
 20 48 4.020132E-05 0 4.020132E-05
 20 49 2.109405E-05 0 2.109405E-05
 20 50 -3.86881E-05 0 -3.86881E-05
 20 51 1.171004E-04 0 1.171004E-04
 20 52 1.288902E-05 0 1.288902E-05
 20 53 3.48699E-05 0 3.48699E-05
 20 54 -5.513566E-05 0 -5.513566E-05
 20 55 2.578069E-05 0 2.578069E-05
 20 56 7.764873E-06 0 7.764873E-06
 20 57 2.241367E-05 0 2.241367E-05
 20 58 1.847208E-05 0 1.847208E-05
 20 59 4.670855E-06 0 4.670855E-06
 20 60 -7.793094E-05 0 -7.793094E-05
 20 61 4.396437E-05 0 4.396437E-05
 20 62 7.672769E-05 0 7.672769E-05
 20 63 1.493348E-04 0 1.493348E-04
 20 64 2.564537E-04 0 2.564537E-04
 20 65 3.007862E-04 0 3.007862E-04
 20 66 1.002591E-03 0 1.002591E-03
 20 67 -1.55161E-03 0 -1.55161E-03
 20 68 -2.73865E-03 0 -2.73865E-03
 20 69 -2.098054E-03 0 -2.098054E-03
 20 70 1.476799E-04 0 1.476799E-04
 20 71 1.011656E-03 0 1.011656E-03
 20 72 9.698133E-03 0 9.698133E-03
 20 73 4.212465E-03 0 4.212465E-03
 20 74 -1.949382E-03 0 -1.949382E-03
 20 75 5.989005E-04 0 5.989005E-04
 20 76 1.401789E-04 0 1.401789E-04
 20 77 2.899878E-05 0 2.899878E-05
 20 78 1.269239E-04 0 1.269239E-04
 20 79 1.668319E-05 0 1.668319E-05
 20 80 -1.35559E-04 0 -1.35559E-04
 20 81 1.671893E-05 0 1.671893E-05
 20 82 4.294571E-05 0 4.294571E-05
 20 83 -1.059648E-04 0 -1.059648E-04
 20 84 4.020705E-05 0 4.020705E-05
 20 85 -1.128586E-04 0 -1.128586E-04
 20 86 3.383594E-05 0 3.383594E-05
 20 87 3.486469E-05 0 3.486469E-05
 20 88 1.925802E-05 0 1.925802E-05
 20 89 2.321054E-05 0 2.321054E-05
 20 90 2.516177E-05 0 2.516177E-05
 20 91 -4.398417E-04 0 -4.398417E-04
 20 92 9.006403E-05 0 9.006403E-05
 20 93 -8.698389E-04 0 -8.698389E-04
 20 94 -9.189459E-04 0 -9.189459E-04
 20 95 -1.278873E-03 0 -1.278873E-03
 20 96 1.296416E-03 0 1.296416E-03
 20 97 -1.764742E-03 0 -1.764742E-03
 20 98 3.072476E-04 0 3.072476E-04
 20 99 7.411533E-05 0 7.411533E-05
 20 100 2.788674E-05 0 2.788674E-05
 21 25 -3.284636E-05 0 -3.284636E-05
 21 26 2.100687E-05 0 2.100687E-05
 21 27 -1.342186E-04 0 -1.342186E-04
 21 28 -2.087614E-04 0 -2.087614E-04
 21 29 -1.520736E-04 0 -1.520736E-04
 21 30 2.283816E-02 2.235456E-02 4.835956E-04
 21 31 9.111536E-05 0 9.111536E-05
 21 32 -9.929579E-04 0 -9.929579E-04
 21 33 5.774331E-05 0 5.774331E-05
 21 34 3.059588E-05 0 3.059588E-05
 21 35 1.266643E-02 1.24956E-02 1.708309E-04
 21 36 2.499778E-05 0 2.499778E-05
 21 37 -8.960639E-05 0 -8.960639E-05
 21 38 1.347242E-05 0 1.347242E-05
 21 39 -1.171823E-04 0 -1.171823E-04
 21 40 -8.150658E-03 -8.150701E-03 4.225835E-08
 21 41 -4.832226E-05 0 -4.832226E-05
 21 42 -8.953205E-03 -8.953254E-03 4.893723E-08
 21 43 3.241695E-05 0 3.241695E-05
 21 44 2.901535E-05 0 2.901535E-05
 21 45 -1.312176E-02 -1.312025E-02 -1.508951E-06
 21 46 7.094982E-05 0 7.094982E-05
 21 47 -7.395283E-04 0 -7.395283E-04
 21 48 -2.737844E-02 -2.737261E-02 -5.831174E-06
 21 49 7.588809E-05 0 7.588809E-05
 21 50 -1.44275E-04 0 -1.44275E-04
 21 51 2.595764E-02 2.534184E-02 6.158016E-04
 21 52 5.49335E-05 0 5.49335E-05
 21 53 1.195748E-02 1.180223E-02 1.552587E-04
 21 54 -1.91249E-04 0 -1.91249E-04
 21 55 5.256264E-05 0 5.256264E-05
 21 56 -8.813946E-03 -8.813159E-03 -7.873016E-07
 21 57 8.343268E-03 8.255852E-03 8.74155E-05
 21 58 -1.118144E-02 -1.118151E-02 7.001144E-08
 21 59 1.935855E-05 0 1.935855E-05
 21 60 -2.792556E-04 0 -2.792556E-04
 21 61 1.443681E-04 0 1.443681E-04
 21 62 2.876474E-04 0 2.876474E-04
 21 63 -5.499512E-02 -5.4969E-02 -2.612564E-05
 21 64 6.88878E-04 0 6.88878E-04
 21 65 7.184398E-04 0 7.184398E-04
 21 66 9.256535E-02 8.782977E-02 4.735575E-03
 21 67 -5.756228E-03 0 -5.756228E-03
 21 68 -8.131718E-03 0 -8.131718E-03
 21 69 -4.600292E-03 0 -4.600292E-03
 21 70 5.039198E-04 0 5.039198E-04
 21 71 2.068453E-03 0 2.068453E-03
 21 72 0.180099 0.142881 3.721775E-02
 21 73 1.197557E-02 0 1.197557E-02
 21 74 -1.011818E-02 0 -1.011818E-02
 21 75 -9.020035E-02 -9.02057E-02 5.353911E-06
 21 76 -5.526878E-02 -5.524235E-02 -2.642903E-05
 21 77 2.157421E-04 0 2.157421E-04
 21 78 3.813596E-02 3.749301E-02 6.429454E-04
 21 79 7.9445E-05 0 7.9445E-05
 21 80 -4.882581E-04 0 -4.882581E-04
 21 81 6.002039E-05 0 6.002039E-05
 21 82 -2.413488E-02 -2.413033E-02 -4.554577E-06
 21 83 -5.605042E-04 0 -5.605042E-04
 21 84 1.009528E-04 0 1.009528E-04
 21 85 -3.143084E-04 0 -3.143084E-04
 21 86 4.684339E-05 0 4.684339E-05
 21 87 9.66202E-03 9.552046E-03 1.099739E-04
 21 88 -1.005314E-02 -1.00532E-02 5.88685E-08
 21 89 5.900136E-05 0 5.900136E-05
 21 90 6.601646E-05 0 6.601646E-05
 21 91 -1.116863E-03 0 -1.116863E-03
 21 92 2.41233E-02 2.398948E-02 1.338178E-04
 21 93 -2.349435E-03 0 -2.349435E-03
 21 94 -2.569511E-03 0 -2.569511E-03
 21 95 -4.252221E-03 0 -4.252221E-03
 21 96 9.822617E-02 9.277173E-02 5.454438E-03
 21 97 -5.606715E-03 0 -5.606715E-03
 21 98 4.847313E-02 4.739952E-02 1.073613E-03
 21 99 3.486782E-04 0 3.486782E-04
 21 100 1.083699E-04 0 1.083699E-04
 22 25 -9.668998E-06 0 -9.668998E-06
 22 26 8.494393E-06 0 8.494393E-06
 22 27 -2.952801E-05 0 -2.952801E-05
 22 28 -5.275734E-05 0 -5.275734E-05
 22 29 -2.724727E-05 0 -2.724727E-05
 22 30 7.559848E-05 0 7.559848E-05
 22 31 2.206927E-05 0 2.206927E-05
 22 32 -1.802998E-04 0 -1.802998E-04
 22 33 1.523133E-05 0 1.523133E-05
 22 34 7.440914E-06 0 7.440914E-06
 22 35 3.052948E-05 0 3.052948E-05
 22 36 7.347379E-06 0 7.347379E-06
 22 37 -1.916125E-05 0 -1.916125E-05
 22 38 4.424977E-06 0 4.424977E-06
 22 39 -3.100072E-05 0 -3.100072E-05
 22 40 1.040125E-05 0 1.040125E-05
 22 41 -1.157179E-05 0 -1.157179E-05
 22 42 1.32416E-05 0 1.32416E-05
 22 43 1.258276E-05 0 1.258276E-05
 22 44 1.216819E-05 0 1.216819E-05
 22 45 1.668623E-05 0 1.668623E-05
 22 46 2.620975E-05 0 2.620975E-05
 22 47 -1.576986E-04 0 -1.576986E-04
 22 48 5.406083E-05 0 5.406083E-05
 22 49 2.385382E-05 0 2.385382E-05
 22 50 -3.03636E-05 0 -3.03636E-05
 22 51 1.102576E-04 0 1.102576E-04
 22 52 1.822478E-05 0 1.822478E-05
 22 53 3.214452E-05 0 3.214452E-05
 22 54 -3.997665E-05 0 -3.997665E-05
 22 55 1.911069E-05 0 1.911069E-05
 22 56 7.685406E-06 0 7.685406E-06
 22 57 1.818967E-05 0 1.818967E-05
 22 58 1.527761E-05 0 1.527761E-05
 22 59 5.458847E-06 0 5.458847E-06
 22 60 -5.655949E-05 0 -5.655949E-05
 22 61 5.257112E-05 0 5.257112E-05
 22 62 9.648384E-05 0 9.648384E-05
 22 63 1.864848E-04 0 1.864848E-04
 22 64 1.83003E-04 0 1.83003E-04
 22 65 1.688645E-04 0 1.688645E-04
 22 66 6.458706E-04 0 6.458706E-04
 22 67 -8.102083E-04 0 -8.102083E-04
 22 68 -8.810925E-04 0 -8.810925E-04
 22 69 -8.141858E-04 0 -8.141858E-04
 22 70 1.15264E-04 0 1.15264E-04
 22 71 3.557666E-04 0 3.557666E-04
 22 72 3.926071E-03 0 3.926071E-03
 22 73 1.797965E-03 0 1.797965E-03
 22 74 -1.644373E-03 0 -1.644373E-03
 22 75 9.171354E-04 0 9.171354E-04
 22 76 2.165975E-04 0 2.165975E-04
 22 77 7.070534E-05 0 7.070534E-05
 22 78 2.107877E-04 0 2.107877E-04
 22 79 3.130705E-05 0 3.130705E-05
 22 80 -1.419288E-04 0 -1.419288E-04
 22 81 2.449384E-05 0 2.449384E-05
 22 82 5.435059E-05 0 5.435059E-05
 22 83 -1.08495E-04 0 -1.08495E-04
 22 84 3.473608E-05 0 3.473608E-05
 22 85 -7.376289E-05 0 -7.376289E-05
 22 86 1.913777E-05 0 1.913777E-05
 22 87 2.462936E-05 0 2.462936E-05
 22 88 1.392532E-05 0 1.392532E-05
 22 89 1.809483E-05 0 1.809483E-05
 22 90 1.818084E-05 0 1.818084E-05
 22 91 -2.118701E-04 0 -2.118701E-04
 22 92 4.425599E-05 0 4.425599E-05
 22 93 -3.660003E-04 0 -3.660003E-04
 22 94 -2.727975E-04 0 -2.727975E-04
 22 95 -6.397011E-04 0 -6.397011E-04
 22 96 8.181057E-04 0 8.181057E-04
 22 97 -1.012936E-03 0 -1.012936E-03
 22 98 2.739647E-04 0 2.739647E-04
 22 99 1.099578E-04 0 1.099578E-04
 22 100 3.869268E-05 0 3.869268E-05
 23 25 -9.800869E-06 0 -9.800869E-06
 23 26 1.045236E-05 0 1.045236E-05
 23 27 -3.416649E-05 0 -3.416649E-05
 23 28 -5.434716E-05 0 -5.434716E-05
 23 29 -3.021816E-05 0 -3.021816E-05
 23 30 7.071386E-05 0 7.071386E-05
 23 31 1.242541E-05 0 1.242541E-05
 23 32 -1.442376E-04 0 -1.442376E-04
 23 33 8.322227E-06 0 8.322227E-06
 23 34 4.652975E-06 0 4.652975E-06
 23 35 2.693978E-05 0 2.693978E-05
 23 36 4.664031E-06 0 4.664031E-06
 23 37 -1.930083E-05 0 -1.930083E-05
 23 38 2.80838E-06 0 2.80838E-06
 23 39 -2.743795E-05 0 -2.743795E-05
 23 40 8.701852E-06 0 8.701852E-06
 23 41 -1.298457E-05 0 -1.298457E-05
 23 42 1.15109E-05 0 1.15109E-05
 23 43 9.753951E-06 0 9.753951E-06
 23 44 8.964399E-06 0 8.964399E-06
 23 45 1.40815E-05 0 1.40815E-05
 23 46 1.561272E-05 0 1.561272E-05
 23 47 -1.460605E-04 0 -1.460605E-04
 23 48 3.577825E-05 0 3.577825E-05
 23 49 1.841166E-05 0 1.841166E-05
 23 50 -2.939927E-05 0 -2.939927E-05
 23 51 7.848761E-05 0 7.848761E-05
 23 52 9.342153E-06 0 9.342153E-06
 23 53 2.436658E-05 0 2.436658E-05
 23 54 -3.303821E-05 0 -3.303821E-05
 23 55 1.539301E-05 0 1.539301E-05
 23 56 5.005643E-06 0 5.005643E-06
 23 57 1.354304E-05 0 1.354304E-05
 23 58 9.794166E-06 0 9.794166E-06
 23 59 2.522735E-06 0 2.522735E-06
 23 60 -3.867469E-05 0 -3.867469E-05
 23 61 2.365302E-05 0 2.365302E-05
 23 62 4.478183E-05 0 4.478183E-05
 23 63 8.18021E-05 0 8.18021E-05
 23 64 1.053898E-04 0 1.053898E-04
 23 65 1.178005E-04 0 1.178005E-04
 23 66 3.681996E-04 0 3.681996E-04
 23 67 -6.631612E-04 0 -6.631612E-04
 23 68 -1.073938E-03 0 -1.073938E-03
 23 69 -1.173781E-03 0 -1.173781E-03
 23 70 1.086773E-04 0 1.086773E-04
 23 71 5.477582E-04 0 5.477582E-04
 23 72 7.191264E-03 0 7.191264E-03
 23 73 2.299393E-03 0 2.299393E-03
 23 74 -1.546588E-03 0 -1.546588E-03
 23 75 6.326262E-04 0 6.326262E-04
 23 76 1.351886E-04 0 1.351886E-04
 23 77 3.738782E-05 0 3.738782E-05
 23 78 1.788291E-04 0 1.788291E-04
 23 79 2.174595E-05 0 2.174595E-05
 23 80 -1.542501E-04 0 -1.542501E-04
 23 81 2.182178E-05 0 2.182178E-05
 23 82 6.728857E-05 0 6.728857E-05
 23 83 -1.396396E-04 0 -1.396396E-04
 23 84 4.906097E-05 0 4.906097E-05
 23 85 -1.09363E-04 0 -1.09363E-04
 23 86 3.037641E-05 0 3.037641E-05
 23 87 2.959879E-05 0 2.959879E-05
 23 88 1.411265E-05 0 1.411265E-05
 23 89 1.590931E-05 0 1.590931E-05
 23 90 1.395615E-05 0 1.395615E-05
 23 91 -2.183787E-04 0 -2.183787E-04
 23 92 3.200227E-05 0 3.200227E-05
 23 93 -2.859214E-04 0 -2.859214E-04
 23 94 -2.199904E-04 0 -2.199904E-04
 23 95 -3.413831E-04 0 -3.413831E-04
 23 96 3.109465E-04 0 3.109465E-04
 23 97 -3.98503E-04 0 -3.98503E-04
 23 98 9.556544E-05 0 9.556544E-05
 23 99 2.540621E-05 0 2.540621E-05
 23 100 1.041798E-05 0 1.041798E-05
 24 25 -1.235694E-05 0 -1.235694E-05
 24 26 3.055641E-06 0 3.055641E-06
 24 27 -3.814666E-05 0 -3.814666E-05
 24 28 -5.193251E-05 0 -5.193251E-05
 24 29 -4.518815E-05 0 -4.518815E-05
 24 30 4.120016E-05 0 4.120016E-05
 24 31 -1.576057E-06 0 -1.576057E-06
 24 32 -2.057234E-04 0 -2.057234E-04
 24 33 -1.256018E-06 0 -1.256018E-06
 24 34 -3.651425E-07 0 -3.651425E-07
 24 35 1.74652E-05 0 1.74652E-05
 24 36 -5.672611E-07 0 -5.672611E-07
 24 37 -2.540745E-05 0 -2.540745E-05
 24 38 -3.02956E-07 0 -3.02956E-07
 24 39 -2.73075E-05 0 -2.73075E-05
 24 40 4.970616E-06 0 4.970616E-06
 24 41 -1.60708E-05 0 -1.60708E-05
 24 42 5.789265E-06 0 5.789265E-06
 24 43 2.053494E-06 0 2.053494E-06
 24 44 1.808897E-06 0 1.808897E-06
 24 45 5.896155E-06 0 5.896155E-06
 24 46 -1.077274E-06 0 -1.077274E-06
 24 47 -1.172224E-04 0 -1.172224E-04
 24 48 1.451421E-05 0 1.451421E-05
 24 49 5.715756E-06 0 5.715756E-06
 24 50 -3.461828E-05 0 -3.461828E-05
 24 51 3.303376E-05 0 3.303376E-05
 24 52 2.235614E-06 0 2.235614E-06
 24 53 1.133313E-05 0 1.133313E-05
 24 54 -3.756356E-05 0 -3.756356E-05
 24 55 4.716052E-06 0 4.716052E-06
 24 56 2.865272E-06 0 2.865272E-06
 24 57 7.211583E-06 0 7.211583E-06
 24 58 6.622535E-06 0 6.622535E-06
 24 59 -1.538123E-07 0 -1.538123E-07
 24 60 -4.865311E-05 0 -4.865311E-05
 24 61 5.062311E-06 0 5.062311E-06
 24 62 8.424343E-06 0 8.424343E-06
 24 63 3.897406E-05 0 3.897406E-05
 24 64 3.267147E-05 0 3.267147E-05
 24 65 3.555036E-05 0 3.555036E-05
 24 66 1.363867E-04 0 1.363867E-04
 24 67 -5.587245E-04 0 -5.587245E-04
 24 68 -1.03101E-03 0 -1.03101E-03
 24 69 -8.709053E-04 0 -8.709053E-04
 24 70 -9.284297E-05 0 -9.284297E-05
 24 71 -2.39852E-05 0 -2.39852E-05
 24 72 1.874713E-03 0 1.874713E-03
 24 73 3.873462E-04 0 3.873462E-04
 24 74 -8.820075E-04 0 -8.820075E-04
 24 75 1.906086E-04 0 1.906086E-04
 24 76 4.561871E-05 0 4.561871E-05
 24 77 -1.166518E-06 0 -1.166518E-06
 24 78 4.237114E-05 0 4.237114E-05
 24 79 -1.388839E-06 0 -1.388839E-06
 24 80 -1.056886E-04 0 -1.056886E-04
 24 81 4.075598E-06 0 4.075598E-06
 24 82 2.274836E-05 0 2.274836E-05
 24 83 -1.168248E-04 0 -1.168248E-04
 24 84 1.386399E-05 0 1.386399E-05
 24 85 -1.001254E-04 0 -1.001254E-04
 24 86 8.30174E-06 0 8.30174E-06
 24 87 1.382173E-05 0 1.382173E-05
 24 88 8.505628E-06 0 8.505628E-06
 24 89 4.193395E-06 0 4.193395E-06
 24 90 -1.464942E-06 0 -1.464942E-06
 24 91 -2.133554E-04 0 -2.133554E-04
 24 92 -1.91032E-05 0 -1.91032E-05
 24 93 -3.183391E-04 0 -3.183391E-04
 24 94 -3.69745E-04 0 -3.69745E-04
 24 95 -4.182994E-04 0 -4.182994E-04
 24 96 1.626084E-04 0 1.626084E-04
 24 97 -6.075271E-04 0 -6.075271E-04
 24 98 5.981247E-05 0 5.981247E-05
 24 99 -2.119706E-06 0 -2.119706E-06
 24 100 -9.363937E-07 0 -9.363937E-07
