 1 25 -2.816672E-04 0 -2.816672E-04
 1 26 -3.395818E-05 0 -3.395818E-05
 1 27 -9.573923E-05 0 -9.573923E-05
 1 28 -6.440214E-05 0 -6.440214E-05
 1 29 -3.029578E-05 0 -3.029578E-05
 1 30 -2.918939E-06 0 -2.918939E-06
 1 31 -3.406775E-06 0 -3.406775E-06
 1 32 -1.38065E-05 0 -1.38065E-05
 1 33 -1.647316E-06 0 -1.647316E-06
 1 34 -1.029976E-06 0 -1.029976E-06
 1 35 -1.76876E-06 0 -1.76876E-06
 1 36 -4.174308E-06 0 -4.174308E-06
 1 37 -3.657666E-05 0 -3.657666E-05
 1 38 -1.142768E-05 0 -1.142768E-05
 1 39 -1.357672E-04 0 -1.357672E-04
 1 40 -3.676121E-05 0 -3.676121E-05
 1 41 -3.160564E-04 0 -3.160564E-04
 1 42 -1.609418E-04 0 -1.609418E-04
 1 43 -8.576368E-05 0 -8.576368E-05
 1 44 -2.260169E-04 0 -2.260169E-04
 1 45 -2.043201E-04 0 -2.043201E-04
 1 46 -1.450603E-04 0 -1.450603E-04
 1 47 -3.130258E-04 0 -3.130258E-04
 1 48 -4.549781E-05 0 -4.549781E-05
 1 49 -7.802158E-05 0 -7.802158E-05
 1 50 -1.924147E-04 0 -1.924147E-04
 1 51 -1.987812E-05 0 -1.987812E-05
 1 52 -2.541321E-05 0 -2.541321E-05
 1 53 -2.602926E-05 0 -2.602926E-05
 1 54 -1.012554E-04 0 -1.012554E-04
 1 55 -1.881308E-05 0 -1.881308E-05
 1 56 -1.304933E-05 0 -1.304933E-05
 1 57 -8.603946E-06 0 -8.603946E-06
 1 58 -6.333573E-06 0 -6.333573E-06
 1 59 -4.46713E-06 0 -4.46713E-06
 1 60 -4.1037E-05 0 -4.1037E-05
 1 61 -1.255678E-05 0 -1.255678E-05
 1 62 -1.936145E-05 0 -1.936145E-05
 1 63 -6.974153E-06 0 -6.974153E-06
 1 64 -6.964266E-06 0 -6.964266E-06
 1 65 -8.069066E-06 0 -8.069066E-06
 1 66 -1.441503E-05 0 -1.441503E-05
 1 67 -5.366934E-05 0 -5.366934E-05
 1 68 -3.428159E-05 0 -3.428159E-05
 1 69 -4.600528E-05 0 -4.600528E-05
 1 70 -5.975295E-06 0 -5.975295E-06
 1 71 -2.192487E-06 0 -2.192487E-06
 1 72 -4.047517E-06 0 -4.047517E-06
 1 73 -8.973649E-06 0 -8.973649E-06
 1 74 -9.464161E-05 0 -9.464161E-05
 1 75 -1.74657E-05 0 -1.74657E-05
 1 76 -2.304037E-05 0 -2.304037E-05
 1 77 -3.709102E-05 0 -3.709102E-05
 1 78 -1.403662E-04 0 -1.403662E-04
 1 79 -1.232531E-04 0 -1.232531E-04
 1 80 -4.236178E-04 0 -4.236178E-04
 1 81 -4.847751E-05 0 -4.847751E-05
 1 82 -3.404289E-05 0 -3.404289E-05
 1 83 -1.082202E-04 0 -1.082202E-04
 1 84 -1.948707E-05 0 -1.948707E-05
 1 85 -1.13408E-04 0 -1.13408E-04
 1 86 -1.713434E-05 0 -1.713434E-05
 1 87 -1.184632E-05 0 -1.184632E-05
 1 88 -1.03701E-05 0 -1.03701E-05
 1 89 -5.596233E-06 0 -5.596233E-06
 1 90 -6.81786E-06 0 -6.81786E-06
 1 91 -4.748527E-05 0 -4.748527E-05
 1 92 -1.02E-05 0 -1.02E-05
 1 93 -2.970065E-05 0 -2.970065E-05
 1 94 -1.348905E-05 0 -1.348905E-05
 1 95 -2.114528E-05 0 -2.114528E-05
 1 96 -5.941581E-06 0 -5.941581E-06
 1 97 -1.141669E-05 0 -1.141669E-05
 1 98 -3.357279E-06 0 -3.357279E-06
 1 99 -8.280205E-07 0 -8.280205E-07
 1 100 -5.709877E-07 0 -5.709877E-07
 2 25 -7.39667E-05 0 -7.39667E-05
 2 26 1.450245E-05 0 1.450245E-05
 2 27 -2.610487E-05 0 -2.610487E-05
 2 28 -2.030281E-05 0 -2.030281E-05
 2 29 -6.815923E-06 0 -6.815923E-06
 2 30 6.038888E-06 0 6.038888E-06
 2 31 8.405724E-07 0 8.405724E-07
 2 32 -4.027253E-06 0 -4.027253E-06
 2 33 4.142634E-07 0 4.142634E-07
 2 34 2.741562E-07 0 2.741562E-07
 2 35 3.655497E-06 0 3.655497E-06
 2 36 1.078491E-06 0 1.078491E-06
 2 37 -9.361686E-06 0 -9.361686E-06
 2 38 2.899314E-06 0 2.899314E-06
 2 39 -3.785997E-05 0 -3.785997E-05
 2 40 3.502501E-05 0 3.502501E-05
 2 41 -6.63505E-05 0 -6.63505E-05
 2 42 1.532255E-04 0 1.532255E-04
 2 43 6.279637E-05 0 6.279637E-05
 2 44 1.512898E-04 0 1.512898E-04
 2 45 1.592593E-04 0 1.592593E-04
 2 46 2.965954E-05 0 2.965954E-05
 2 47 -6.742372E-05 0 -6.742372E-05
 2 48 3.249907E-05 0 3.249907E-05
 2 49 4.252072E-05 0 4.252072E-05
 2 50 -3.553975E-05 0 -3.553975E-05
 2 51 3.212518E-05 0 3.212518E-05
 2 52 1.243892E-05 0 1.243892E-05
 2 53 4.083548E-05 0 4.083548E-05
 2 54 -2.146886E-05 0 -2.146886E-05
 2 55 5.780052E-06 0 5.780052E-06
 2 56 9.579915E-06 0 9.579915E-06
 2 57 1.451562E-05 0 1.451562E-05
 2 58 5.349683E-06 0 5.349683E-06
 2 59 9.408851E-07 0 9.408851E-07
 2 60 -8.653755E-06 0 -8.653755E-06
 2 61 2.807397E-06 0 2.807397E-06
 2 62 4.337552E-06 0 4.337552E-06
 2 63 5.435002E-06 0 5.435002E-06
 2 64 2.316255E-06 0 2.316255E-06
 2 65 2.772859E-06 0 2.772859E-06
 2 66 4.381743E-06 0 4.381743E-06
 2 67 -1.494133E-05 0 -1.494133E-05
 2 68 -8.956817E-06 0 -8.956817E-06
 2 69 -1.501215E-05 0 -1.501215E-05
 2 70 7.362352E-07 0 7.362352E-07
 2 71 6.302306E-07 0 6.302306E-07
 2 72 8.799191E-06 0 8.799191E-06
 2 73 3.523294E-06 0 3.523294E-06
 2 74 -2.660219E-05 0 -2.660219E-05
 2 75 1.560667E-05 0 1.560667E-05
 2 76 1.818681E-05 0 1.818681E-05
 2 77 7.763396E-06 0 7.763396E-06
 2 78 4.246909E-05 0 4.246909E-05
 2 79 2.972804E-05 0 2.972804E-05
 2 80 -1.297248E-04 0 -1.297248E-04
 2 81 3.946907E-05 0 3.946907E-05
 2 82 3.907166E-05 0 3.907166E-05
 2 83 -3.144188E-05 0 -3.144188E-05
 2 84 1.868847E-05 0 1.868847E-05
 2 85 -3.466336E-05 0 -3.466336E-05
 2 86 8.447622E-06 0 8.447622E-06
 2 87 3.002238E-05 0 3.002238E-05
 2 88 1.19315E-05 0 1.19315E-05
 2 89 4.338209E-06 0 4.338209E-06
 2 90 1.865082E-06 0 1.865082E-06
 2 91 -1.431391E-05 0 -1.431391E-05
 2 92 8.516229E-08 0 8.516229E-08
 2 93 -8.364326E-06 0 -8.364326E-06
 2 94 -2.918897E-06 0 -2.918897E-06
 2 95 -5.643042E-06 0 -5.643042E-06
 2 96 1.799978E-06 0 1.799978E-06
 2 97 -3.064391E-06 0 -3.064391E-06
 2 98 1.003524E-06 0 1.003524E-06
 2 99 1.927518E-07 0 1.927518E-07
 2 100 1.338019E-07 0 1.338019E-07
 3 25 -1.167417E-04 0 -1.167417E-04
 3 26 6.01945E-05 0 6.01945E-05
 3 27 -4.18867E-05 0 -4.18867E-05
 3 28 -2.895733E-05 0 -2.895733E-05
 3 29 -5.408229E-06 0 -5.408229E-06
 3 30 -3.041926E-03 -3.046193E-03 4.266918E-06
 3 31 2.260313E-06 0 2.260313E-06
 3 32 -4.929538E-06 0 -4.929538E-06
 3 33 1.053117E-06 0 1.053117E-06
 3 34 1.342439E-06 0 1.342439E-06
 3 35 -1.974675E-03 -1.977159E-03 2.4844E-06
 3 36 3.099479E-06 0 3.099479E-06
 3 37 -1.301432E-05 0 -1.301432E-05
 3 38 9.338985E-06 0 9.338985E-06
 3 39 -6.081699E-05 0 -6.081699E-05
 3 40 1.660859E-02 1.648359E-02 1.24996E-04
 3 41 -7.142149E-05 0 -7.142149E-05
 3 42 4.017277E-02 3.947963E-02 6.931373E-04
 3 43 2.291039E-04 0 2.291039E-04
 3 44 5.911555E-04 0 5.911555E-04
 3 45 4.258723E-02 4.196385E-02 6.233809E-04
 3 46 1.021353E-04 0 1.021353E-04
 3 47 -9.856376E-05 0 -9.856376E-05
 3 48 1.556827E-02 1.548019E-02 8.807914E-05
 3 49 9.921866E-05 0 9.921866E-05
 3 50 -3.080501E-05 0 -3.080501E-05
 3 51 -9.870052E-03 -9.893403E-03 2.335076E-05
 3 52 2.839279E-05 0 2.839279E-05
 3 53 -1.182736E-02 -1.185878E-02 3.141251E-05
 3 54 -2.909147E-05 0 -2.909147E-05
 3 55 1.704489E-05 0 1.704489E-05
 3 56 7.039169E-03 7.014869E-03 2.430075E-05
 3 57 -5.736082E-03 -5.746269E-03 1.018706E-05
 3 58 3.944633E-03 3.931136E-03 1.349725E-05
 3 59 4.486938E-06 0 4.486938E-06
 3 60 -1.017732E-05 0 -1.017732E-05
 3 61 9.374154E-06 0 9.374154E-06
 3 62 1.51058E-05 0 1.51058E-05
 3 63 4.359225E-03 4.347029E-03 1.219609E-05
 3 64 6.10616E-06 0 6.10616E-06
 3 65 7.757021E-06 0 7.757021E-06
 3 66 -3.888281E-03 -3.888295E-03 1.448368E-08
 3 67 -1.959091E-05 0 -1.959091E-05
 3 68 -1.140622E-05 0 -1.140622E-05
 3 69 -1.920903E-05 0 -1.920903E-05
 3 70 4.579673E-06 0 4.579673E-06
 3 71 3.089329E-06 0 3.089329E-06
 3 72 -3.841012E-03 -3.846822E-03 5.810379E-06
 3 73 1.017514E-05 0 1.017514E-05
 3 74 -3.524562E-05 0 -3.524562E-05
 3 75 8.219528E-03 8.180507E-03 3.902122E-05
 3 76 1.0512E-02 1.046656E-02 4.543899E-05
 3 77 3.922177E-05 0 3.922177E-05
 3 78 -1.802622E-02 -1.802638E-02 1.598971E-07
 3 79 1.039049E-04 0 1.039049E-04
 3 80 -2.238376E-04 0 -2.238376E-04
 3 81 1.202845E-04 0 1.202845E-04
 3 82 1.842807E-02 1.830911E-02 1.18957E-04
 3 83 -3.920055E-05 0 -3.920055E-05
 3 84 4.592733E-05 0 4.592733E-05
 3 85 -5.513503E-05 0 -5.513503E-05
 3 86 3.174965E-05 0 3.174965E-05
 3 87 -1.086551E-02 -1.089281E-02 2.729801E-05
 3 88 8.14461E-03 8.106137E-03 3.847337E-05
 3 89 1.116849E-05 0 1.116849E-05
 3 90 5.68359E-06 0 5.68359E-06
 3 91 -2.007508E-05 0 -2.007508E-05
 3 92 -1.573594E-03 -1.574575E-03 9.809131E-07
 3 93 -1.066676E-05 0 -1.066676E-05
 3 94 -1.970973E-06 0 -1.970973E-06
 3 95 -6.572135E-06 0 -6.572135E-06
 3 96 -1.778762E-03 -1.778767E-03 5.377924E-09
 3 97 -3.306688E-06 0 -3.306688E-06
 3 98 -1.002827E-03 -1.00283E-03 2.804459E-09
 3 99 7.663103E-07 0 7.663103E-07
 3 100 5.237906E-07 0 5.237906E-07
 4 25 -5.24233E-05 0 -5.24233E-05
 4 26 5.410681E-05 0 5.410681E-05
 4 27 -3.297742E-05 0 -3.297742E-05
 4 28 -2.423172E-05 0 -2.423172E-05
 4 29 -2.426901E-06 0 -2.426901E-06
 4 30 -3.014791E-03 -3.019357E-03 4.566111E-06
 4 31 1.685431E-06 0 1.685431E-06
 4 32 -3.469282E-06 0 -3.469282E-06
 4 33 7.927212E-07 0 7.927212E-07
 4 34 7.416293E-07 0 7.416293E-07
 4 35 -2.060314E-03 -2.063145E-03 2.831629E-06
 4 36 2.488458E-06 0 2.488458E-06
 4 37 -1.116885E-05 0 -1.116885E-05
 4 38 8.132006E-06 0 8.132006E-06
 4 39 -5.009153E-05 0 -5.009153E-05
 4 40 1.803274E-02 1.791836E-02 1.143816E-04
 4 41 -3.281956E-05 0 -3.281956E-05
 4 42 3.871408E-02 3.820529E-02 5.087874E-04
 4 43 1.196898E-04 0 1.196898E-04
 4 44 2.48996E-04 0 2.48996E-04
 4 45 3.612041E-02 3.579973E-02 3.206769E-04
 4 46 5.235385E-05 0 5.235385E-05
 4 47 -5.784709E-05 0 -5.784709E-05
 4 48 1.345416E-02 1.340451E-02 4.965944E-05
 4 49 5.657772E-05 0 5.657772E-05
 4 50 -1.26415E-05 0 -1.26415E-05
 4 51 -9.289583E-03 -9.31253E-03 2.294682E-05
 4 52 1.888196E-05 0 1.888196E-05
 4 53 -1.231555E-02 -1.235196E-02 3.640275E-05
 4 54 -2.326693E-05 0 -2.326693E-05
 4 55 1.435089E-05 0 1.435089E-05
 4 56 7.611057E-03 7.591235E-03 1.982159E-05
 4 57 -6.345753E-03 -6.358542E-03 1.278895E-05
 4 58 4.209929E-03 4.198303E-03 1.162605E-05
 4 59 2.598128E-06 0 2.598128E-06
 4 60 -7.822591E-06 0 -7.822591E-06
 4 61 6.963479E-06 0 6.963479E-06
 4 62 1.05726E-05 0 1.05726E-05
 4 63 3.835163E-03 3.827743E-03 7.419629E-06
 4 64 4.405727E-06 0 4.405727E-06
 4 65 5.664795E-06 0 5.664795E-06
 4 66 -3.438646E-03 -3.438443E-03 -2.026307E-07
 4 67 -1.225191E-05 0 -1.225191E-05
 4 68 -7.307302E-06 0 -7.307302E-06
 4 69 -1.269029E-05 0 -1.269029E-05
 4 70 2.296214E-06 0 2.296214E-06
 4 71 1.320594E-06 0 1.320594E-06
 4 72 -3.111027E-03 -3.115784E-03 4.756345E-06
 4 73 6.391961E-06 0 6.391961E-06
 4 74 -1.949386E-05 0 -1.949386E-05
 4 75 6.536985E-03 6.515226E-03 2.175982E-05
 4 76 8.555964E-03 8.532221E-03 2.374306E-05
 4 77 1.364125E-05 0 1.364125E-05
 4 78 -1.36344E-02 -1.363279E-02 -1.61098E-06
 4 79 4.723112E-05 0 4.723112E-05
 4 80 -1.135604E-04 0 -1.135604E-04
 4 81 5.152273E-05 0 5.152273E-05
 4 82 1.37063E-02 1.365504E-02 5.12585E-05
 4 83 -2.166129E-05 0 -2.166129E-05
 4 84 2.159793E-05 0 2.159793E-05
 4 85 -3.389047E-05 0 -3.389047E-05
 4 86 2.249169E-05 0 2.249169E-05
 4 87 -1.059811E-02 -1.062649E-02 2.837792E-05
 4 88 8.239602E-03 8.208707E-03 3.0895E-05
 4 89 7.226679E-06 0 7.226679E-06
 4 90 4.084133E-06 0 4.084133E-06
 4 91 -1.34092E-05 0 -1.34092E-05
 4 92 -1.455819E-03 -1.455502E-03 -3.171054E-07
 4 93 -7.204383E-06 0 -7.204383E-06
 4 94 -7.900679E-07 0 -7.900679E-07
 4 95 -4.363146E-06 0 -4.363146E-06
 4 96 -1.577522E-03 -1.577445E-03 -7.700826E-08
 4 97 -2.150288E-06 0 -2.150288E-06
 4 98 -8.996235E-04 -8.995824E-04 -4.113634E-08
 4 99 3.605872E-07 0 3.605872E-07
 4 100 2.532624E-07 0 2.532624E-07
 5 25 -2.722673E-04 0 -2.722673E-04
 5 26 1.215009E-04 0 1.215009E-04
 5 27 -7.098546E-05 0 -7.098546E-05
 5 28 -4.585293E-05 0 -4.585293E-05
 5 29 -7.598222E-06 0 -7.598222E-06
 5 30 -3.83021E-03 -3.835998E-03 5.788325E-06
 5 31 2.868146E-06 0 2.868146E-06
 5 32 -5.975925E-06 0 -5.975925E-06
 5 33 1.306609E-06 0 1.306609E-06
 5 34 1.777118E-06 0 1.777118E-06
 5 35 -2.577348E-03 -2.580799E-03 3.451637E-06
 5 36 4.584403E-06 0 4.584403E-06
 5 37 -2.015331E-05 0 -2.015331E-05
 5 38 1.606681E-05 0 1.606681E-05
 5 39 -1.013289E-04 0 -1.013289E-04
 5 40 2.359225E-02 2.335414E-02 2.381133E-04
 5 41 -1.20813E-04 0 -1.20813E-04
 5 42 5.269341E-02 5.144458E-02 1.248831E-03
 5 43 3.561506E-04 0 3.561506E-04
 5 44 6.738122E-04 0 6.738122E-04
 5 45 4.334447E-02 4.269697E-02 6.475061E-04
 5 46 9.115073E-05 0 9.115073E-05
 5 47 -9.624006E-05 0 -9.624006E-05
 5 48 1.442123E-02 1.434412E-02 7.710573E-05
 5 49 9.85219E-05 0 9.85219E-05
 5 50 -3.608482E-05 0 -3.608482E-05
 5 51 -1.023834E-02 -1.026312E-02 2.477473E-05
 5 52 2.942824E-05 0 2.942824E-05
 5 53 -1.343351E-02 -1.347247E-02 3.896098E-05
 5 54 -3.574613E-05 0 -3.574613E-05
 5 55 1.897624E-05 0 1.897624E-05
 5 56 7.868819E-03 7.840039E-03 2.877925E-05
 5 57 -6.919036E-03 -6.932474E-03 1.343774E-05
 5 58 4.649346E-03 4.632432E-03 1.691449E-05
 5 59 5.108541E-06 0 5.108541E-06
 5 60 -1.091447E-05 0 -1.091447E-05
 5 61 9.116152E-06 0 9.116152E-06
 5 62 1.43604E-05 0 1.43604E-05
 5 63 4.007483E-03 3.996613E-03 1.087047E-05
 5 64 5.844017E-06 0 5.844017E-06
 5 65 7.994575E-06 0 7.994575E-06
 5 66 -3.961081E-03 -3.961096E-03 1.485225E-08
 5 67 -2.168011E-05 0 -2.168011E-05
 5 68 -1.277609E-05 0 -1.277609E-05
 5 69 -2.277135E-05 0 -2.277135E-05
 5 70 5.380234E-06 0 5.380234E-06
 5 71 3.388185E-06 0 3.388185E-06
 5 72 -3.924304E-03 -3.930286E-03 5.98153E-06
 5 73 1.018013E-05 0 1.018013E-05
 5 74 -3.501456E-05 0 -3.501456E-05
 5 75 7.500878E-03 7.466961E-03 3.391672E-05
 5 76 9.375774E-03 9.33795E-03 3.782435E-05
 5 77 2.874699E-05 0 2.874699E-05
 5 78 -1.584463E-02 -1.584476E-02 1.269005E-07
 5 79 9.285242E-05 0 9.285242E-05
 5 80 -2.581752E-04 0 -2.581752E-04
 5 81 1.421843E-04 0 1.421843E-04
 5 82 1.836044E-02 1.824227E-02 1.181672E-04
 5 83 -4.365193E-05 0 -4.365193E-05
 5 84 6.039479E-05 0 6.039479E-05
 5 85 -7.876898E-05 0 -7.876898E-05
 5 86 5.21983E-05 0 5.21983E-05
 5 87 -1.590688E-02 -1.59592E-02 5.231453E-05
 5 88 1.191332E-02 1.184262E-02 7.070254E-05
 5 89 1.774191E-05 0 1.774191E-05
 5 90 8.317108E-06 0 8.317108E-06
 5 91 -2.638897E-05 0 -2.638897E-05
 5 92 -1.840622E-03 -1.841829E-03 1.206791E-06
 5 93 -1.253898E-05 0 -1.253898E-05
 5 94 -2.147006E-06 0 -2.147006E-06
 5 95 -6.853376E-06 0 -6.853376E-06
 5 96 -1.738383E-03 -1.738388E-03 5.233537E-09
 5 97 -3.215265E-06 0 -3.215265E-06
 5 98 -9.465721E-04 -9.465748E-04 2.63452E-09
 5 99 6.889658E-07 0 6.889658E-07
 5 100 4.785938E-07 0 4.785938E-07
 6 25 -6.381924E-04 0 -6.381924E-04
 6 26 2.507354E-04 0 2.507354E-04
 6 27 -1.431287E-04 0 -1.431287E-04
 6 28 -8.433425E-05 0 -8.433425E-05
 6 29 -1.419953E-05 0 -1.419953E-05
 6 30 -5.693424E-03 -5.703501E-03 1.007736E-05
 6 31 4.895241E-06 0 4.895241E-06
 6 32 -9.923121E-06 0 -9.923121E-06
 6 33 2.071117E-06 0 2.071117E-06
 6 34 2.790452E-06 0 2.790452E-06
 6 35 -3.693987E-03 -3.6995E-03 5.513004E-06
 6 36 7.572382E-06 0 7.572382E-06
 6 37 -3.438154E-05 0 -3.438154E-05
 6 38 2.836899E-05 0 2.836899E-05
 6 39 -2.042261E-04 0 -2.042261E-04
 6 40 3.538175E-02 3.485013E-02 5.316151E-04
 6 41 -3.407613E-04 0 -3.407613E-04
 6 42 9.32746E-02 8.856868E-02 4.70592E-03
 6 43 1.294455E-03 0 1.294455E-03
 6 44 3.379166E-03 0 3.379166E-03
 6 45 8.149327E-02 7.874812E-02 2.745147E-03
 6 46 3.028333E-04 0 3.028333E-04
 6 47 -2.626706E-04 0 -2.626706E-04
 6 48 2.464758E-02 2.444282E-02 2.047634E-04
 6 49 2.844523E-04 0 2.844523E-04
 6 50 -9.276577E-05 0 -9.276577E-05
 6 51 -1.666301E-02 -1.671984E-02 5.683243E-05
 6 52 6.758902E-05 0 6.758902E-05
 6 53 -2.089492E-02 -2.098105E-02 8.612528E-05
 6 54 -7.277922E-05 0 -7.277922E-05
 6 55 3.704394E-05 0 3.704394E-05
 6 56 1.169037E-02 1.163629E-02 5.407731E-05
 6 57 -1.005037E-02 -1.007441E-02 2.404263E-05
 6 58 6.857186E-03 6.827557E-03 2.962814E-05
 6 59 8.972549E-06 0 8.972549E-06
 6 60 -1.987664E-05 0 -1.987664E-05
 6 61 1.732402E-05 0 1.732402E-05
 6 62 2.960552E-05 0 2.960552E-05
 6 63 6.486205E-03 6.464695E-03 2.150996E-05
 6 64 1.086326E-05 0 1.086326E-05
 6 65 1.525706E-05 0 1.525706E-05
 6 66 -6.369566E-03 -6.369595E-03 2.910147E-08
 6 67 -4.351534E-05 0 -4.351534E-05
 6 68 -2.465119E-05 0 -2.465119E-05
 6 69 -4.381069E-05 0 -4.381069E-05
 6 70 9.931094E-06 0 9.931094E-06
 6 71 6.087879E-06 0 6.087879E-06
 6 72 -6.226113E-03 -6.237597E-03 1.148465E-05
 6 73 2.030798E-05 0 2.030798E-05
 6 74 -7.694838E-05 0 -7.694838E-05
 6 75 1.256778E-02 1.249048E-02 7.729999E-05
 6 76 1.58879E-02 1.579663E-02 9.127835E-05
 6 77 7.575604E-05 0 7.575604E-05
 6 78 -2.736789E-02 -2.736824E-02 3.534182E-07
 6 79 3.015902E-04 0 3.015902E-04
 6 80 -7.533493E-04 0 -7.533493E-04
 6 81 4.182957E-04 0 4.182957E-04
 6 82 3.004444E-02 2.974238E-02 3.020606E-04
 6 83 -1.019955E-04 0 -1.019955E-04
 6 84 1.357568E-04 0 1.357568E-04
 6 85 -1.713508E-04 0 -1.713508E-04
 6 86 1.007187E-04 0 1.007187E-04
 6 87 -2.250701E-02 -2.260618E-02 9.917159E-05
 6 88 1.68877E-02 1.675895E-02 1.287489E-04
 6 89 3.313886E-05 0 3.313886E-05
 6 90 1.512834E-05 0 1.512834E-05
 6 91 -5.06369E-05 0 -5.06369E-05
 6 92 -2.831855E-03 -2.834054E-03 2.198755E-06
 6 93 -2.293526E-05 0 -2.293526E-05
 6 94 -3.847771E-06 0 -3.847771E-06
 6 95 -1.212189E-05 0 -1.212189E-05
 6 96 -2.753399E-03 -2.753408E-03 9.205829E-09
 6 97 -5.374786E-06 0 -5.374786E-06
 6 98 -1.480104E-03 -1.480108E-03 4.337016E-09
 6 99 1.120906E-06 0 1.120906E-06
 6 100 7.512042E-07 0 7.512042E-07
 7 25 -4.923878E-04 0 -4.923878E-04
 7 26 2.282161E-04 0 2.282161E-04
 7 27 -1.313753E-04 0 -1.313753E-04
 7 28 -8.291082E-05 0 -8.291082E-05
 7 29 -1.475597E-05 0 -1.475597E-05
 7 30 -5.770404E-03 -5.78068E-03 1.02757E-05
 7 31 5.246461E-06 0 5.246461E-06
 7 32 -1.031084E-05 0 -1.031084E-05
 7 33 2.221145E-06 0 2.221145E-06
 7 34 2.922701E-06 0 2.922701E-06
 7 35 -3.915844E-03 -3.921809E-03 5.964058E-06
 7 36 7.968933E-06 0 7.968933E-06
 7 37 -3.853257E-05 0 -3.853257E-05
 7 38 3.152536E-05 0 3.152536E-05
 7 39 -2.368418E-04 0 -2.368418E-04
 7 40 3.78655E-02 3.725343E-02 6.120642E-04
 7 41 -3.691813E-04 0 -3.691813E-04
 7 42 8.813027E-02 8.402267E-02 4.107605E-03
 7 43 7.944692E-04 0 7.944692E-04
 7 44 1.965027E-03 0 1.965027E-03
 7 45 8.026164E-02 7.761519E-02 2.646455E-03
 7 46 2.893031E-04 0 2.893031E-04
 7 47 -2.689343E-04 0 -2.689343E-04
 7 48 2.741058E-02 2.715882E-02 2.517683E-04
 7 49 3.979614E-04 0 3.979614E-04
 7 50 -1.144518E-04 0 -1.144518E-04
 7 51 -1.911287E-02 -1.918581E-02 7.293939E-05
 7 52 1.030995E-04 0 1.030995E-04
 7 53 -2.610739E-02 -2.623976E-02 1.323653E-04
 7 54 -9.876974E-05 0 -9.876974E-05
 7 55 5.389429E-05 0 5.389429E-05
 7 56 1.550526E-02 1.54178E-02 8.745582E-05
 7 57 -1.279321E-02 -1.282906E-02 3.584849E-05
 7 58 8.416128E-03 8.375651E-03 4.047638E-05
 7 59 1.278411E-05 0 1.278411E-05
 7 60 -2.657193E-05 0 -2.657193E-05
 7 61 2.320467E-05 0 2.320467E-05
 7 62 3.76779E-05 0 3.76779E-05
 7 63 7.343203E-03 7.317302E-03 2.590116E-05
 7 64 1.29494E-05 0 1.29494E-05
 7 65 1.75469E-05 0 1.75469E-05
 7 66 -6.598256E-03 -6.598287E-03 3.066431E-08
 7 67 -4.290231E-05 0 -4.290231E-05
 7 68 -2.231182E-05 0 -2.231182E-05
 7 69 -3.629262E-05 0 -3.629262E-05
 7 70 7.639815E-06 0 7.639815E-06
 7 71 4.931631E-06 0 4.931631E-06
 7 72 -5.43978E-03 -5.449215E-03 9.435776E-06
 7 73 1.805839E-05 0 1.805839E-05
 7 74 -6.860056E-05 0 -6.860056E-05
 7 75 1.202172E-02 1.194994E-02 7.177426E-05
 7 76 1.629241E-02 1.6197E-02 9.541656E-05
 7 77 7.356894E-05 0 7.356894E-05
 7 78 -2.462733E-02 -2.462762E-02 2.872707E-07
 7 79 2.132449E-04 0 2.132449E-04
 7 80 -5.12157E-04 0 -5.12157E-04
 7 81 2.185227E-04 0 2.185227E-04
 7 82 2.248492E-02 2.231303E-02 1.71888E-04
 7 83 -6.574058E-05 0 -6.574058E-05
 7 84 7.819218E-05 0 7.819218E-05
 7 85 -1.135823E-04 0 -1.135823E-04
 7 86 6.632688E-05 0 6.632688E-05
 7 87 -1.846342E-02 -1.853187E-02 6.84462E-05
 7 88 1.498123E-02 1.487691E-02 1.043145E-04
 7 89 2.671348E-05 0 2.671348E-05
 7 90 1.33987E-05 0 1.33987E-05
 7 91 -4.672146E-05 0 -4.672146E-05
 7 92 -2.746178E-03 -2.748282E-03 2.103401E-06
 7 93 -2.378396E-05 0 -2.378396E-05
 7 94 -4.022115E-06 0 -4.022115E-06
 7 95 -1.345729E-05 0 -1.345729E-05
 7 96 -2.96506E-03 -2.96507E-03 1.012345E-08
 7 97 -5.943871E-06 0 -5.943871E-06
 7 98 -1.666953E-03 -1.666958E-03 4.980909E-09
 7 99 1.266867E-06 0 1.266867E-06
 7 100 8.620153E-07 0 8.620153E-07
 8 25 -4.208005E-03 0 -4.208005E-03
 8 26 -6.008801E-04 0 -6.008801E-04
 8 27 -7.055893E-04 0 -7.055893E-04
 8 28 -3.656288E-04 0 -3.656288E-04
 8 29 -1.625044E-04 0 -1.625044E-04
 8 30 -2.541844E-05 0 -2.541844E-05
 8 31 -2.122554E-05 0 -2.122554E-05
 8 32 -4.032147E-05 0 -4.032147E-05
 8 33 -9.234097E-06 0 -9.234097E-06
 8 34 -5.959138E-06 0 -5.959138E-06
 8 35 -1.580395E-05 0 -1.580395E-05
 8 36 -3.637912E-05 0 -3.637912E-05
 8 37 -2.174934E-04 0 -2.174934E-04
 8 38 -1.553736E-04 0 -1.553736E-04
 8 39 -1.037052E-03 0 -1.037052E-03
 8 40 -7.025013E-04 0 -7.025013E-04
 8 41 -3.572905E-03 0 -3.572905E-03
 8 42 -3.146167E-03 0 -3.146167E-03
 8 43 -1.236101E-03 0 -1.236101E-03
 8 44 -2.054865E-03 0 -2.054865E-03
 8 45 -1.17873E-03 0 -1.17873E-03
 8 46 -6.105998E-04 0 -6.105998E-04
 8 47 -8.284691E-04 0 -8.284691E-04
 8 48 -1.382119E-04 0 -1.382119E-04
 8 49 -4.666166E-04 0 -4.666166E-04
 8 50 -9.020293E-04 0 -9.020293E-04
 8 51 -1.284272E-04 0 -1.284272E-04
 8 52 -1.592531E-04 0 -1.592531E-04
 8 53 -2.637691E-04 0 -2.637691E-04
 8 54 -4.254557E-04 0 -4.254557E-04
 8 55 -9.726976E-05 0 -9.726976E-05
 8 56 -7.354854E-05 0 -7.354854E-05
 8 57 -8.666381E-05 0 -8.666381E-05
 8 58 -3.985204E-05 0 -3.985204E-05
 8 59 -2.221882E-05 0 -2.221882E-05
 8 60 -1.122518E-04 0 -1.122518E-04
 8 61 -3.607739E-05 0 -3.607739E-05
 8 62 -5.484897E-05 0 -5.484897E-05
 8 63 -1.767733E-05 0 -1.767733E-05
 8 64 -2.204273E-05 0 -2.204273E-05
 8 65 -3.080435E-05 0 -3.080435E-05
 8 66 -4.234478E-05 0 -4.234478E-05
 8 67 -1.415561E-04 0 -1.415561E-04
 8 68 -9.365351E-05 0 -9.365351E-05
 8 69 -1.278947E-04 0 -1.278947E-04
 8 70 -2.485894E-05 0 -2.485894E-05
 8 71 -8.191091E-06 0 -8.191091E-06
 8 72 -1.846755E-05 0 -1.846755E-05
 8 73 -3.042299E-05 0 -3.042299E-05
 8 74 -2.009874E-04 0 -2.009874E-04
 8 75 -4.790682E-05 0 -4.790682E-05
 8 76 -5.541774E-05 0 -5.541774E-05
 8 77 -7.64178E-05 0 -7.64178E-05
 8 78 -2.777545E-04 0 -2.777545E-04
 8 79 -4.744894E-04 0 -4.744894E-04
 8 80 -1.386138E-03 0 -1.386138E-03
 8 81 -3.279255E-04 0 -3.279255E-04
 8 82 -1.09414E-04 0 -1.09414E-04
 8 83 -3.347843E-04 0 -3.347843E-04
 8 84 -1.326091E-04 0 -1.326091E-04
 8 85 -5.090961E-04 0 -5.090961E-04
 8 86 -1.506401E-04 0 -1.506401E-04
 8 87 -1.94992E-04 0 -1.94992E-04
 8 88 -1.260271E-04 0 -1.260271E-04
 8 89 -6.266506E-05 0 -6.266506E-05
 8 90 -5.67006E-05 0 -5.67006E-05
 8 91 -1.762084E-04 0 -1.762084E-04
 8 92 -3.846337E-05 0 -3.846337E-05
 8 93 -8.622974E-05 0 -8.622974E-05
 8 94 -3.846834E-05 0 -3.846834E-05
 8 95 -4.618623E-05 0 -4.618623E-05
 8 96 -1.445255E-05 0 -1.445255E-05
 8 97 -2.021203E-05 0 -2.021203E-05
 8 98 -7.238918E-06 0 -7.238918E-06
 8 99 -1.992319E-06 0 -1.992319E-06
 8 100 -1.397653E-06 0 -1.397653E-06
 9 25 -1.570341E-02 0 -1.570341E-02
 9 26 -1.430085E-03 0 -1.430085E-03
 9 27 -1.588568E-03 0 -1.588568E-03
 9 28 -7.145859E-04 0 -7.145859E-04
 9 29 -2.824305E-04 0 -2.824305E-04
 9 30 -3.081154E-05 0 -3.081154E-05
 9 31 -2.988846E-05 0 -2.988846E-05
 9 32 -6.033673E-05 0 -6.033673E-05
 9 33 -1.209013E-05 0 -1.209013E-05
 9 34 -7.667292E-06 0 -7.667292E-06
 9 35 -1.760849E-05 0 -1.760849E-05
 9 36 -5.574942E-05 0 -5.574942E-05
 9 37 -3.605994E-04 0 -3.605994E-04
 9 38 -2.743061E-04 0 -2.743061E-04
 9 39 -2.159399E-03 0 -2.159399E-03
 9 40 -1.465526E-03 0 -1.465526E-03
 9 41 -9.787899E-03 0 -9.787899E-03
 9 42 -1.006218E-02 0 -1.006218E-02
 9 43 -3.612134E-03 0 -3.612134E-03
 9 44 -5.214432E-03 0 -5.214432E-03
 9 45 -2.422792E-03 0 -2.422792E-03
 9 46 -1.079741E-03 0 -1.079741E-03
 9 47 -1.446193E-03 0 -1.446193E-03
 9 48 -1.818594E-04 0 -1.818594E-04
 9 49 -5.467629E-04 0 -5.467629E-04
 9 50 -1.598909E-03 0 -1.598909E-03
 9 51 -1.445212E-04 0 -1.445212E-04
 9 52 -1.81578E-04 0 -1.81578E-04
 9 53 -2.915597E-04 0 -2.915597E-04
 9 54 -6.256254E-04 0 -6.256254E-04
 9 55 -1.102774E-04 0 -1.102774E-04
 9 56 -7.937378E-05 0 -7.937378E-05
 9 57 -8.539048E-05 0 -8.539048E-05
 9 58 -4.432564E-05 0 -4.432564E-05
 9 59 -2.401852E-05 0 -2.401852E-05
 9 60 -1.400883E-04 0 -1.400883E-04
 9 61 -3.781379E-05 0 -3.781379E-05
 9 62 -6.172773E-05 0 -6.172773E-05
 9 63 -1.978281E-05 0 -1.978281E-05
 9 64 -2.456765E-05 0 -2.456765E-05
 9 65 -3.719316E-05 0 -3.719316E-05
 9 66 -5.290357E-05 0 -5.290357E-05
 9 67 -2.352408E-04 0 -2.352408E-04
 9 68 -1.515425E-04 0 -1.515425E-04
 9 69 -2.261549E-04 0 -2.261549E-04
 9 70 -4.188575E-05 0 -4.188575E-05
 9 71 -1.162939E-05 0 -1.162939E-05
 9 72 -2.206912E-05 0 -2.206912E-05
 9 73 -4.174052E-05 0 -4.174052E-05
 9 74 -3.445573E-04 0 -3.445573E-04
 9 75 -6.16234E-05 0 -6.16234E-05
 9 76 -7.188418E-05 0 -7.188418E-05
 9 77 -9.961372E-05 0 -9.961372E-05
 9 78 -4.019443E-04 0 -4.019443E-04
 9 79 -9.121076E-04 0 -9.121076E-04
 9 80 -3.376803E-03 0 -3.376803E-03
 9 81 -6.973765E-04 0 -6.973765E-04
 9 82 -1.986412E-04 0 -1.986412E-04
 9 83 -6.6753E-04 0 -6.6753E-04
 9 84 -2.243799E-04 0 -2.243799E-04
 9 85 -1.177737E-03 0 -1.177737E-03
 9 86 -3.156932E-04 0 -3.156932E-04
 9 87 -3.8384E-04 0 -3.8384E-04
 9 88 -2.47543E-04 0 -2.47543E-04
 9 89 -1.120498E-04 0 -1.120498E-04
 9 90 -1.01024E-04 0 -1.01024E-04
 9 91 -3.275894E-04 0 -3.275894E-04
 9 92 -5.706029E-05 0 -5.706029E-05
 9 93 -1.362628E-04 0 -1.362628E-04
 9 94 -5.462911E-05 0 -5.462911E-05
 9 95 -6.401844E-05 0 -6.401844E-05
 9 96 -1.592154E-05 0 -1.592154E-05
 9 97 -2.591213E-05 0 -2.591213E-05
 9 98 -7.299839E-06 0 -7.299839E-06
 9 99 -2.030194E-06 0 -2.030194E-06
 9 100 -1.388836E-06 0 -1.388836E-06
 10 25 -7.232281E-03 0 -7.232281E-03
 10 26 1.047438E-03 0 1.047438E-03
 10 27 -1.096274E-03 0 -1.096274E-03
 10 28 -5.556242E-04 0 -5.556242E-04
 10 29 -1.340509E-04 0 -1.340509E-04
 10 30 1.128551E-02 1.114431E-02 1.411965E-04
 10 31 1.307254E-05 0 1.307254E-05
 10 32 -4.338147E-05 0 -4.338147E-05
 10 33 4.885641E-06 0 4.885641E-06
 10 34 5.32779E-06 0 5.32779E-06
 10 35 7.687843E-03 7.610723E-03 7.711955E-05
 10 36 2.321E-05 0 2.321E-05
 10 37 -2.46831E-04 0 -2.46831E-04
 10 38 1.292989E-04 0 1.292989E-04
 10 39 -2.193532E-03 0 -2.193532E-03
 10 40 -8.725313E-02 -8.725805E-02 4.913035E-06
 10 41 -8.499037E-03 0 -8.499037E-03
 10 42 -0.197362 -0.197407 4.584997E-05
 10 43 5.065987E-03 0 5.065987E-03
 10 44 8.782542E-03 0 8.782542E-03
 10 45 -0.13444 -0.134181 -2.589968E-04
 10 46 8.035103E-04 0 8.035103E-04
 10 47 -1.45611E-03 0 -1.45611E-03
 10 48 -4.200456E-02 -4.199033E-02 -1.422991E-05
 10 49 1.621081E-03 0 1.621081E-03
 10 50 -1.273006E-03 0 -1.273006E-03
 10 51 3.441873E-02 3.334845E-02 1.070276E-03
 10 52 3.607972E-04 0 3.607972E-04
 10 53 5.213256E-02 4.959936E-02 2.533194E-03
 10 54 -6.142945E-04 0 -6.142945E-04
 10 55 1.122464E-04 0 1.122464E-04
 10 56 -2.694066E-02 -2.693501E-02 -5.647721E-06
 10 57 2.452254E-02 2.396982E-02 5.52727E-04
 10 58 -1.537216E-02 -1.537228E-02 1.203081E-07
 10 59 2.369505E-05 0 2.369505E-05
 10 60 -1.154415E-04 0 -1.154415E-04
 10 61 3.894021E-05 0 3.894021E-05
 10 62 6.657158E-05 0 6.657158E-05
 10 63 -1.098418E-02 -1.098306E-02 -1.121168E-06
 10 64 1.969168E-05 0 1.969168E-05
 10 65 3.018248E-05 0 3.018248E-05
 10 66 1.099774E-02 1.093347E-02 6.426809E-05
 10 67 -1.962375E-04 0 -1.962375E-04
 10 68 -9.752737E-05 0 -9.752737E-05
 10 69 -1.579772E-04 0 -1.579772E-04
 10 70 1.37568E-05 0 1.37568E-05
 10 71 7.506286E-06 0 7.506286E-06
 10 72 8.63716E-03 8.544931E-03 9.222849E-05
 10 73 2.865572E-05 0 2.865572E-05
 10 74 -2.851228E-04 0 -2.851228E-04
 10 75 -1.758261E-02 -1.758277E-02 1.528411E-07
 10 76 -2.366703E-02 -2.366264E-02 -4.385833E-06
 10 77 1.006689E-04 0 1.006689E-04
 10 78 3.457831E-02 3.405335E-02 5.249569E-04
 10 79 4.96375E-04 0 4.96375E-04
 10 80 -2.899659E-03 0 -2.899659E-03
 10 81 6.622592E-04 0 6.622592E-04
 10 82 -3.139711E-02 -3.138943E-02 -7.686473E-06
 10 83 -3.557738E-04 0 -3.557738E-04
 10 84 2.283827E-04 0 2.283827E-04
 10 85 -6.427363E-04 0 -6.427363E-04
 10 86 1.58857E-04 0 1.58857E-04
 10 87 3.782899E-02 3.65332E-02 1.295792E-03
 10 88 -3.051214E-02 -3.051258E-02 4.398067E-07
 10 89 1.0411E-04 0 1.0411E-04
 10 90 4.018213E-05 0 4.018213E-05
 10 91 -2.489377E-04 0 -2.489377E-04
 10 92 5.011698E-03 5.00495E-03 6.747736E-06
 10 93 -1.081355E-04 0 -1.081355E-04
 10 94 -2.445216E-05 0 -2.445216E-05
 10 95 -5.118497E-05 0 -5.118497E-05
 10 96 4.695779E-03 4.677991E-03 1.778789E-05
 10 97 -1.936766E-05 0 -1.936766E-05
 10 98 2.529882E-03 2.522036E-03 7.84649E-06
 10 99 1.514056E-06 0 1.514056E-06
 10 100 1.012599E-06 0 1.012599E-06
 11 25 -5.166694E-04 0 -5.166694E-04
 11 26 8.913856E-04 0 8.913856E-04
 11 27 -2.660145E-04 0 -2.660145E-04
 11 28 -1.901644E-04 0 -1.901644E-04
 11 29 -2.062169E-05 0 -2.062169E-05
 11 30 8.708156E-03 8.599533E-03 1.086237E-04
 11 31 2.171408E-05 0 2.171408E-05
 11 32 -1.750579E-05 0 -1.750579E-05
 11 33 8.759209E-06 0 8.759209E-06
 11 34 7.323314E-06 0 7.323314E-06
 11 35 6.415949E-03 6.347484E-03 6.846446E-05
 11 36 3.892901E-05 0 3.892901E-05
 11 37 -8.904959E-05 0 -8.904959E-05
 11 38 2.085794E-04 0 2.085794E-04
 11 39 -7.478349E-04 0 -7.478349E-04
 11 40 -6.461387E-02 -6.559448E-02 9.806087E-04
 11 41 -6.962863E-04 0 -6.962863E-04
 11 42 -0.103853 -0.107307 3.454204E-03
 11 43 1.708799E-03 0 1.708799E-03
 11 44 2.494095E-03 0 2.494095E-03
 11 45 -7.497515E-02 -7.652899E-02 1.553848E-03
 11 46 6.188096E-04 0 6.188096E-04
 11 47 -2.996082E-04 0 -2.996082E-04
 11 48 -2.97978E-02 -2.998487E-02 1.870684E-04
 11 49 1.143E-03 0 1.143E-03
 11 50 -1.521693E-04 0 -1.521693E-04
 11 51 2.63968E-02 2.566087E-02 7.359265E-04
 11 52 4.167147E-04 0 4.167147E-04
 11 53 4.48139E-02 4.26987E-02 2.115196E-03
 11 54 -2.168047E-04 0 -2.168047E-04
 11 55 1.715823E-04 0 1.715823E-04
 11 56 -2.606682E-02 -2.620979E-02 1.429724E-04
 11 57 2.368071E-02 2.308127E-02 5.994361E-04
 11 58 -1.411178E-02 -1.415419E-02 4.241023E-05
 11 59 3.881467E-05 0 3.881467E-05
 11 60 -4.617269E-05 0 -4.617269E-05
 11 61 6.205788E-05 0 6.205788E-05
 11 62 9.283666E-05 0 9.283666E-05
 11 63 -8.604996E-03 -8.62533E-03 2.033386E-05
 11 64 2.6723E-05 0 2.6723E-05
 11 65 3.855841E-05 0 3.855841E-05
 11 66 8.124051E-03 8.040146E-03 8.390477E-05
 11 67 -6.294807E-05 0 -6.294807E-05
 11 68 -2.671096E-05 0 -2.671096E-05
 11 69 -4.761257E-05 0 -4.761257E-05
 11 70 1.396963E-05 0 1.396963E-05
 11 71 7.571712E-06 0 7.571712E-06
 11 72 5.647818E-03 5.590933E-03 5.688453E-05
 11 73 2.919383E-05 0 2.919383E-05
 11 74 -7.932106E-05 0 -7.932106E-05
 11 75 -1.168395E-02 -1.171473E-02 3.078001E-05
 11 76 -1.626774E-02 -1.63267E-02 5.896547E-05
 11 77 8.319405E-05 0 8.319405E-05
 11 78 2.152764E-02 2.109425E-02 4.333853E-04
 11 79 3.557584E-04 0 3.557584E-04
 11 80 -5.049825E-04 0 -5.049825E-04
 11 81 3.170198E-04 0 3.170198E-04
 11 82 -1.80889E-02 -1.81603E-02 7.140831E-05
 11 83 -4.598281E-05 0 -4.598281E-05
 11 84 1.264577E-04 0 1.264577E-04
 11 85 -1.234779E-04 0 -1.234779E-04
 11 86 1.271352E-04 0 1.271352E-04
 11 87 2.455545E-02 2.391378E-02 6.416698E-04
 11 88 -2.128858E-02 -2.137779E-02 8.921133E-05
 11 89 8.77716E-05 0 8.77716E-05
 11 90 5.253787E-05 0 5.253787E-05
 11 91 -7.788529E-05 0 -7.788529E-05
 11 92 3.651914E-03 3.620966E-03 3.094853E-05
 11 93 -3.952253E-05 0 -3.952253E-05
 11 94 -4.057842E-06 0 -4.057842E-06
 11 95 -2.063053E-05 0 -2.063053E-05
 11 96 3.664798E-03 3.63794E-03 2.685759E-05
 11 97 -8.233073E-06 0 -8.233073E-06
 11 98 2.080396E-03 2.067331E-03 1.306572E-05
 11 99 2.156031E-06 0 2.156031E-06
 11 100 1.506891E-06 0 1.506891E-06
 12 25 -4.218925E-03 0 -4.218925E-03
 12 26 3.197609E-04 0 3.197609E-04
 12 27 -6.265871E-04 0 -6.265871E-04
 12 28 -3.215127E-04 0 -3.215127E-04
 12 29 -1.006335E-04 0 -1.006335E-04
 12 30 2.997984E-05 0 2.997984E-05
 12 31 -6.179887E-07 0 -6.179887E-07
 12 32 -2.315819E-05 0 -2.315819E-05
 12 33 -2.482139E-07 0 -2.482139E-07
 12 34 -1.41081E-07 0 -1.41081E-07
 12 35 1.95555E-05 0 1.95555E-05
 12 36 -1.321179E-06 0 -1.321179E-06
 12 37 -1.949075E-04 0 -1.949075E-04
 12 38 -8.353367E-06 0 -8.353367E-06
 12 39 -1.290209E-03 0 -1.290209E-03
 12 40 1.282664E-03 0 1.282664E-03
 12 41 -3.280131E-03 0 -3.280131E-03
 12 42 2.911433E-03 0 2.911433E-03
 12 43 1.756117E-04 0 1.756117E-04
 12 44 1.74533E-04 0 1.74533E-04
 12 45 4.404833E-04 0 4.404833E-04
 12 46 -1.014934E-05 0 -1.014934E-05
 12 47 -3.514478E-04 0 -3.514478E-04
 12 48 5.61918E-05 0 5.61918E-05
 12 49 1.384529E-04 0 1.384529E-04
 12 50 -4.929275E-04 0 -4.929275E-04
 12 51 1.309108E-04 0 1.309108E-04
 12 52 2.871034E-05 0 2.871034E-05
 12 53 3.958372E-04 0 3.958372E-04
 12 54 -3.150144E-04 0 -3.150144E-04
 12 55 2.716914E-05 0 2.716914E-05
 12 56 5.522821E-05 0 5.522821E-05
 12 57 1.366666E-04 0 1.366666E-04
 12 58 3.401505E-05 0 3.401505E-05
 12 59 -5.504973E-07 0 -5.504973E-07
 12 60 -6.232287E-05 0 -6.232287E-05
 12 61 4.313376E-06 0 4.313376E-06
 12 62 6.299307E-06 0 6.299307E-06
 12 63 7.204293E-06 0 7.204293E-06
 12 64 4.231225E-06 0 4.231225E-06
 12 65 6.519853E-06 0 6.519853E-06
 12 66 1.012906E-05 0 1.012906E-05
 12 67 -7.336486E-05 0 -7.336486E-05
 12 68 -4.23814E-05 0 -4.23814E-05
 12 69 -6.076109E-05 0 -6.076109E-05
 12 70 -3.313374E-06 0 -3.313374E-06
 12 71 -1.2498E-07 0 -1.2498E-07
 12 72 1.248901E-05 0 1.248901E-05
 12 73 5.169692E-06 0 5.169692E-06
 12 74 -8.440514E-05 0 -8.440514E-05
 12 75 1.922647E-05 0 1.922647E-05
 12 76 1.954296E-05 0 1.954296E-05
 12 77 -8.645078E-07 0 -8.645078E-07
 12 78 4.142426E-05 0 4.142426E-05
 12 79 -6.594094E-06 0 -6.594094E-06
 12 80 -5.586437E-04 0 -5.586437E-04
 12 81 3.031552E-05 0 3.031552E-05
 12 82 3.002937E-05 0 3.002937E-05
 12 83 -7.673376E-05 0 -7.673376E-05
 12 84 2.812584E-05 0 2.812584E-05
 12 85 -2.365704E-04 0 -2.365704E-04
 12 86 3.496087E-05 0 3.496087E-05
 12 87 2.458887E-04 0 2.458887E-04
 12 88 1.201814E-04 0 1.201814E-04
 12 89 1.256991E-05 0 1.256991E-05
 12 90 -1.749701E-06 0 -1.749701E-06
 12 91 -1.092921E-04 0 -1.092921E-04
 12 92 -2.598358E-06 0 -2.598358E-06
 12 93 -4.945436E-05 0 -4.945436E-05
 12 94 -1.569169E-05 0 -1.569169E-05
 12 95 -2.297751E-05 0 -2.297751E-05
 12 96 3.176267E-06 0 3.176267E-06
 12 97 -8.824029E-06 0 -8.824029E-06
 12 98 1.506501E-06 0 1.506501E-06
 12 99 -2.876622E-08 0 -2.876622E-08
 12 100 -2.040064E-08 0 -2.040064E-08
 13 25 -9.942135E-02 0 -9.942135E-02
 13 26 -9.977561E-03 0 -9.977561E-03
 13 27 -7.587649E-03 0 -7.587649E-03
 13 28 -3.039507E-03 0 -3.039507E-03
 13 29 -1.086433E-03 0 -1.086433E-03
 13 30 -9.771479E-05 0 -9.771479E-05
 13 31 -8.901992E-05 0 -8.901992E-05
 13 32 -1.540129E-04 0 -1.540129E-04
 13 33 -3.137608E-05 0 -3.137608E-05
 13 34 -2.098767E-05 0 -2.098767E-05
 13 35 -5.617082E-05 0 -5.617082E-05
 13 36 -2.001898E-04 0 -2.001898E-04
 13 37 -1.66338E-03 0 -1.66338E-03
 13 38 -1.662795E-03 0 -1.662795E-03
 13 39 -1.677492E-02 0 -1.677492E-02
 13 40 -1.907956E-02 0 -1.907956E-02
 13 41 -9.326614E-02 0 -9.326614E-02
 13 42 -5.501443E-02 0 -5.501443E-02
 13 43 -7.73279E-03 0 -7.73279E-03
 13 44 -6.237809E-03 0 -6.237809E-03
 13 45 -5.697244E-03 0 -5.697244E-03
 13 46 -2.21456E-03 0 -2.21456E-03
 13 47 -3.73199E-03 0 -3.73199E-03
 13 48 -4.748999E-04 0 -4.748999E-04
 13 49 -2.077796E-03 0 -2.077796E-03
 13 50 -7.414337E-03 0 -7.414337E-03
 13 51 -5.325192E-04 0 -5.325192E-04
 13 52 -7.540163E-04 0 -7.540163E-04
 13 53 -1.805502E-03 0 -1.805502E-03
 13 54 -3.019864E-03 0 -3.019864E-03
 13 55 -4.404281E-04 0 -4.404281E-04
 13 56 -3.773193E-04 0 -3.773193E-04
 13 57 -4.479021E-04 0 -4.479021E-04
 13 58 -1.834515E-04 0 -1.834515E-04
 13 59 -8.609933E-05 0 -8.609933E-05
 13 60 -4.4244E-04 0 -4.4244E-04
 13 61 -1.053395E-04 0 -1.053395E-04
 13 62 -1.69436E-04 0 -1.69436E-04
 13 63 -4.479941E-05 0 -4.479941E-05
 13 64 -5.827113E-05 0 -5.827113E-05
 13 65 -9.79623E-05 0 -9.79623E-05
 13 66 -1.272118E-04 0 -1.272118E-04
 13 67 -5.948729E-04 0 -5.948729E-04
 13 68 -3.311869E-04 0 -3.311869E-04
 13 69 -4.631052E-04 0 -4.631052E-04
 13 70 -7.212719E-05 0 -7.212719E-05
 13 71 -1.952124E-05 0 -1.952124E-05
 13 72 -3.711152E-05 0 -3.711152E-05
 13 73 -7.818609E-05 0 -7.818609E-05
 13 74 -6.866748E-04 0 -6.866748E-04
 13 75 -1.100567E-04 0 -1.100567E-04
 13 76 -1.422548E-04 0 -1.422548E-04
 13 77 -1.567776E-04 0 -1.567776E-04
 13 78 -5.773893E-04 0 -5.773893E-04
 13 79 -1.27206E-03 0 -1.27206E-03
 13 80 -5.992523E-03 0 -5.992523E-03
 13 81 -7.956677E-04 0 -7.956677E-04
 13 82 -2.13532E-04 0 -2.13532E-04
 13 83 -9.494183E-04 0 -9.494183E-04
 13 84 -3.019432E-04 0 -3.019432E-04
 13 85 -2.247045E-03 0 -2.247045E-03
 13 86 -6.294268E-04 0 -6.294268E-04
 13 87 -1.013699E-03 0 -1.013699E-03
 13 88 -8.719103E-04 0 -8.719103E-04
 13 89 -3.216974E-04 0 -3.216974E-04
 13 90 -2.991776E-04 0 -2.991776E-04
 13 91 -9.386986E-04 0 -9.386986E-04
 13 92 -1.47432E-04 0 -1.47432E-04
 13 93 -3.717776E-04 0 -3.717776E-04
 13 94 -1.306863E-04 0 -1.306863E-04
 13 95 -1.523245E-04 0 -1.523245E-04
 13 96 -3.361897E-05 0 -3.361897E-05
 13 97 -5.215591E-05 0 -5.215591E-05
 13 98 -1.433515E-05 0 -1.433515E-05
 13 99 -3.654012E-06 0 -3.654012E-06
 13 100 -2.493965E-06 0 -2.493965E-06
 14 25 -4.373544E-03 0 -4.373544E-03
 14 26 2.815634E-03 0 2.815634E-03
 14 27 -1.097774E-03 0 -1.097774E-03
 14 28 -6.579644E-04 0 -6.579644E-04
 14 29 -1.04172E-04 0 -1.04172E-04
 14 30 -1.654522E-02 -1.660133E-02 5.611484E-05
 14 31 2.664714E-05 0 2.664714E-05
 14 32 -4.110363E-05 0 -4.110363E-05
 14 33 9.402936E-06 0 9.402936E-06
 14 34 1.352947E-05 0 1.352947E-05
 14 35 -1.266255E-02 -1.269779E-02 3.523029E-05
 14 36 5.474798E-05 0 5.474798E-05
 14 37 -3.900974E-04 0 -3.900974E-04
 14 38 4.510815E-04 0 4.510815E-04
 14 39 -4.59135E-03 0 -4.59135E-03
 14 40 0.169216 0.149488 1.972766E-02
 14 41 -6.525033E-03 0 -6.525033E-03
 14 42 0.194715 0.167398 2.731746E-02
 14 43 1.65672E-03 0 1.65672E-03
 14 44 1.597544E-03 0 1.597544E-03
 14 45 0.107109 0.101756 5.353156E-03
 14 46 5.360097E-04 0 5.360097E-04
 14 47 -8.086427E-04 0 -8.086427E-04
 14 48 4.75367E-02 4.6745E-02 7.917061E-04
 14 49 2.333238E-03 0 2.333238E-03
 14 50 -9.605852E-04 0 -9.605852E-04
 14 51 -4.721523E-02 -4.768079E-02 4.655555E-04
 14 52 8.81532E-04 0 8.81532E-04
 14 53 -9.11978E-02 -9.360051E-02 2.402713E-03
 14 54 -1.117215E-03 0 -1.117215E-03
 14 55 4.712947E-04 0 4.712947E-04
 14 56 5.651488E-02 5.534966E-02 1.165216E-03
 14 57 -5.082076E-02 -5.137221E-02 5.514471E-04
 14 58 3.039461E-02 3.000422E-02 3.903865E-04
 14 59 9.750326E-05 0 9.750326E-05
 14 60 -1.531405E-04 0 -1.531405E-04
 14 61 1.033004E-04 0 1.033004E-04
 14 62 1.533222E-04 0 1.533222E-04
 14 63 1.427349E-02 1.419774E-02 7.574931E-05
 14 64 4.287185E-05 0 4.287185E-05
 14 65 6.86533E-05 0 6.86533E-05
 14 66 -1.382832E-02 -1.382842E-02 1.000966E-07
 14 67 -1.496195E-04 0 -1.496195E-04
 14 68 -6.275055E-05 0 -6.275055E-05
 14 69 -9.285348E-05 0 -9.285348E-05
 14 70 1.536985E-05 0 1.536985E-05
 14 71 9.515515E-06 0 9.515515E-06
 14 72 -8.222142E-03 -8.239634E-03 1.749198E-05
 14 73 3.860686E-05 0 3.860686E-05
 14 74 -1.539535E-04 0 -1.539535E-04
 14 75 1.696287E-02 1.68331E-02 1.297701E-04
 14 76 2.407755E-02 2.388178E-02 1.957717E-04
 14 77 9.674526E-05 0 9.674526E-05
 14 78 -2.653365E-02 -2.653398E-02 3.32406E-07
 14 79 2.319793E-04 0 2.319793E-04
 14 80 -8.786639E-04 0 -8.786639E-04
 14 81 2.143521E-04 0 2.143521E-04
 14 82 2.107555E-02 2.092331E-02 1.522384E-04
 14 83 -9.092667E-05 0 -9.092667E-05
 14 84 1.076657E-04 0 1.076657E-04
 14 85 -2.550586E-04 0 -2.550586E-04
 14 86 1.699905E-04 0 1.699905E-04
 14 87 -3.600837E-02 -3.626456E-02 2.56187E-04
 14 88 3.718721E-02 3.659781E-02 5.894027E-04
 14 89 1.144312E-04 0 1.144312E-04
 14 90 6.201363E-05 0 6.201363E-05
 14 91 -2.017129E-04 0 -2.017129E-04
 14 92 -6.466533E-03 -6.474551E-03 8.018209E-06
 14 93 -9.982249E-05 0 -9.982249E-05
 14 94 -1.373321E-05 0 -1.373321E-05
 14 95 -4.604049E-05 0 -4.604049E-05
 14 96 -6.219313E-03 -6.219341E-03 2.80947E-08
 14 97 -1.560876E-05 0 -1.560876E-05
 14 98 -3.501427E-03 -3.50144E-03 1.258583E-08
 14 99 2.743346E-06 0 2.743346E-06
 14 100 1.898307E-06 0 1.898307E-06
 15 25 -1.333342E-02 0 -1.333342E-02
 15 26 -3.189067E-03 0 -3.189067E-03
 15 27 -2.956918E-03 0 -2.956918E-03
 15 28 -1.696109E-03 0 -1.696109E-03
 15 29 -6.967831E-04 0 -6.967831E-04
 15 30 -9.385526E-05 0 -9.385526E-05
 15 31 -7.693005E-05 0 -7.693005E-05
 15 32 -1.200629E-04 0 -1.200629E-04
 15 33 -3.040463E-05 0 -3.040463E-05
 15 34 -2.111703E-05 0 -2.111703E-05
 15 35 -6.955757E-05 0 -6.955757E-05
 15 36 -1.741819E-04 0 -1.741819E-04
 15 37 -1.453199E-03 0 -1.453199E-03
 15 38 -1.323814E-03 0 -1.323814E-03
 15 39 -9.279323E-03 0 -9.279323E-03
 15 40 -7.419204E-03 0 -7.419204E-03
 15 41 -1.696826E-02 0 -1.696826E-02
 15 42 -5.635139E-03 0 -5.635139E-03
 15 43 -1.128459E-03 0 -1.128459E-03
 15 44 -9.844401E-04 0 -9.844401E-04
 15 45 -1.144712E-03 0 -1.144712E-03
 15 46 -6.663499E-04 0 -6.663499E-04
 15 47 -1.405513E-03 0 -1.405513E-03
 15 48 -2.581429E-04 0 -2.581429E-04
 15 49 -1.21983E-03 0 -1.21983E-03
 15 50 -3.264867E-03 0 -3.264867E-03
 15 51 -4.447644E-04 0 -4.447644E-04
 15 52 -7.001653E-04 0 -7.001653E-04
 15 53 -2.087278E-03 0 -2.087278E-03
 15 54 -2.63183E-03 0 -2.63183E-03
 15 55 -5.316648E-04 0 -5.316648E-04
 15 56 -6.144578E-04 0 -6.144578E-04
 15 57 -8.735632E-04 0 -8.735632E-04
 15 58 -2.686047E-04 0 -2.686047E-04
 15 59 -1.234944E-04 0 -1.234944E-04
 15 60 -4.634086E-04 0 -4.634086E-04
 15 61 -1.160316E-04 0 -1.160316E-04
 15 62 -1.511852E-04 0 -1.511852E-04
 15 63 -3.84502E-05 0 -3.84502E-05
 15 64 -5.495299E-05 0 -5.495299E-05
 15 65 -8.489908E-05 0 -8.489908E-05
 15 66 -9.639708E-05 0 -9.639708E-05
 15 67 -3.246878E-04 0 -3.246878E-04
 15 68 -1.803943E-04 0 -1.803943E-04
 15 69 -2.202651E-04 0 -2.202651E-04
 15 70 -3.508666E-05 0 -3.508666E-05
 15 71 -1.162026E-05 0 -1.162026E-05
 15 72 -2.497269E-05 0 -2.497269E-05
 15 73 -4.659611E-05 0 -4.659611E-05
 15 74 -3.045574E-04 0 -3.045574E-04
 15 75 -6.220643E-05 0 -6.220643E-05
 15 76 -7.934574E-05 0 -7.934574E-05
 15 77 -7.604971E-05 0 -7.604971E-05
 15 78 -2.353326E-04 0 -2.353326E-04
 15 79 -3.476473E-04 0 -3.476473E-04
 15 80 -1.368062E-03 0 -1.368062E-03
 15 81 -2.035377E-04 0 -2.035377E-04
 15 82 -6.915923E-05 0 -6.915923E-05
 15 83 -3.067043E-04 0 -3.067043E-04
 15 84 -1.148169E-04 0 -1.148169E-04
 15 85 -6.667582E-04 0 -6.667582E-04
 15 86 -2.247869E-04 0 -2.247869E-04
 15 87 -3.916165E-04 0 -3.916165E-04
 15 88 -3.971712E-04 0 -3.971712E-04
 15 89 -1.579587E-04 0 -1.579587E-04
 15 90 -1.638887E-04 0 -1.638887E-04
 15 91 -4.75182E-04 0 -4.75182E-04
 15 92 -9.951265E-05 0 -9.951265E-05
 15 93 -2.491597E-04 0 -2.491597E-04
 15 94 -9.595284E-05 0 -9.595284E-05
 15 95 -1.192757E-04 0 -1.192757E-04
 15 96 -3.148365E-05 0 -3.148365E-05
 15 97 -4.341332E-05 0 -4.341332E-05
 15 98 -1.540298E-05 0 -1.540298E-05
 15 99 -3.725395E-06 0 -3.725395E-06
 15 100 -2.711716E-06 0 -2.711716E-06
 16 25 -5.15087E-03 0 -5.15087E-03
 16 26 2.99766E-03 0 2.99766E-03
 16 27 -1.208358E-03 0 -1.208358E-03
 16 28 -8.384345E-04 0 -8.384345E-04
 16 29 -1.448371E-04 0 -1.448371E-04
 16 30 1.119414E-04 0 1.119414E-04
 16 31 1.061068E-05 0 1.061068E-05
 16 32 -3.47848E-05 0 -3.47848E-05
 16 33 3.963478E-06 0 3.963478E-06
 16 34 4.540107E-06 0 4.540107E-06
 16 35 8.180883E-05 0 8.180883E-05
 16 36 3.040505E-05 0 3.040505E-05
 16 37 -4.967035E-04 0 -4.967035E-04
 16 38 3.247701E-04 0 3.247701E-04
 16 39 -4.629905E-03 0 -4.629905E-03
 16 40 8.696225E-03 0 8.696225E-03
 16 41 -3.815977E-03 0 -3.815977E-03
 16 42 3.366928E-03 0 3.366928E-03
 16 43 3.776499E-04 0 3.776499E-04
 16 44 2.373466E-04 0 2.373466E-04
 16 45 3.955893E-04 0 3.955893E-04
 16 46 6.208178E-05 0 6.208178E-05
 16 47 -2.587696E-04 0 -2.587696E-04
 16 48 8.330265E-05 0 8.330265E-05
 16 49 3.166066E-04 0 3.166066E-04
 16 50 -4.516178E-04 0 -4.516178E-04
 16 51 3.383188E-04 0 3.383188E-04
 16 52 1.354611E-04 0 1.354611E-04
 16 53 1.549522E-03 0 1.549522E-03
 16 54 -5.329623E-04 0 -5.329623E-04
 16 55 1.463986E-04 0 1.463986E-04
 16 56 1.949079E-04 0 1.949079E-04
 16 57 7.2748E-04 0 7.2748E-04
 16 58 1.224824E-04 0 1.224824E-04
 16 59 1.755989E-05 0 1.755989E-05
 16 60 -8.011531E-05 0 -8.011531E-05
 16 61 2.473908E-05 0 2.473908E-05
 16 62 3.32655E-05 0 3.32655E-05
 16 63 1.307283E-05 0 1.307283E-05
 16 64 1.57411E-05 0 1.57411E-05
 16 65 2.681439E-05 0 2.681439E-05
 16 66 2.745431E-05 0 2.745431E-05
 16 67 -8.876484E-05 0 -8.876484E-05
 16 68 -4.141779E-05 0 -4.141779E-05
 16 69 -7.293367E-05 0 -7.293367E-05
 16 70 3.032962E-06 0 3.032962E-06
 16 71 2.203706E-06 0 2.203706E-06
 16 72 2.298432E-05 0 2.298432E-05
 16 73 1.610185E-05 0 1.610185E-05
 16 74 -7.715799E-05 0 -7.715799E-05
 16 75 2.54523E-05 0 2.54523E-05
 16 76 2.771039E-05 0 2.771039E-05
 16 77 9.955032E-06 0 9.955032E-06
 16 78 5.833615E-05 0 5.833615E-05
 16 79 3.563754E-05 0 3.563754E-05
 16 80 -3.815735E-04 0 -3.815735E-04
 16 81 6.059587E-05 0 6.059587E-05
 16 82 3.038362E-05 0 3.038362E-05
 16 83 -4.085513E-05 0 -4.085513E-05
 16 84 5.159221E-05 0 5.159221E-05
 16 85 -1.920075E-04 0 -1.920075E-04
 16 86 1.243564E-04 0 1.243564E-04
 16 87 6.850364E-04 0 6.850364E-04
 16 88 3.913829E-04 0 3.913829E-04
 16 89 7.325358E-05 0 7.325358E-05
 16 90 2.899613E-05 0 2.899613E-05
 16 91 -1.618527E-04 0 -1.618527E-04
 16 92 6.681787E-06 0 6.681787E-06
 16 93 -7.109807E-05 0 -7.109807E-05
 16 94 -1.409345E-05 0 -1.409345E-05
 16 95 -2.859142E-05 0 -2.859142E-05
 16 96 8.239291E-06 0 8.239291E-06
 16 97 -9.653047E-06 0 -9.653047E-06
 16 98 3.751254E-06 0 3.751254E-06
 16 99 5.149225E-07 0 5.149225E-07
 16 100 3.723485E-07 0 3.723485E-07
 17 25 -8.737062E-02 0 -8.737062E-02
 17 26 -3.204979E-02 0 -3.204979E-02
 17 27 -2.170578E-02 0 -2.170578E-02
 17 28 -1.090789E-02 0 -1.090789E-02
 17 29 -3.790514E-03 0 -3.790514E-03
 17 30 -3.974231E-04 0 -3.974231E-04
 17 31 -2.839819E-04 0 -2.839819E-04
 17 32 -3.728834E-04 0 -3.728834E-04
 17 33 -9.146457E-05 0 -9.146457E-05
 17 34 -6.940751E-05 0 -6.940751E-05
 17 35 -2.715028E-04 0 -2.715028E-04
 17 36 -8.337772E-04 0 -8.337772E-04
 17 37 -9.54685E-03 0 -9.54685E-03
 17 38 -1.339879E-02 0 -1.339879E-02
 17 39 -0.126107 0 -0.126107
 17 40 -0.120538 0 -0.120538
 17 41 -0.154955 0 -0.154955
 17 42 -2.321705E-02 0 -2.321705E-02
 17 43 -3.307465E-03 0 -3.307465E-03
 17 44 -1.876778E-03 0 -1.876778E-03
 17 45 -2.748313E-03 0 -2.748313E-03
 17 46 -1.630251E-03 0 -1.630251E-03
 17 47 -4.30833E-03 0 -4.30833E-03
 17 48 -6.824529E-04 0 -6.824529E-04
 17 49 -3.917963E-03 0 -3.917963E-03
 17 50 -1.631906E-02 0 -1.631906E-02
 17 51 -1.720685E-03 0 -1.720685E-03
 17 52 -2.452651E-03 0 -2.452651E-03
 17 53 -1.250048E-02 0 -1.250048E-02
 17 54 -1.426577E-02 0 -1.426577E-02
 17 55 -1.956966E-03 0 -1.956966E-03
 17 56 -2.337673E-03 0 -2.337673E-03
 17 57 -4.576449E-03 0 -4.576449E-03
 17 58 -1.140464E-03 0 -1.140464E-03
 17 59 -3.961125E-04 0 -3.961125E-04
 17 60 -1.408221E-03 0 -1.408221E-03
 17 61 -3.033961E-04 0 -3.033961E-04
 17 62 -4.192186E-04 0 -4.192186E-04
 17 63 -9.086662E-05 0 -9.086662E-05
 17 64 -1.3719E-04 0 -1.3719E-04
 17 65 -2.517209E-04 0 -2.517209E-04
 17 66 -2.818907E-04 0 -2.818907E-04
 17 67 -1.074791E-03 0 -1.074791E-03
 17 68 -5.419228E-04 0 -5.419228E-04
 17 69 -6.580489E-04 0 -6.580489E-04
 17 70 -9.145239E-05 0 -9.145239E-05
 17 71 -2.832171E-05 0 -2.832171E-05
 17 72 -6.073676E-05 0 -6.073676E-05
 17 73 -1.197514E-04 0 -1.197514E-04
 17 74 -8.337387E-04 0 -8.337387E-04
 17 75 -1.465603E-04 0 -1.465603E-04
 17 76 -1.872075E-04 0 -1.872075E-04
 17 77 -1.516059E-04 0 -1.516059E-04
 17 78 -4.880245E-04 0 -4.880245E-04
 17 79 -7.495588E-04 0 -7.495588E-04
 17 80 -3.767382E-03 0 -3.767382E-03
 17 81 -4.411579E-04 0 -4.411579E-04
 17 82 -1.383403E-04 0 -1.383403E-04
 17 83 -7.395042E-04 0 -7.395042E-04
 17 84 -2.789291E-04 0 -2.789291E-04
 17 85 -2.079575E-03 0 -2.079575E-03
 17 86 -7.264562E-04 0 -7.264562E-04
 17 87 -1.567386E-03 0 -1.567386E-03
 17 88 -2.085711E-03 0 -2.085711E-03
 17 89 -6.860994E-04 0 -6.860994E-04
 17 90 -7.091525E-04 0 -7.091525E-04
 17 91 -1.932902E-03 0 -1.932902E-03
 17 92 -3.462734E-04 0 -3.462734E-04
 17 93 -8.607478E-04 0 -8.607478E-04
 17 94 -2.785405E-04 0 -2.785405E-04
 17 95 -3.213036E-04 0 -3.213036E-04
 17 96 -7.441193E-05 0 -7.441193E-05
 17 97 -9.521807E-05 0 -9.521807E-05
 17 98 -3.133686E-05 0 -3.133686E-05
 17 99 -7.002504E-06 0 -7.002504E-06
 17 100 -4.929983E-06 0 -4.929983E-06
 18 25 -7.460095E-04 0 -7.460095E-04
 18 26 3.544135E-03 0 3.544135E-03
 18 27 -1.052002E-03 0 -1.052002E-03
 18 28 -1.040384E-03 0 -1.040384E-03
 18 29 -1.082463E-04 0 -1.082463E-04
 18 30 2.146355E-02 2.0964E-02 4.995536E-04
 18 31 1.003998E-04 0 1.003998E-04
 18 32 -6.327901E-05 0 -6.327901E-05
 18 33 3.687952E-05 0 3.687952E-05
 18 34 3.391919E-05 0 3.391919E-05
 18 35 1.957649E-02 1.915405E-02 4.224357E-04
 18 36 2.58944E-04 0 2.58944E-04
 18 37 -9.318352E-04 0 -9.318352E-04
 18 38 2.73345E-03 0 2.73345E-03
 18 39 -8.781168E-03 0 -8.781168E-03
 18 40 -0.139166 -0.147487 8.320643E-03
 18 41 -1.528397E-03 0 -1.528397E-03
 18 42 -7.955681E-02 -8.122317E-02 1.666357E-03
 18 43 6.986873E-04 0 6.986873E-04
 18 44 4.990353E-04 0 4.990353E-04
 18 45 -4.860221E-02 -4.914192E-02 5.397128E-04
 18 46 3.5547E-04 0 3.5547E-04
 18 47 -3.368319E-04 0 -3.368319E-04
 18 48 -3.246095E-02 -3.268413E-02 2.231717E-04
 18 49 1.544289E-03 0 1.544289E-03
 18 50 -3.983825E-04 0 -3.983825E-04
 18 51 4.594847E-02 4.372033E-02 2.228134E-03
 18 52 1.502854E-03 0 1.502854E-03
 18 53 0.122576 0.104147 1.842884E-02
 18 54 -1.720601E-03 0 -1.720601E-03
 18 55 1.143257E-03 0 1.143257E-03
 18 56 -7.865977E-02 -8.042089E-02 1.761123E-03
 18 57 0.100018 8.812333E-02 1.189418E-02
 18 58 -4.711545E-02 -4.757876E-02 4.633163E-04
 18 59 3.009456E-04 0 3.009456E-04
 18 60 -2.305505E-04 0 -2.305505E-04
 18 61 2.069544E-04 0 2.069544E-04
 18 62 2.395938E-04 0 2.395938E-04
 18 63 -1.322138E-02 -1.326244E-02 4.105862E-05
 18 64 6.844168E-05 0 6.844168E-05
 18 65 1.126872E-04 0 1.126872E-04
 18 66 1.356363E-02 1.337199E-02 1.91637E-04
 18 67 -1.432716E-04 0 -1.432716E-04
 18 68 -5.090054E-05 0 -5.090054E-05
 18 69 -7.893439E-05 0 -7.893439E-05
 18 70 1.888383E-05 0 1.888383E-05
 18 71 1.055576E-05 0 1.055576E-05
 18 72 6.668054E-03 6.595585E-03 7.246865E-05
 18 73 4.167636E-05 0 4.167636E-05
 18 74 -1.034791E-04 0 -1.034791E-04
 18 75 -1.206741E-02 -1.20999E-02 3.248625E-05
 18 76 -1.693472E-02 -1.699809E-02 6.336697E-05
 18 77 5.66769E-05 0 5.66769E-05
 18 78 1.590499E-02 1.565313E-02 2.51858E-04
 18 79 1.595978E-04 0 1.595978E-04
 18 80 -3.205771E-04 0 -3.205771E-04
 18 81 1.327521E-04 0 1.327521E-04
 18 82 -1.193549E-02 -1.197003E-02 3.453731E-05
 18 83 -3.342524E-05 0 -3.342524E-05
 18 84 8.607063E-05 0 8.607063E-05
 18 85 -1.284181E-04 0 -1.284181E-04
 18 86 1.564377E-04 0 1.564377E-04
 18 87 3.085678E-02 2.986147E-02 9.953134E-04
 18 88 -3.58146E-02 -3.606785E-02 2.532579E-04
 18 89 2.093804E-04 0 2.093804E-04
 18 90 1.611008E-04 0 1.611008E-04
 18 91 -2.190941E-04 0 -2.190941E-04
 18 92 6.994991E-03 6.90729E-03 8.770173E-05
 18 93 -1.295409E-04 0 -1.295409E-04
 18 94 -1.115657E-05 0 -1.115657E-05
 18 95 -5.90776E-05 0 -5.90776E-05
 18 96 6.62357E-03 6.561895E-03 6.167517E-05
 18 97 -1.901849E-05 0 -1.901849E-05
 18 98 3.931603E-03 3.90209E-03 2.9513E-05
 18 99 4.153192E-06 0 4.153192E-06
 18 100 3.067386E-06 0 3.067386E-06
 19 25 -1.325032E-03 0 -1.325032E-03
 19 26 2.024226E-03 0 2.024226E-03
 19 27 -8.941296E-04 0 -8.941296E-04
 19 28 -8.514065E-04 0 -8.514065E-04
 19 29 -1.154908E-04 0 -1.154908E-04
 19 30 -1.900317E-02 -1.907534E-02 7.21689E-05
 19 31 3.42853E-05 0 3.42853E-05
 19 32 -4.872399E-05 0 -4.872399E-05
 19 33 1.378848E-05 0 1.378848E-05
 19 34 2.281503E-05 0 2.281503E-05
 19 35 -1.870393E-02 -1.877403E-02 7.009108E-05
 19 36 1.090044E-04 0 1.090044E-04
 19 37 -9.270263E-04 0 -9.270263E-04
 19 38 1.143885E-03 0 1.143885E-03
 19 39 -5.100213E-03 0 -5.100213E-03
 19 40 0.126251 0.116466 9.78507E-03
 19 41 -8.795605E-04 0 -8.795605E-04
 19 42 5.935722E-02 5.772523E-02 1.631996E-03
 19 43 1.904039E-04 0 1.904039E-04
 19 44 1.211249E-04 0 1.211249E-04
 19 45 3.241074E-02 3.205871E-02 3.520331E-04
 19 46 6.67415E-05 0 6.67415E-05
 19 47 -1.635914E-04 0 -1.635914E-04
 19 48 2.074741E-02 2.059955E-02 1.478592E-04
 19 49 2.790478E-04 0 2.790478E-04
 19 50 -2.130115E-04 0 -2.130115E-04
 19 51 -2.841844E-02 -2.857525E-02 1.568049E-04
 19 52 2.399173E-04 0 2.399173E-04
 19 53 -6.249899E-02 -6.34024E-02 9.034116E-04
 19 54 -7.662878E-04 0 -7.662878E-04
 19 55 3.165119E-04 0 3.165119E-04
 19 56 5.244623E-02 5.146165E-02 9.845786E-04
 19 57 -6.268238E-02 -6.359231E-02 9.099301E-04
 19 58 3.717932E-02 3.659018E-02 5.891421E-04
 19 59 1.088245E-04 0 1.088245E-04
 19 60 -1.284996E-04 0 -1.284996E-04
 19 61 6.136266E-05 0 6.136266E-05
 19 62 6.841296E-05 0 6.841296E-05
 19 63 8.993453E-03 8.958036E-03 3.541696E-05
 19 64 2.655291E-05 0 2.655291E-05
 19 65 4.442241E-05 0 4.442241E-05
 19 66 -9.906984E-03 -9.907042E-03 5.749637E-08
 19 67 -8.577826E-05 0 -8.577826E-05
 19 68 -3.797742E-05 0 -3.797742E-05
 19 69 -5.520727E-05 0 -5.520727E-05
 19 70 9.05656E-06 0 9.05656E-06
 19 71 5.812648E-06 0 5.812648E-06
 19 72 -5.232529E-03 -5.241454E-03 8.925129E-06
 19 73 1.871137E-05 0 1.871137E-05
 19 74 -5.901892E-05 0 -5.901892E-05
 19 75 8.523784E-03 8.4825E-03 4.128396E-05
 19 76 1.137579E-02 1.132409E-02 5.169628E-05
 19 77 1.989516E-05 0 1.989516E-05
 19 78 -1.078341E-02 -1.078348E-02 6.596851E-08
 19 79 3.599964E-05 0 3.599964E-05
 19 80 -1.747617E-04 0 -1.747617E-04
 19 81 4.211401E-05 0 4.211401E-05
 19 82 9.270942E-03 9.233786E-03 3.715655E-05
 19 83 -2.834226E-05 0 -2.834226E-05
 19 84 3.572268E-05 0 3.572268E-05
 19 85 -1.037806E-04 0 -1.037806E-04
 19 86 9.44812E-05 0 9.44812E-05
 19 87 -2.926151E-02 -2.942788E-02 1.663629E-04
 19 88 3.704965E-02 3.646478E-02 5.848707E-04
 19 89 9.417535E-05 0 9.417535E-05
 19 90 6.039727E-05 0 6.039727E-05
 19 91 -1.552221E-04 0 -1.552221E-04
 19 92 -5.879213E-03 -5.886045E-03 6.831992E-06
 19 93 -8.593277E-05 0 -8.593277E-05
 19 94 -1.098094E-05 0 -1.098094E-05
 19 95 -3.685066E-05 0 -3.685066E-05
 19 96 -4.897142E-03 -4.897161E-03 1.991445E-08
 19 97 -1.234177E-05 0 -1.234177E-05
 19 98 -2.892654E-03 -2.892664E-03 9.806095E-09
 19 99 1.990712E-06 0 1.990712E-06
 19 100 1.518513E-06 0 1.518513E-06
 20 25 -3.674754E-03 0 -3.674754E-03
 20 26 6.260129E-03 0 6.260129E-03
 20 27 -3.125873E-03 0 -3.125873E-03
 20 28 -3.171967E-03 0 -3.171967E-03
 20 29 -4.835242E-04 0 -4.835242E-04
 20 30 3.548655E-04 0 3.548655E-04
 20 31 3.189174E-05 0 3.189174E-05
 20 32 -8.822882E-05 0 -8.822882E-05
 20 33 1.120206E-05 0 1.120206E-05
 20 34 1.453257E-05 0 1.453257E-05
 20 35 3.307811E-04 0 3.307811E-04
 20 36 1.39006E-04 0 1.39006E-04
 20 37 -3.274956E-03 0 -3.274956E-03
 20 38 2.865754E-03 0 2.865754E-03
 20 39 -2.332383E-02 0 -2.332383E-02
 20 40 2.01074E-02 0 2.01074E-02
 20 41 -3.249029E-03 0 -3.249029E-03
 20 42 1.273754E-03 0 1.273754E-03
 20 43 1.843527E-04 0 1.843527E-04
 20 44 9.28016E-05 0 9.28016E-05
 20 45 1.870628E-04 0 1.870628E-04
 20 46 4.188247E-05 0 4.188247E-05
 20 47 -2.50399E-04 0 -2.50399E-04
 20 48 7.880689E-05 0 7.880689E-05
 20 49 2.670606E-04 0 2.670606E-04
 20 50 -5.841118E-04 0 -5.841118E-04
 20 51 5.184855E-04 0 5.184855E-04
 20 52 1.861558E-04 0 1.861558E-04
 20 53 3.069208E-03 0 3.069208E-03
 20 54 -1.440648E-03 0 -1.440648E-03
 20 55 3.284772E-04 0 3.284772E-04
 20 56 4.950749E-04 0 4.950749E-04
 20 57 3.217757E-03 0 3.217757E-03
 20 58 4.670828E-04 0 4.670828E-04
 20 59 4.788213E-05 0 4.788213E-05
 20 60 -1.810102E-04 0 -1.810102E-04
 20 61 4.301757E-05 0 4.301757E-05
 20 62 5.087676E-05 0 5.087676E-05
 20 63 1.851938E-05 0 1.851938E-05
 20 64 2.636547E-05 0 2.636547E-05
 20 65 4.995108E-05 0 4.995108E-05
 20 66 4.6067E-05 0 4.6067E-05
 20 67 -1.533097E-04 0 -1.533097E-04
 20 68 -6.712614E-05 0 -6.712614E-05
 20 69 -1.10475E-04 0 -1.10475E-04
 20 70 4.099706E-06 0 4.099706E-06
 20 71 3.037201E-06 0 3.037201E-06
 20 72 2.937516E-05 0 2.937516E-05
 20 73 2.147406E-05 0 2.147406E-05
 20 74 -9.419529E-05 0 -9.419529E-05
 20 75 2.703297E-05 0 2.703297E-05
 20 76 2.810886E-05 0 2.810886E-05
 20 77 8.089476E-06 0 8.089476E-06
 20 78 4.435953E-05 0 4.435953E-05
 20 79 2.292969E-05 0 2.292969E-05
 20 80 -2.850304E-04 0 -2.850304E-04
 20 81 3.71978E-05 0 3.71978E-05
 20 82 2.143829E-05 0 2.143829E-05
 20 83 -3.595409E-05 0 -3.595409E-05
 20 84 4.276648E-05 0 4.276648E-05
 20 85 -2.023809E-04 0 -2.023809E-04
 20 86 1.466184E-04 0 1.466184E-04
 20 87 8.813935E-04 0 8.813935E-04
 20 88 8.559572E-04 0 8.559572E-04
 20 89 1.439138E-04 0 1.439138E-04
 20 90 7.011177E-05 0 7.011177E-05
 20 91 -3.467344E-04 0 -3.467344E-04
 20 92 1.44376E-05 0 1.44376E-05
 20 93 -1.61075E-04 0 -1.61075E-04
 20 94 -2.793486E-05 0 -2.793486E-05
 20 95 -5.564513E-05 0 -5.564513E-05
 20 96 1.389942E-05 0 1.389942E-05
 20 97 -1.643202E-05 0 -1.643202E-05
 20 98 6.12641E-06 0 6.12641E-06
 20 99 7.687689E-07 0 7.687689E-07
 20 100 5.71322E-07 0 5.71322E-07
 21 25 -3.714015E-03 0 -3.714015E-03
 21 26 4.179769E-03 0 4.179769E-03
 21 27 -5.955695E-03 0 -5.955695E-03
 21 28 -7.087828E-03 0 -7.087828E-03
 21 29 -1.599331E-03 0 -1.599331E-03
 21 30 4.017941E-02 3.871322E-02 1.466195E-03
 21 31 1.378505E-04 0 1.378505E-04
 21 32 -2.982656E-04 0 -2.982656E-04
 21 33 4.583916E-05 0 4.583916E-05
 21 34 6.126845E-05 0 6.126845E-05
 21 35 4.095297E-02 3.942796E-02 1.525013E-03
 21 36 5.245243E-04 0 5.245243E-04
 21 37 -1.331647E-02 0 -1.331647E-02
 21 38 9.544026E-03 0 9.544026E-03
 21 39 -7.58433E-02 0 -7.58433E-02
 21 40 -0.193898 -0.193942 4.369226E-05
 21 41 -6.416334E-03 0 -6.416334E-03
 21 42 -6.707441E-02 -6.707695E-02 2.542062E-06
 21 43 3.192534E-04 0 3.192534E-04
 21 44 1.785258E-04 0 1.785258E-04
 21 45 -3.970917E-02 -3.969657E-02 -1.25946E-05
 21 46 1.234405E-04 0 1.234405E-04
 21 47 -7.512325E-04 0 -7.512325E-04
 21 48 -3.24692E-02 -3.246097E-02 -8.235664E-06
 21 49 8.466309E-04 0 8.466309E-04
 21 50 -2.172927E-03 0 -2.172927E-03
 21 51 5.623103E-02 5.325088E-02 2.980147E-03
 21 52 1.083084E-03 0 1.083084E-03
 21 53 0.155881 0.128232 2.764845E-02
 21 54 -9.920464E-03 0 -9.920464E-03
 21 55 1.29626E-03 0 1.29626E-03
 21 56 -0.108917 -0.108772 -1.453169E-04
 21 57 0.208332 0.158661 4.967052E-02
 21 58 -8.639845E-02 -8.640324E-02 4.790061E-06
 21 59 4.398739E-04 0 4.398739E-04
 21 60 -1.041678E-03 0 -1.041678E-03
 21 61 1.676178E-04 0 1.676178E-04
 21 62 1.76901E-04 0 1.76901E-04
 21 63 -1.628156E-02 -1.627936E-02 -2.195801E-06
 21 64 6.12507E-05 0 6.12507E-05
 21 65 1.161024E-04 0 1.161024E-04
 21 66 1.888117E-02 1.871807E-02 1.630976E-04
 21 67 -4.848999E-04 0 -4.848999E-04
 21 68 -1.882165E-04 0 -1.882165E-04
 21 69 -2.386138E-04 0 -2.386138E-04
 21 70 1.52805E-05 0 1.52805E-05
 21 71 9.156513E-06 0 9.156513E-06
 21 72 8.619208E-03 8.527277E-03 9.193099E-05
 21 73 3.334037E-05 0 3.334037E-05
 21 74 -2.566129E-04 0 -2.566129E-04
 21 75 -1.352436E-02 -1.352445E-02 9.635279E-08
 21 76 -1.803606E-02 -1.803342E-02 -2.639059E-06
 21 77 2.868193E-05 0 2.868193E-05
 21 78 1.509641E-02 1.498681E-02 1.09594E-04
 21 79 5.741827E-05 0 5.741827E-05
 21 80 -5.676753E-04 0 -5.676753E-04
 21 81 6.976001E-05 0 6.976001E-05
 21 82 -1.164922E-02 -1.164798E-02 -1.235407E-06
 21 83 -1.133726E-04 0 -1.133726E-04
 21 84 6.398036E-05 0 6.398036E-05
 21 85 -3.572028E-04 0 -3.572028E-04
 21 86 1.252712E-04 0 1.252712E-04
 21 87 3.924422E-02 3.784731E-02 1.396906E-03
 21 88 -5.345149E-02 -5.345298E-02 1.483904E-06
 21 89 2.766104E-04 0 2.766104E-04
 21 90 1.824813E-04 0 1.824813E-04
 21 91 -9.286372E-04 0 -9.286372E-04
 21 92 1.119656E-02 1.116907E-02 2.748935E-05
 21 93 -5.619029E-04 0 -5.619029E-04
 21 94 -9.475887E-05 0 -9.475887E-05
 21 95 -2.107588E-04 0 -2.107588E-04
 21 96 9.465061E-03 9.414589E-03 5.047229E-05
 21 97 -5.789244E-05 0 -5.789244E-05
 21 98 5.544951E-03 5.522442E-03 2.250867E-05
 21 99 3.380155E-06 0 3.380155E-06
 21 100 2.527565E-06 0 2.527565E-06
 22 25 -1.067943E-03 0 -1.067943E-03
 22 26 2.352064E-03 0 2.352064E-03
 22 27 -2.719992E-03 0 -2.719992E-03
 22 28 -5.914594E-03 0 -5.914594E-03
 22 29 -9.85924E-04 0 -9.85924E-04
 22 30 9.743391E-04 0 9.743391E-04
 22 31 1.44877E-04 0 1.44877E-04
 22 32 -2.38898E-04 0 -2.38898E-04
 22 33 5.165543E-05 0 5.165543E-05
 22 34 6.901074E-05 0 6.901074E-05
 22 35 1.429766E-03 0 1.429766E-03
 22 36 8.162496E-04 0 8.162496E-04
 22 37 -1.603099E-02 0 -1.603099E-02
 22 38 1.320761E-02 0 1.320761E-02
 22 39 -3.327997E-02 0 -3.327997E-02
 22 40 8.487924E-03 0 8.487924E-03
 22 41 -1.116414E-03 0 -1.116414E-03
 22 42 4.695331E-04 0 4.695331E-04
 22 43 1.099363E-04 0 1.099363E-04
 22 44 5.732775E-05 0 5.732775E-05
 22 45 1.034376E-04 0 1.034376E-04
 22 46 4.291205E-05 0 4.291205E-05
 22 47 -2.029386E-04 0 -2.029386E-04
 22 48 8.266053E-05 0 8.266053E-05
 22 49 2.138903E-04 0 2.138903E-04
 22 50 -4.810545E-04 0 -4.810545E-04
 22 51 7.267247E-04 0 7.267247E-04
 22 52 3.30106E-04 0 3.30106E-04
 22 53 4.417457E-03 0 4.417457E-03
 22 54 -3.075506E-03 0 -3.075506E-03
 22 55 6.540955E-04 0 6.540955E-04
 22 56 1.406514E-03 0 1.406514E-03
 22 57 1.640516E-02 0 1.640516E-02
 22 58 2.607026E-03 0 2.607026E-03
 22 59 2.348333E-04 0 2.348333E-04
 22 60 -4.354158E-04 0 -4.354158E-04
 22 61 1.072051E-04 0 1.072051E-04
 22 62 1.043704E-04 0 1.043704E-04
 22 63 3.190188E-05 0 3.190188E-05
 22 64 4.191367E-05 0 4.191367E-05
 22 65 8.324636E-05 0 8.324636E-05
 22 66 8.708432E-05 0 8.708432E-05
 22 67 -2.503438E-04 0 -2.503438E-04
 22 68 -8.819174E-05 0 -8.819174E-05
 22 69 -1.371289E-04 0 -1.371289E-04
 22 70 9.370606E-06 0 9.370606E-06
 22 71 5.484341E-06 0 5.484341E-06
 22 72 3.556024E-05 0 3.556024E-05
 22 73 2.311128E-05 0 2.311128E-05
 22 74 -1.119107E-04 0 -1.119107E-04
 22 75 3.296362E-05 0 3.296362E-05
 22 76 3.245645E-05 0 3.245645E-05
 22 77 1.033186E-05 0 1.033186E-05
 22 78 3.975059E-05 0 3.975059E-05
 22 79 2.257101E-05 0 2.257101E-05
 22 80 -1.946658E-04 0 -1.946658E-04
 22 81 2.980941E-05 0 2.980941E-05
 22 82 1.618054E-05 0 1.618054E-05
 22 83 -3.125132E-05 0 -3.125132E-05
 22 84 2.966635E-05 0 2.966635E-05
 22 85 -1.376926E-04 0 -1.376926E-04
 22 86 8.978482E-05 0 8.978482E-05
 22 87 5.372402E-04 0 5.372402E-04
 22 88 7.954691E-04 0 7.954691E-04
 22 89 2.10158E-04 0 2.10158E-04
 22 90 1.606203E-04 0 1.606203E-04
 22 91 -5.762961E-04 0 -5.762961E-04
 22 92 3.76314E-05 0 3.76314E-05
 22 93 -3.636815E-04 0 -3.636815E-04
 22 94 -4.807251E-05 0 -4.807251E-05
 22 95 -1.238142E-04 0 -1.238142E-04
 22 96 2.934488E-05 0 2.934488E-05
 22 97 -3.325316E-05 0 -3.325316E-05
 22 98 1.319756E-05 0 1.319756E-05
 22 99 1.938135E-06 0 1.938135E-06
 22 100 1.498491E-06 0 1.498491E-06
 23 25 -3.983232E-03 0 -3.983232E-03
 23 26 1.787143E-02 0 1.787143E-02
 23 27 -1.589239E-02 0 -1.589239E-02
 23 28 -2.863118E-02 0 -2.863118E-02
 23 29 -3.309411E-03 0 -3.309411E-03
 23 30 2.091471E-03 0 2.091471E-03
 23 31 1.522301E-04 0 1.522301E-04
 23 32 -3.291842E-04 0 -3.291842E-04
 23 33 4.341318E-05 0 4.341318E-05
 23 34 6.951339E-05 0 6.951339E-05
 23 35 2.235104E-03 0 2.235104E-03
 23 36 1.372384E-03 0 1.372384E-03
 23 37 -5.758184E-02 0 -5.758184E-02
 23 38 8.886175E-02 0 8.886175E-02
 23 39 -0.146253 0 -0.146253
 23 40 3.672711E-02 0 3.672711E-02
 23 41 -3.795089E-03 0 -3.795089E-03
 23 42 9.507869E-04 0 9.507869E-04
 23 43 1.804725E-04 0 1.804725E-04
 23 44 7.519094E-05 0 7.519094E-05
 23 45 1.620935E-04 0 1.620935E-04
 23 46 4.733405E-05 0 4.733405E-05
 23 47 -3.783913E-04 0 -3.783913E-04
 23 48 1.041087E-04 0 1.041087E-04
 23 49 2.982394E-04 0 2.982394E-04
 23 50 -1.005961E-03 0 -1.005961E-03
 23 51 9.951885E-04 0 9.951885E-04
 23 52 2.598668E-04 0 2.598668E-04
 23 53 4.963954E-03 0 4.963954E-03
 23 54 -4.177678E-03 0 -4.177678E-03
 23 55 6.758914E-04 0 6.758914E-04
 23 56 8.003249E-04 0 8.003249E-04
 23 57 9.252838E-03 0 9.252838E-03
 23 58 1.695703E-03 0 1.695703E-03
 23 59 1.119292E-04 0 1.119292E-04
 23 60 -4.244588E-04 0 -4.244588E-04
 23 61 8.08108E-05 0 8.08108E-05
 23 62 9.42545E-05 0 9.42545E-05
 23 63 3.277629E-05 0 3.277629E-05
 23 64 5.412611E-05 0 5.412611E-05
 23 65 1.231834E-04 0 1.231834E-04
 23 66 1.11798E-04 0 1.11798E-04
 23 67 -4.201608E-04 0 -4.201608E-04
 23 68 -1.766236E-04 0 -1.766236E-04
 23 69 -2.825058E-04 0 -2.825058E-04
 23 70 9.147531E-06 0 9.147531E-06
 23 71 6.616141E-06 0 6.616141E-06
 23 72 5.973577E-05 0 5.973577E-05
 23 73 4.486018E-05 0 4.486018E-05
 23 74 -1.847164E-04 0 -1.847164E-04
 23 75 4.431875E-05 0 4.431875E-05
 23 76 4.21192E-05 0 4.21192E-05
 23 77 1.018441E-05 0 1.018441E-05
 23 78 5.624406E-05 0 5.624406E-05
 23 79 2.646013E-05 0 2.646013E-05
 23 80 -3.894375E-04 0 -3.894375E-04
 23 81 4.330917E-05 0 4.330917E-05
 23 82 2.714703E-05 0 2.714703E-05
 23 83 -5.590857E-05 0 -5.590857E-05
 23 84 6.393829E-05 0 6.393829E-05
 23 85 -3.854464E-04 0 -3.854464E-04
 23 86 3.036599E-04 0 3.036599E-04
 23 87 1.914959E-03 0 1.914959E-03
 23 88 3.377397E-03 0 3.377397E-03
 23 89 5.335379E-04 0 5.335379E-04
 23 90 3.307522E-04 0 3.307522E-04
 23 91 -1.358901E-03 0 -1.358901E-03
 23 92 5.244649E-05 0 5.244649E-05
 23 93 -5.700559E-04 0 -5.700559E-04
 23 94 -7.939362E-05 0 -7.939362E-05
 23 95 -1.420184E-04 0 -1.420184E-04
 23 96 3.0067E-05 0 3.0067E-05
 23 97 -3.430155E-05 0 -3.430155E-05
 23 98 1.162886E-05 0 1.162886E-05
 23 99 1.341352E-06 0 1.341352E-06
 23 100 9.832973E-07 0 9.832973E-07
 24 25 -5.671109E-03 0 -5.671109E-03
 24 26 3.394215E-03 0 3.394215E-03
 24 27 -8.02574E-03 0 -8.02574E-03
 24 28 -8.670463E-03 0 -8.670463E-03
 24 29 -1.520186E-03 0 -1.520186E-03
 24 30 4.411298E-04 0 4.411298E-04
 24 31 -6.966331E-06 0 -6.966331E-06
 24 32 -1.868619E-04 0 -1.868619E-04
 24 33 -2.544283E-06 0 -2.544283E-06
 24 34 -2.16025E-06 0 -2.16025E-06
 24 35 4.914474E-04 0 4.914474E-04
 24 36 -4.950771E-05 0 -4.950771E-05
 24 37 -1.317395E-02 0 -1.317395E-02
 24 38 -1.115252E-03 0 -1.115252E-03
 24 39 -3.171391E-02 0 -3.171391E-02
 24 40 8.565056E-03 0 8.565056E-03
 24 41 -2.985116E-03 0 -2.985116E-03
 24 42 4.865114E-04 0 4.865114E-04
 24 43 4.425679E-05 0 4.425679E-05
 24 44 1.938282E-05 0 1.938282E-05
 24 45 7.144607E-05 0 7.144607E-05
 24 46 -3.468274E-06 0 -3.468274E-06
 24 47 -2.69531E-04 0 -2.69531E-04
 24 48 3.553038E-05 0 3.553038E-05
 24 49 6.744448E-05 0 6.744448E-05
 24 50 -6.473172E-04 0 -6.473172E-04
 24 51 2.244723E-04 0 2.244723E-04
 24 52 3.360303E-05 0 3.360303E-05
 24 53 8.829313E-04 0 8.829313E-04
 24 54 -1.512605E-03 0 -1.512605E-03
 24 55 8.465765E-05 0 8.465765E-05
 24 56 1.803386E-04 0 1.803386E-04
 24 57 1.305241E-03 0 1.305241E-03
 24 58 3.336578E-04 0 3.336578E-04
 24 59 -2.675074E-06 0 -2.675074E-06
 24 60 -2.317314E-04 0 -2.317314E-04
 24 61 9.319596E-06 0 9.319596E-06
 24 62 1.084683E-05 0 1.084683E-05
 24 63 1.115036E-05 0 1.115036E-05
 24 64 9.721453E-06 0 9.721453E-06
 24 65 1.97387E-05 0 1.97387E-05
 24 66 2.693897E-05 0 2.693897E-05
 24 67 -2.304047E-04 0 -2.304047E-04
 24 68 -1.296705E-04 0 -1.296705E-04
 24 69 -1.802186E-04 0 -1.802186E-04
 24 70 -7.995132E-06 0 -7.995132E-06
 24 71 -2.918048E-07 0 -2.918048E-07
 24 72 2.275497E-05 0 2.275497E-05
 24 73 9.533959E-06 0 9.533959E-06
 24 74 -1.235253E-04 0 -1.235253E-04
 24 75 1.876551E-05 0 1.876551E-05
 24 76 1.566122E-05 0 1.566122E-05
 24 77 -4.212326E-07 0 -4.212326E-07
 24 78 1.904891E-05 0 1.904891E-05
 24 79 -2.219447E-06 0 -2.219447E-06
 24 80 -3.14018E-04 0 -3.14018E-04
 24 81 1.130205E-05 0 1.130205E-05
 24 82 1.436663E-05 0 1.436663E-05
 24 83 -6.565235E-05 0 -6.565235E-05
 24 84 2.424983E-05 0 2.424983E-05
 24 85 -3.841689E-04 0 -3.841689E-04
 24 86 9.089654E-05 0 9.089654E-05
 24 87 9.959362E-04 0 9.959362E-04
 24 88 1.609269E-03 0 1.609269E-03
 24 89 9.948069E-05 0 9.948069E-05
 24 90 -1.854573E-05 0 -1.854573E-05
 24 91 -7.019724E-04 0 -7.019724E-04
 24 92 -1.578383E-05 0 -1.578383E-05
 24 93 -2.859093E-04 0 -2.859093E-04
 24 94 -6.475272E-05 0 -6.475272E-05
 24 95 -8.298584E-05 0 -8.298584E-05
 24 96 8.313888E-06 0 8.313888E-06
 24 97 -2.386809E-05 0 -2.386809E-05
 24 98 3.551751E-06 0 3.551751E-06
 24 99 -5.613407E-08 0 -5.613407E-08
 24 100 -4.237344E-08 0 -4.237344E-08
