 1 25 -2.371467E-05 0 -2.371467E-05
 1 26 -8.491869E-06 0 -8.491869E-06
 1 27 -7.728099E-05 0 -7.728099E-05
 1 28 -1.482622E-04 0 -1.482622E-04
 1 29 -1.628128E-04 0 -1.628128E-04
 1 30 -5.253606E-05 0 -5.253606E-05
 1 31 -1.518416E-04 0 -1.518416E-04
 1 32 -2.671345E-03 0 -2.671345E-03
 1 33 -2.608999E-04 0 -2.608999E-04
 1 34 -6.3287E-05 0 -6.3287E-05
 1 35 -3.523863E-05 0 -3.523863E-05
 1 36 -3.401937E-05 0 -3.401937E-05
 1 37 -1.090169E-04 0 -1.090169E-04
 1 38 -1.169677E-05 0 -1.169677E-05
 1 39 -7.327997E-05 0 -7.327997E-05
 1 40 -5.802005E-06 0 -5.802005E-06
 1 41 -2.875204E-05 0 -2.875204E-05
 1 42 -4.296083E-06 0 -4.296083E-06
 1 43 -3.520934E-06 0 -3.520934E-06
 1 44 -2.843624E-06 0 -2.843624E-06
 1 45 -4.659718E-06 0 -4.659718E-06
 1 46 -1.261015E-05 0 -1.261015E-05
 1 47 -1.339241E-04 0 -1.339241E-04
 1 48 -1.448849E-05 0 -1.448849E-05
 1 49 -8.758945E-06 0 -8.758945E-06
 1 50 -6.925412E-05 0 -6.925412E-05
 1 51 -2.098726E-05 0 -2.098726E-05
 1 52 -9.585214E-06 0 -9.585214E-06
 1 53 -8.608601E-06 0 -8.608601E-06
 1 54 -1.362026E-04 0 -1.362026E-04
 1 55 -2.922503E-05 0 -2.922503E-05
 1 56 -8.268803E-06 0 -8.268803E-06
 1 57 -8.814632E-06 0 -8.814632E-06
 1 58 -2.165539E-05 0 -2.165539E-05
 1 59 -1.601624E-05 0 -1.601624E-05
 1 60 -3.223636E-04 0 -3.223636E-04
 1 61 -8.034103E-05 0 -8.034103E-05
 1 62 -8.413714E-05 0 -8.413714E-05
 1 63 -8.699022E-05 0 -8.699022E-05
 1 64 -2.988258E-04 0 -2.988258E-04
 1 65 -2.675386E-04 0 -2.675386E-04
 1 66 -6.056269E-04 0 -6.056269E-04
 1 67 -1.107546E-03 0 -1.107546E-03
 1 68 -1.280456E-03 0 -1.280456E-03
 1 69 -7.491295E-04 0 -7.491295E-04
 1 70 -9.148057E-05 0 -9.148057E-05
 1 71 -1.22978E-04 0 -1.22978E-04
 1 72 -1.249952E-04 0 -1.249952E-04
 1 73 -2.80511E-04 0 -2.80511E-04
 1 74 -5.78759E-04 0 -5.78759E-04
 1 75 -5.895637E-05 0 -5.895637E-05
 1 76 -3.000552E-05 0 -3.000552E-05
 1 77 -1.329726E-05 0 -1.329726E-05
 1 78 -3.695275E-05 0 -3.695275E-05
 1 79 -1.143224E-05 0 -1.143224E-05
 1 80 -8.080298E-05 0 -8.080298E-05
 1 81 -4.421295E-06 0 -4.421295E-06
 1 82 -7.22077E-06 0 -7.22077E-06
 1 83 -7.435481E-05 0 -7.435481E-05
 1 84 -7.726631E-06 0 -7.726631E-06
 1 85 -8.319154E-05 0 -8.319154E-05
 1 86 -1.25792E-05 0 -1.25792E-05
 1 87 -5.008945E-06 0 -5.008945E-06
 1 88 -8.420629E-06 0 -8.420629E-06
 1 89 -1.120181E-05 0 -1.120181E-05
 1 90 -3.890521E-05 0 -3.890521E-05
 1 91 -4.596853E-04 0 -4.596853E-04
 1 92 -4.322843E-04 0 -4.322843E-04
 1 93 -1.666086E-03 0 -1.666086E-03
 1 94 -3.158224E-03 0 -3.158224E-03
 1 95 -5.433413E-03 0 -5.433413E-03
 1 96 -3.523428E-03 0 -3.523428E-03
 1 97 -2.858162E-02 0 -2.858162E-02
 1 98 -3.195234E-03 0 -3.195234E-03
 1 99 -1.045069E-03 0 -1.045069E-03
 1 100 -6.664174E-04 0 -6.664174E-04
 2 25 -8.184115E-06 0 -8.184115E-06
 2 26 4.976605E-06 0 4.976605E-06
 2 27 -2.941792E-05 0 -2.941792E-05
 2 28 -6.471609E-05 0 -6.471609E-05
 2 29 -5.706005E-05 0 -5.706005E-05
 2 30 1.518475E-04 0 1.518475E-04
 2 31 5.775688E-05 0 5.775688E-05
 2 32 -1.071775E-03 0 -1.071775E-03
 2 33 8.45888E-05 0 8.45888E-05
 2 34 1.983199E-05 0 1.983199E-05
 2 35 9.646803E-05 0 9.646803E-05
 2 36 1.16891E-05 0 1.16891E-05
 2 37 -4.141948E-05 0 -4.141948E-05
 2 38 4.373675E-06 0 4.373675E-06
 2 39 -3.414561E-05 0 -3.414561E-05
 2 40 9.129779E-06 0 9.129779E-06
 2 41 -1.084253E-05 0 -1.084253E-05
 2 42 6.965905E-06 0 6.965905E-06
 2 43 3.844356E-06 0 3.844356E-06
 2 44 3.235079E-06 0 3.235079E-06
 2 45 7.980362E-06 0 7.980362E-06
 2 46 5.948495E-06 0 5.948495E-06
 2 47 -6.758648E-05 0 -6.758648E-05
 2 48 2.967562E-05 0 2.967562E-05
 2 49 1.312542E-05 0 1.312542E-05
 2 50 -2.989754E-05 0 -2.989754E-05
 2 51 8.998328E-05 0 8.998328E-05
 2 52 1.352789E-05 0 1.352789E-05
 2 53 3.343145E-05 0 3.343145E-05
 2 54 -6.778094E-05 0 -6.778094E-05
 2 55 2.422666E-05 0 2.422666E-05
 2 56 1.564038E-05 0 1.564038E-05
 2 57 3.28168E-05 0 3.28168E-05
 2 58 4.0128E-05 0 4.0128E-05
 2 59 8.612355E-06 0 8.612355E-06
 2 60 -1.922131E-04 0 -1.922131E-04
 2 61 5.949531E-05 0 5.949531E-05
 2 62 6.085011E-05 0 6.085011E-05
 2 63 2.553795E-04 0 2.553795E-04
 2 64 3.823784E-04 0 3.823784E-04
 2 65 2.757526E-04 0 2.757526E-04
 2 66 4.938664E-04 0 4.938664E-04
 2 67 -6.212504E-04 0 -6.212504E-04
 2 68 -5.370487E-04 0 -5.370487E-04
 2 69 -3.20416E-04 0 -3.20416E-04
 2 70 1.255068E-05 0 1.255068E-05
 2 71 3.954214E-05 0 3.954214E-05
 2 72 3.92442E-04 0 3.92442E-04
 2 73 2.087263E-04 0 2.087263E-04
 2 74 -3.263245E-04 0 -3.263245E-04
 2 75 1.260339E-04 0 1.260339E-04
 2 76 6.552003E-05 0 6.552003E-05
 2 77 7.24986E-06 0 7.24986E-06
 2 78 2.341166E-05 0 2.341166E-05
 2 79 5.056433E-06 0 5.056433E-06
 2 80 -3.898169E-05 0 -3.898169E-05
 2 81 4.709344E-06 0 4.709344E-06
 2 82 1.097413E-05 0 1.097413E-05
 2 83 -2.873077E-05 0 -2.873077E-05
 2 84 8.495604E-06 0 8.495604E-06
 2 85 -3.061377E-05 0 -3.061377E-05
 2 86 6.641434E-06 0 6.641434E-06
 2 87 1.394183E-05 0 1.394183E-05
 2 88 1.132228E-05 0 1.132228E-05
 2 89 1.021658E-05 0 1.021658E-05
 2 90 1.310374E-05 0 1.310374E-05
 2 91 -1.986315E-04 0 -1.986315E-04
 2 92 5.197587E-06 0 5.197587E-06
 2 93 -8.577817E-04 0 -8.577817E-04
 2 94 -1.546525E-03 0 -1.546525E-03
 2 95 -4.59208E-03 0 -4.59208E-03
 2 96 5.323276E-03 0 5.323276E-03
 2 97 -5.333639E-02 0 -5.333639E-02
 2 98 6.472544E-03 0 6.472544E-03
 2 99 2.129041E-03 0 2.129041E-03
 2 100 9.684573E-04 0 9.684573E-04
 3 25 -9.322278E-06 0 -9.322278E-06
 3 26 1.75752E-05 0 1.75752E-05
 3 27 -4.807703E-05 0 -4.807703E-05
 3 28 -1.049226E-04 0 -1.049226E-04
 3 29 -5.914096E-05 0 -5.914096E-05
 3 30 -2.834078E-02 -2.849672E-02 1.559421E-04
 3 31 2.400946E-04 0 2.400946E-04
 3 32 -2.401775E-03 0 -2.401775E-03
 3 33 2.990824E-04 0 2.990824E-04
 3 34 1.282858E-04 0 1.282858E-04
 3 35 -2.01595E-02 -2.024003E-02 8.052942E-05
 3 36 4.037971E-05 0 4.037971E-05
 3 37 -6.30688E-05 0 -6.30688E-05
 3 38 1.396776E-05 0 1.396776E-05
 3 39 -5.275993E-05 0 -5.275993E-05
 3 40 6.405545E-03 6.378768E-03 2.677734E-05
 3 41 -9.222516E-06 0 -9.222516E-06
 3 42 5.284596E-03 5.264337E-03 2.025915E-05
 3 43 9.839608E-06 0 9.839608E-06
 3 44 7.932967E-06 0 7.932967E-06
 3 45 6.843739E-03 6.820442E-03 2.329678E-05
 3 46 1.996235E-05 0 1.996235E-05
 3 47 -1.161364E-04 0 -1.161364E-04
 3 48 1.606937E-02 1.597625E-02 9.312237E-05
 3 49 2.990996E-05 0 2.990996E-05
 3 50 -2.731907E-05 0 -2.731907E-05
 3 51 -1.996015E-02 -2.00392E-02 7.905016E-05
 3 52 3.288815E-05 0 3.288815E-05
 3 53 -1.042186E-02 -1.044736E-02 2.550017E-05
 3 54 -1.028704E-04 0 -1.028704E-04
 3 55 7.902879E-05 0 7.902879E-05
 3 56 9.685599E-03 9.645767E-03 3.983209E-05
 3 57 -9.805435E-03 -9.82854E-03 2.310529E-05
 3 58 1.54044E-02 1.52949E-02 1.094975E-04
 3 59 4.372561E-05 0 4.372561E-05
 3 60 -2.674874E-04 0 -2.674874E-04
 3 61 2.426059E-04 0 2.426059E-04
 3 62 2.881321E-04 0 2.881321E-04
 3 63 4.920154E-02 4.834741E-02 8.541305E-04
 3 64 1.572139E-03 0 1.572139E-03
 3 65 1.384937E-03 0 1.384937E-03
 3 66 -7.844626E-02 -7.845E-02 3.746144E-06
 3 67 -1.673412E-03 0 -1.673412E-03
 3 68 -1.589897E-03 0 -1.589897E-03
 3 69 -7.607952E-04 0 -7.607952E-04
 3 70 1.354473E-04 0 1.354473E-04
 3 71 4.2432E-04 0 4.2432E-04
 3 72 -5.170767E-02 -5.228178E-02 5.741083E-04
 3 73 1.458995E-03 0 1.458995E-03
 3 74 -7.735653E-04 0 -7.735653E-04
 3 75 3.499526E-02 3.447554E-02 5.197163E-04
 3 76 2.632955E-02 2.609686E-02 2.326922E-04
 3 77 4.675544E-05 0 4.675544E-05
 3 78 -1.425748E-02 -1.425758E-02 1.055132E-07
 3 79 1.722982E-05 0 1.722982E-05
 3 80 -6.605194E-05 0 -6.605194E-05
 3 81 1.251064E-05 0 1.251064E-05
 3 82 8.973895E-03 8.938599E-03 3.529589E-05
 3 83 -4.264739E-05 0 -4.264739E-05
 3 84 2.161712E-05 0 2.161712E-05
 3 85 -5.313024E-05 0 -5.313024E-05
 3 86 2.563853E-05 0 2.563853E-05
 3 87 -6.283566E-03 -6.295207E-03 1.164131E-05
 3 88 7.806764E-03 7.770716E-03 3.604835E-05
 3 89 3.036677E-05 0 3.036677E-05
 3 90 5.31011E-05 0 5.31011E-05
 3 91 -4.363068E-04 0 -4.363068E-04
 3 92 -2.534597E-02 -2.546505E-02 1.190797E-04
 3 93 -2.235531E-03 0 -2.235531E-03
 3 94 -2.977176E-03 0 -2.977176E-03
 3 95 -1.18911E-02 0 -1.18911E-02
 3 96 -0.182853 -0.18289 3.717176E-05
 3 97 -7.4312E-02 0 -7.4312E-02
 3 98 -0.126504 -0.126517 1.326601E-05
 3 99 4.102276E-03 0 4.102276E-03
 3 100 1.368516E-03 0 1.368516E-03
 4 25 -5.299699E-06 0 -5.299699E-06
 4 26 2.146875E-05 0 2.146875E-05
 4 27 -5.948734E-05 0 -5.948734E-05
 4 28 -1.554685E-04 0 -1.554685E-04
 4 29 -5.525711E-05 0 -5.525711E-05
 4 30 -4.355049E-02 -4.397127E-02 4.207792E-04
 4 31 5.898498E-04 0 5.898498E-04
 4 32 -8.029206E-03 0 -8.029206E-03
 4 33 9.561219E-04 0 9.561219E-04
 4 34 2.193861E-04 0 2.193861E-04
 4 35 -3.314404E-02 -3.337713E-02 2.330872E-04
 4 36 6.934693E-05 0 6.934693E-05
 4 37 -1.001347E-04 0 -1.001347E-04
 4 38 1.900011E-05 0 1.900011E-05
 4 39 -6.531599E-05 0 -6.531599E-05
 4 40 8.404908E-03 8.373047E-03 3.186122E-05
 4 41 -5.792617E-06 0 -5.792617E-06
 4 42 6.248162E-03 6.227806E-03 2.035594E-05
 4 43 8.142125E-06 0 8.142125E-06
 4 44 6.161712E-06 0 6.161712E-06
 4 45 7.61305E-03 7.59322E-03 1.982951E-05
 4 46 1.706067E-05 0 1.706067E-05
 4 47 -1.091855E-04 0 -1.091855E-04
 4 48 1.784304E-02 1.776157E-02 8.146493E-05
 4 49 2.567661E-05 0 2.567661E-05
 4 50 -1.772665E-05 0 -1.772665E-05
 4 51 -2.487556E-02 -2.500596E-02 1.303962E-04
 4 52 3.312419E-05 0 3.312419E-05
 4 53 -1.368056E-02 -1.372409E-02 4.353329E-05
 4 54 -1.435349E-04 0 -1.435349E-04
 4 55 1.138835E-04 0 1.138835E-04
 4 56 1.326641E-02 1.321792E-02 4.848609E-05
 4 57 -1.413019E-02 -1.417622E-02 4.603233E-05
 4 58 2.317498E-02 2.299296E-02 1.820145E-04
 4 59 4.726681E-05 0 4.726681E-05
 4 60 -4.30668E-04 0 -4.30668E-04
 4 61 3.296704E-04 0 3.296704E-04
 4 62 3.482689E-04 0 3.482689E-04
 4 63 5.522514E-02 5.441447E-02 8.106752E-04
 4 64 2.336989E-03 0 2.336989E-03
 4 65 2.482106E-03 0 2.482106E-03
 4 66 -9.868958E-02 -9.857791E-02 -1.116731E-04
 4 67 -2.153024E-03 0 -2.153024E-03
 4 68 -1.874514E-03 0 -1.874514E-03
 4 69 -8.273131E-04 0 -8.273131E-04
 4 70 9.682633E-05 0 9.682633E-05
 4 71 2.276539E-04 0 2.276539E-04
 4 72 -4.948238E-02 -5.00449E-02 5.625134E-04
 4 73 1.196623E-03 0 1.196623E-03
 4 74 -6.252399E-04 0 -6.252399E-04
 4 75 3.390447E-02 3.351847E-02 3.860036E-04
 4 76 2.684608E-02 2.667032E-02 1.757688E-04
 4 77 2.431132E-05 0 2.431132E-05
 4 78 -1.402002E-02 -1.401833E-02 -1.690085E-06
 4 79 1.369275E-05 0 1.369275E-05
 4 80 -5.525913E-05 0 -5.525913E-05
 4 81 9.26206E-06 0 9.26206E-06
 4 82 8.872654E-03 8.847522E-03 2.513285E-05
 4 83 -3.611648E-05 0 -3.611648E-05
 4 84 1.578958E-05 0 1.578958E-05
 4 85 -5.058241E-05 0 -5.058241E-05
 4 86 2.718604E-05 0 2.718604E-05
 4 87 -7.756712E-03 -7.774021E-03 1.730908E-05
 4 88 1.019619E-02 1.015294E-02 4.325284E-05
 4 89 3.217493E-05 0 3.217493E-05
 4 90 7.159037E-05 0 7.159037E-05
 4 91 -5.949134E-04 0 -5.949134E-04
 4 92 -3.641686E-02 -3.631747E-02 -9.938738E-05
 4 93 -4.826362E-03 0 -4.826362E-03
 4 94 -5.172697E-03 0 -5.172697E-03
 4 95 -3.448702E-02 0 -3.448702E-02
 4 96 -0.245072 -0.243729 -1.343699E-03
 4 97 -0.107797 0 -0.107797
 4 98 -0.15023 -0.149876 -3.537034E-04
 4 99 1.837405E-03 0 1.837405E-03
 4 100 7.599055E-04 0 7.599055E-04
 5 25 -2.503071E-05 0 -2.503071E-05
 5 26 5.241269E-05 0 5.241269E-05
 5 27 -1.670697E-04 0 -1.670697E-04
 5 28 -4.082088E-04 0 -4.082088E-04
 5 29 -3.000096E-04 0 -3.000096E-04
 5 30 -6.163822E-02 -6.251148E-02 8.73254E-04
 5 31 1.686059E-03 0 1.686059E-03
 5 32 -2.01801E-02 0 -2.01801E-02
 5 33 1.471332E-03 0 1.471332E-03
 5 34 5.338344E-04 0 5.338344E-04
 5 35 -4.055163E-02 -4.088291E-02 3.312787E-04
 5 36 1.627058E-04 0 1.627058E-04
 5 37 -2.39025E-04 0 -2.39025E-04
 5 38 4.719791E-05 0 4.719791E-05
 5 39 -1.846285E-04 0 -1.846285E-04
 5 40 1.299612E-02 1.291434E-02 8.178378E-05
 5 41 -2.803403E-05 0 -2.803403E-05
 5 42 1.012772E-02 1.007349E-02 5.422919E-05
 5 43 2.575048E-05 0 2.575048E-05
 5 44 1.916405E-05 0 1.916405E-05
 5 45 1.268102E-02 1.261908E-02 6.19375E-05
 5 46 5.718577E-05 0 5.718577E-05
 5 47 -4.169551E-04 0 -4.169551E-04
 5 48 3.051708E-02 3.020541E-02 3.116729E-04
 5 49 9.422702E-05 0 9.422702E-05
 5 50 -1.032564E-04 0 -1.032564E-04
 5 51 -4.128318E-02 -4.162774E-02 3.44566E-04
 5 52 1.136803E-04 0 1.136803E-04
 5 53 -2.1149E-02 -2.123711E-02 8.810984E-05
 5 54 -4.366529E-04 0 -4.366529E-04
 5 55 3.044341E-04 0 3.044341E-04
 5 56 1.908564E-02 1.895885E-02 1.267915E-04
 5 57 -1.977443E-02 -1.985212E-02 7.768633E-05
 5 58 3.177511E-02 3.134826E-02 4.268557E-04
 5 59 1.578659E-04 0 1.578659E-04
 5 60 -1.207845E-03 0 -1.207845E-03
 5 61 1.019028E-03 0 1.019028E-03
 5 62 1.376425E-03 0 1.376425E-03
 5 63 9.487667E-02 9.090508E-02 3.971585E-03
 5 64 1.035513E-02 0 1.035513E-02
 5 65 1.424132E-02 0 1.424132E-02
 5 66 -0.199461 -0.199508 4.718232E-05
 5 67 -1.585461E-02 0 -1.585461E-02
 5 68 -1.231307E-02 0 -1.231307E-02
 5 69 -3.437342E-03 0 -3.437342E-03
 5 70 4.091164E-04 0 4.091164E-04
 5 71 1.246358E-03 0 1.246358E-03
 5 72 -8.469794E-02 -8.666508E-02 1.967136E-03
 5 73 7.965685E-03 0 7.965685E-03
 5 74 -3.609772E-03 0 -3.609772E-03
 5 75 6.300688E-02 6.113698E-02 1.869903E-03
 5 76 4.813679E-02 4.732293E-02 8.138613E-04
 5 77 1.252719E-04 0 1.252719E-04
 5 78 -2.419267E-02 -2.419295E-02 2.775275E-07
 5 79 4.460754E-05 0 4.460754E-05
 5 80 -1.872824E-04 0 -1.872824E-04
 5 81 3.004903E-05 0 3.004903E-05
 5 82 1.474715E-02 1.466701E-02 8.014371E-05
 5 83 -1.112971E-04 0 -1.112971E-04
 5 84 5.287633E-05 0 5.287633E-05
 5 85 -1.519049E-04 0 -1.519049E-04
 5 86 6.856107E-05 0 6.856107E-05
 5 87 -1.180876E-02 -1.184009E-02 3.13301E-05
 5 88 1.525376E-02 1.514612E-02 1.076369E-04
 5 89 1.012228E-04 0 1.012228E-04
 5 90 2.175364E-04 0 2.175364E-04
 5 91 -2.438191E-03 0 -2.438191E-03
 5 92 -5.820082E-02 -5.919784E-02 9.970139E-04
 5 93 -2.793478E-02 0 -2.793478E-02
 5 94 -2.074378E-02 0 -2.074378E-02
 5 95 -0.118732 0 -0.118732
 5 96 -0.424164 -0.42512 9.562309E-04
 5 97 -0.111018 0 -0.111018
 5 98 -0.147094 -0.147114 2.01923E-05
 5 99 2.868774E-03 0 2.868774E-03
 5 100 8.712438E-04 0 8.712438E-04
 6 25 -2.36218E-05 0 -2.36218E-05
 6 26 4.694779E-05 0 4.694779E-05
 6 27 -1.499111E-04 0 -1.499111E-04
 6 28 -3.379597E-04 0 -3.379597E-04
 6 29 -2.086607E-04 0 -2.086607E-04
 6 30 -5.276347E-02 -5.336537E-02 6.019031E-04
 6 31 8.04478E-04 0 8.04478E-04
 6 32 -9.143634E-03 0 -9.143634E-03
 6 33 6.723825E-04 0 6.723825E-04
 6 34 3.341741E-04 0 3.341741E-04
 6 35 -3.222279E-02 -3.242558E-02 2.027856E-04
 6 36 1.149988E-04 0 1.149988E-04
 6 37 -1.611104E-04 0 -1.611104E-04
 6 38 3.516305E-05 0 3.516305E-05
 6 39 -1.34679E-04 0 -1.34679E-04
 6 40 1.130235E-02 1.123753E-02 6.481671E-05
 6 41 -2.301208E-05 0 -2.301208E-05
 6 42 9.425627E-03 9.377277E-03 4.835063E-05
 6 43 2.559019E-05 0 2.559019E-05
 6 44 1.86308E-05 0 1.86308E-05
 6 45 1.169426E-02 1.164015E-02 5.410706E-05
 6 46 4.987994E-05 0 4.987994E-05
 6 47 -3.314135E-04 0 -3.314135E-04
 6 48 2.500653E-02 2.479598E-02 2.105475E-04
 6 49 6.513359E-05 0 6.513359E-05
 6 50 -6.968139E-05 0 -6.968139E-05
 6 51 -3.105837E-02 -3.124629E-02 1.879236E-04
 6 52 6.307264E-05 0 6.307264E-05
 6 53 -1.578575E-02 -1.583736E-02 5.161008E-05
 6 54 -2.236138E-04 0 -2.236138E-04
 6 55 1.377423E-04 0 1.377423E-04
 6 56 1.304273E-02 1.297778E-02 6.494609E-05
 6 57 -1.376563E-02 -1.380626E-02 4.06302E-05
 6 58 2.101381E-02 2.082226E-02 1.915559E-04
 6 59 6.429901E-05 0 6.429901E-05
 6 60 -4.068091E-04 0 -4.068091E-04
 6 61 3.47035E-04 0 3.47035E-04
 6 62 5.454087E-04 0 5.454087E-04
 6 63 6.063524E-02 5.926681E-02 1.36843E-03
 6 64 2.244863E-03 0 2.244863E-03
 6 65 3.541352E-03 0 3.541352E-03
 6 66 -0.141944 -0.141962 1.827352E-05
 6 67 -1.113849E-02 0 -1.113849E-02
 6 68 -1.746962E-02 0 -1.746962E-02
 6 69 -6.062442E-03 0 -6.062442E-03
 6 70 9.260432E-04 0 9.260432E-04
 6 71 4.364743E-03 0 4.364743E-03
 6 72 -0.119674 -0.124902 5.228071E-03
 6 73 1.340912E-02 0 1.340912E-02
 6 74 -4.068523E-03 0 -4.068523E-03
 6 75 6.240604E-02 6.057672E-02 1.829326E-03
 6 76 4.212687E-02 4.151787E-02 6.089939E-04
 6 77 1.106115E-04 0 1.106115E-04
 6 78 -2.464214E-02 -2.464243E-02 2.876062E-07
 6 79 4.641679E-05 0 4.641679E-05
 6 80 -2.043056E-04 0 -2.043056E-04
 6 81 3.533014E-05 0 3.533014E-05
 6 82 1.718572E-02 1.708081E-02 1.049137E-04
 6 83 -1.553957E-04 0 -1.553957E-04
 6 84 7.159328E-05 0 7.159328E-05
 6 85 -1.954694E-04 0 -1.954694E-04
 6 86 8.693113E-05 0 8.693113E-05
 6 87 -1.261502E-02 -1.265003E-02 3.500679E-05
 6 88 1.55082E-02 1.539741E-02 1.107896E-04
 6 89 1.14222E-04 0 1.14222E-04
 6 90 2.289426E-04 0 2.289426E-04
 6 91 -2.36565E-03 0 -2.36565E-03
 6 92 -5.605093E-02 -5.694745E-02 8.965185E-04
 6 93 -1.255577E-02 0 -1.255577E-02
 6 94 -1.786794E-02 0 -1.786794E-02
 6 95 -2.49466E-02 0 -2.49466E-02
 6 96 -0.185282 -0.185321 3.855685E-05
 6 97 -2.29014E-02 0 -2.29014E-02
 6 98 -7.785608E-02 -7.785976E-02 3.675609E-06
 6 99 7.879002E-04 0 7.879002E-04
 6 100 2.830671E-04 0 2.830671E-04
 7 25 -1.818234E-05 0 -1.818234E-05
 7 26 3.81054E-05 0 3.81054E-05
 7 27 -1.220238E-04 0 -1.220238E-04
 7 28 -3.106483E-04 0 -3.106483E-04
 7 29 -1.821906E-04 0 -1.821906E-04
 7 30 -5.53409E-02 -5.60145E-02 6.736027E-04
 7 31 9.790424E-04 0 9.790424E-04
 7 32 -1.640161E-02 0 -1.640161E-02
 7 33 1.35137E-03 0 1.35137E-03
 7 34 6.139068E-04 0 6.139068E-04
 7 35 -3.773259E-02 -3.80158E-02 2.832157E-04
 7 36 1.369749E-04 0 1.369749E-04
 7 37 -1.637834E-04 0 -1.637834E-04
 7 38 3.27238E-05 0 3.27238E-05
 7 39 -1.084191E-04 0 -1.084191E-04
 7 40 9.61566E-03 9.565751E-03 4.990894E-05
 7 41 -1.580584E-05 0 -1.580584E-05
 7 42 7.280554E-03 7.248135E-03 3.241883E-05
 7 43 1.642586E-05 0 1.642586E-05
 7 44 1.135407E-05 0 1.135407E-05
 7 45 8.354827E-03 8.32326E-03 3.1567E-05
 7 46 2.559103E-05 0 2.559103E-05
 7 47 -1.56702E-04 0 -1.56702E-04
 7 48 1.674961E-02 1.66494E-02 1.002152E-04
 7 49 3.627839E-05 0 3.627839E-05
 7 50 -4.019571E-05 0 -4.019571E-05
 7 51 -2.263246E-02 -2.273269E-02 1.002326E-04
 7 52 3.704892E-05 0 3.704892E-05
 7 53 -1.250649E-02 -1.254099E-02 3.449936E-05
 7 54 -1.522307E-04 0 -1.522307E-04
 7 55 9.119367E-05 0 9.119367E-05
 7 56 1.076895E-02 1.072169E-02 4.725762E-05
 7 57 -1.2151E-02 -1.218386E-02 3.286456E-05
 7 58 1.909083E-02 1.893028E-02 1.605472E-04
 7 59 4.926563E-05 0 4.926563E-05
 7 60 -2.721326E-04 0 -2.721326E-04
 7 61 1.894815E-04 0 1.894815E-04
 7 62 2.504452E-04 0 2.504452E-04
 7 63 3.863463E-02 3.812804E-02 5.065871E-04
 7 64 9.208186E-04 0 9.208186E-04
 7 65 1.531794E-03 0 1.531794E-03
 7 66 -9.154095E-02 -9.154651E-02 5.56326E-06
 7 67 -4.445208E-03 0 -4.445208E-03
 7 68 -6.978863E-03 0 -6.978863E-03
 7 69 -3.38167E-03 0 -3.38167E-03
 7 70 5.741037E-04 0 5.741037E-04
 7 71 2.173018E-03 0 2.173018E-03
 7 72 -7.967726E-02 -8.135025E-02 1.672991E-03
 7 73 3.145413E-03 0 3.145413E-03
 7 74 -1.342384E-03 0 -1.342384E-03
 7 75 3.675935E-02 3.618398E-02 5.753772E-04
 7 76 2.595119E-02 2.572497E-02 2.262255E-04
 7 77 4.554722E-05 0 4.554722E-05
 7 78 -1.586836E-02 -1.586849E-02 1.272368E-07
 7 79 2.393231E-05 0 2.393231E-05
 7 80 -1.135165E-04 0 -1.135165E-04
 7 81 2.109017E-05 0 2.109017E-05
 7 82 1.211754E-02 1.206014E-02 5.739885E-05
 7 83 -8.423317E-05 0 -8.423317E-05
 7 84 4.577891E-05 0 4.577891E-05
 7 85 -1.318738E-04 0 -1.318738E-04
 7 86 6.895219E-05 0 6.895219E-05
 7 87 -1.132685E-02 -1.135609E-02 2.923419E-05
 7 88 1.45557E-02 1.445646E-02 9.923876E-05
 7 89 9.955223E-05 0 9.955223E-05
 7 90 2.156648E-04 0 2.156648E-04
 7 91 -1.78711E-03 0 -1.78711E-03
 7 92 -5.240934E-02 -5.315288E-02 7.435361E-04
 7 93 -8.984726E-03 0 -8.984726E-03
 7 94 -9.314461E-03 0 -9.314461E-03
 7 95 -1.25331E-02 0 -1.25331E-02
 7 96 -0.123349 -0.123361 1.237401E-05
 7 97 -1.151567E-02 0 -1.151567E-02
 7 98 -6.163693E-02 -6.163901E-02 2.073559E-06
 7 99 4.056326E-04 0 4.056326E-04
 7 100 1.953291E-04 0 1.953291E-04
 8 25 -2.54087E-04 0 -2.54087E-04
 8 26 -1.865841E-04 0 -1.865841E-04
 8 27 -1.541333E-03 0 -1.541333E-03
 8 28 -3.798688E-03 0 -3.798688E-03
 8 29 -7.766053E-03 0 -7.766053E-03
 8 30 -8.250828E-03 0 -8.250828E-03
 8 31 -2.843146E-02 0 -2.843146E-02
 8 32 -0.485997 0 -0.485997
 8 33 -3.698573E-02 0 -3.698573E-02
 8 34 -5.987694E-03 0 -5.987694E-03
 8 35 -2.956366E-03 0 -2.956366E-03
 8 36 -2.097208E-03 0 -2.097208E-03
 8 37 -2.659616E-03 0 -2.659616E-03
 8 38 -3.718986E-04 0 -3.718986E-04
 8 39 -1.165374E-03 0 -1.165374E-03
 8 40 -1.172431E-04 0 -1.172431E-04
 8 41 -3.787519E-04 0 -3.787519E-04
 8 42 -6.36169E-05 0 -6.36169E-05
 8 43 -6.584252E-05 0 -6.584252E-05
 8 44 -4.267031E-05 0 -4.267031E-05
 8 45 -5.49558E-05 0 -5.49558E-05
 8 46 -1.918952E-04 0 -1.918952E-04
 8 47 -1.613994E-03 0 -1.613994E-03
 8 48 -1.939899E-04 0 -1.939899E-04
 8 49 -1.548008E-04 0 -1.548008E-04
 8 50 -1.072757E-03 0 -1.072757E-03
 8 51 -6.397508E-04 0 -6.397508E-04
 8 52 -1.931128E-04 0 -1.931128E-04
 8 53 -2.101955E-04 0 -2.101955E-04
 8 54 -2.250032E-03 0 -2.250032E-03
 8 55 -5.468192E-04 0 -5.468192E-04
 8 56 -1.126411E-04 0 -1.126411E-04
 8 57 -2.194191E-04 0 -2.194191E-04
 8 58 -5.169022E-04 0 -5.169022E-04
 8 59 -2.716482E-04 0 -2.716482E-04
 8 60 -4.211904E-03 0 -4.211904E-03
 8 61 -1.002807E-03 0 -1.002807E-03
 8 62 -1.297634E-03 0 -1.297634E-03
 8 63 -1.077861E-03 0 -1.077861E-03
 8 64 -5.62055E-03 0 -5.62055E-03
 8 65 -1.313141E-02 0 -1.313141E-02
 8 66 -3.564967E-02 0 -3.564967E-02
 8 67 -6.763381E-02 0 -6.763381E-02
 8 68 -0.102117 0 -0.102117
 8 69 -2.936126E-02 0 -2.936126E-02
 8 70 -3.08491E-03 0 -3.08491E-03
 8 71 -4.59192E-03 0 -4.59192E-03
 8 72 -5.110575E-03 0 -5.110575E-03
 8 73 -1.169055E-02 0 -1.169055E-02
 8 74 -1.054633E-02 0 -1.054633E-02
 8 75 -9.755838E-04 0 -9.755838E-04
 8 76 -3.95108E-04 0 -3.95108E-04
 8 77 -1.406848E-04 0 -1.406848E-04
 8 78 -3.495152E-04 0 -3.495152E-04
 8 79 -1.617633E-04 0 -1.617633E-04
 8 80 -8.098596E-04 0 -8.098596E-04
 8 81 -7.403754E-05 0 -7.403754E-05
 8 82 -7.86741E-05 0 -7.86741E-05
 8 83 -8.81256E-04 0 -8.81256E-04
 8 84 -1.455035E-04 0 -1.455035E-04
 8 85 -1.18847E-03 0 -1.18847E-03
 8 86 -2.744136E-04 0 -2.744136E-04
 8 87 -1.394034E-04 0 -1.394034E-04
 8 88 -2.262177E-04 0 -2.262177E-04
 8 89 -5.177037E-04 0 -5.177037E-04
 8 90 -2.656952E-03 0 -2.656952E-03
 8 91 -2.607817E-02 0 -2.607817E-02
 8 92 -8.306861E-02 0 -8.306861E-02
 8 93 -0.269195 0 -0.269195
 8 94 -0.150094 0 -0.150094
 8 95 -0.263384 0 -0.263384
 8 96 -5.632873E-02 0 -5.632873E-02
 8 97 -8.702043E-02 0 -8.702043E-02
 8 98 -5.806759E-03 0 -5.806759E-03
 8 99 -9.043327E-04 0 -9.043327E-04
 8 100 -4.403889E-04 0 -4.403889E-04
 9 25 -4.300977E-04 0 -4.300977E-04
 9 26 -2.720926E-04 0 -2.720926E-04
 9 27 -2.845772E-03 0 -2.845772E-03
 9 28 -6.489477E-03 0 -6.489477E-03
 9 29 -1.300197E-02 0 -1.300197E-02
 9 30 -8.647245E-03 0 -8.647245E-03
 9 31 -2.158154E-02 0 -2.158154E-02
 9 32 -0.299595 0 -0.299595
 9 33 -1.133417E-02 0 -1.133417E-02
 9 34 -2.98417E-03 0 -2.98417E-03
 9 35 -1.707733E-03 0 -1.707733E-03
 9 36 -2.205531E-03 0 -2.205531E-03
 9 37 -3.092945E-03 0 -3.092945E-03
 9 38 -4.662961E-04 0 -4.662961E-04
 9 39 -1.774449E-03 0 -1.774449E-03
 9 40 -1.496302E-04 0 -1.496302E-04
 9 41 -6.310738E-04 0 -6.310738E-04
 9 42 -9.062839E-05 0 -9.062839E-05
 9 43 -1.049248E-04 0 -1.049248E-04
 9 44 -6.431502E-05 0 -6.431502E-05
 9 45 -8.508261E-05 0 -8.508261E-05
 9 46 -3.472373E-04 0 -3.472373E-04
 9 47 -3.343784E-03 0 -3.343784E-03
 9 48 -2.905768E-04 0 -2.905768E-04
 9 49 -1.787534E-04 0 -1.787534E-04
 9 50 -1.812872E-03 0 -1.812872E-03
 9 51 -7.293001E-04 0 -7.293001E-04
 9 52 -2.114991E-04 0 -2.114991E-04
 9 53 -2.009983E-04 0 -2.009983E-04
 9 54 -2.736307E-03 0 -2.736307E-03
 9 55 -4.998737E-04 0 -4.998737E-04
 9 56 -1.009265E-04 0 -1.009265E-04
 9 57 -1.612314E-04 0 -1.612314E-04
 9 58 -3.764256E-04 0 -3.764256E-04
 9 59 -1.967315E-04 0 -1.967315E-04
 9 60 -3.434838E-03 0 -3.434838E-03
 9 61 -7.997271E-04 0 -7.997271E-04
 9 62 -1.385661E-03 0 -1.385661E-03
 9 63 -1.130329E-03 0 -1.130329E-03
 9 64 -4.305814E-03 0 -4.305814E-03
 9 65 -1.309077E-02 0 -1.309077E-02
 9 66 -6.575934E-02 0 -6.575934E-02
 9 67 -0.260907 0 -0.260907
 9 68 -0.307606 0 -0.307606
 9 69 -0.181394 0 -0.181394
 9 70 -1.52057E-02 0 -1.52057E-02
 9 71 -2.890269E-02 0 -2.890269E-02
 9 72 -2.339305E-02 0 -2.339305E-02
 9 73 -5.923445E-02 0 -5.923445E-02
 9 74 -4.142625E-02 0 -4.142625E-02
 9 75 -2.188566E-03 0 -2.188566E-03
 9 76 -7.091103E-04 0 -7.091103E-04
 9 77 -2.442474E-04 0 -2.442474E-04
 9 78 -6.58543E-04 0 -6.58543E-04
 9 79 -3.22181E-04 0 -3.22181E-04
 9 80 -1.945918E-03 0 -1.945918E-03
 9 81 -1.338997E-04 0 -1.338997E-04
 9 82 -1.620303E-04 0 -1.620303E-04
 9 83 -2.373371E-03 0 -2.373371E-03
 9 84 -2.605148E-04 0 -2.605148E-04
 9 85 -3.077463E-03 0 -3.077463E-03
 9 86 -5.476935E-04 0 -5.476935E-04
 9 87 -2.020744E-04 0 -2.020744E-04
 9 88 -3.505696E-04 0 -3.505696E-04
 9 89 -9.992237E-04 0 -9.992237E-04
 9 90 -6.045059E-03 0 -6.045059E-03
 9 91 -8.821617E-02 0 -8.821617E-02
 9 92 -0.175449 0 -0.175449
 9 93 -0.417391 0 -0.417391
 9 94 8.903915E-02 0 8.903915E-02
 9 95 -0.148882 0 -0.148882
 9 96 -2.740344E-02 0 -2.740344E-02
 9 97 -3.025866E-02 0 -3.025866E-02
 9 98 -2.132463E-03 0 -2.132463E-03
 9 99 -4.049572E-04 0 -4.049572E-04
 9 100 -1.794961E-04 0 -1.794961E-04
 10 25 -7.71592E-05 0 -7.71592E-05
 10 26 6.867811E-05 0 6.867811E-05
 10 27 -6.227603E-04 0 -6.227603E-04
 10 28 -1.572454E-03 0 -1.572454E-03
 10 29 -1.290787E-03 0 -1.290787E-03
 10 30 9.455712E-02 8.521262E-02 9.344499E-03
 10 31 1.636659E-03 0 1.636659E-03
 10 32 -4.078627E-02 0 -4.078627E-02
 10 33 1.347109E-03 0 1.347109E-03
 10 34 8.119546E-04 0 8.119546E-04
 10 35 5.172236E-02 4.923155E-02 2.490804E-03
 10 36 3.093666E-04 0 3.093666E-04
 10 37 -6.107007E-04 0 -6.107007E-04
 10 38 6.66034E-05 0 6.66034E-05
 10 39 -3.954481E-04 0 -3.954481E-04
 10 40 -1.421041E-02 -1.421051E-02 1.049116E-07
 10 41 -8.57574E-05 0 -8.57574E-05
 10 42 -1.089588E-02 -1.089594E-02 6.709839E-08
 10 43 4.09931E-05 0 4.09931E-05
 10 44 2.485333E-05 0 2.485333E-05
 10 45 -1.161375E-02 -1.161252E-02 -1.22917E-06
 10 46 4.271246E-05 0 4.271246E-05
 10 47 -5.057911E-04 0 -5.057911E-04
 10 48 -1.953133E-02 -1.952827E-02 -3.053494E-06
 10 49 6.102471E-05 0 6.102471E-05
 10 50 -1.833464E-04 0 -1.833464E-04
 10 51 2.687694E-02 2.621868E-02 6.582662E-04
 10 52 5.270359E-05 0 5.270359E-05
 10 53 1.511006E-02 1.487962E-02 2.30437E-04
 10 54 -3.798744E-04 0 -3.798744E-04
 10 55 7.408491E-05 0 7.408491E-05
 10 56 -1.130382E-02 -1.130264E-02 -1.175363E-06
 10 57 1.367281E-02 1.347856E-02 1.942536E-04
 10 58 -1.970043E-02 -1.970062E-02 1.881687E-07
 10 59 3.423401E-05 0 3.423401E-05
 10 60 -4.194612E-04 0 -4.194612E-04
 10 61 1.159361E-04 0 1.159361E-04
 10 62 1.838628E-04 0 1.838628E-04
 10 63 -3.252799E-02 -3.251973E-02 -8.266465E-06
 10 64 4.05511E-04 0 4.05511E-04
 10 65 9.527514E-04 0 9.527514E-04
 10 66 0.101035 9.520149E-02 5.833934E-03
 10 67 -1.932887E-02 0 -1.932887E-02
 10 68 -6.400581E-02 0 -6.400581E-02
 10 69 -4.520621E-02 0 -4.520621E-02
 10 70 3.912152E-03 0 3.912152E-03
 10 71 1.741229E-02 0 1.741229E-02
 10 72 0.180869 0.143329 3.754023E-02
 10 73 6.546752E-03 0 6.546752E-03
 10 74 -5.754438E-03 0 -5.754438E-03
 10 75 -4.444239E-02 -4.444337E-02 9.773729E-07
 10 76 -2.95454E-02 -2.953861E-02 -6.792521E-06
 10 77 4.922249E-05 0 4.922249E-05
 10 78 2.161914E-02 2.140983E-02 2.093044E-04
 10 79 4.558315E-05 0 4.558315E-05
 10 80 -4.928666E-04 0 -4.928666E-04
 10 81 5.781491E-05 0 5.781491E-05
 10 82 -1.960612E-02 -1.960305E-02 -3.075134E-06
 10 83 -5.83181E-04 0 -5.83181E-04
 10 84 1.613355E-04 0 1.613355E-04
 10 85 -8.602534E-04 0 -8.602534E-04
 10 86 1.880846E-04 0 1.880846E-04
 10 87 2.154374E-02 2.110976E-02 4.339835E-04
 10 88 -2.628642E-02 -2.628675E-02 3.26328E-07
 10 89 4.615562E-04 0 4.615562E-04
 10 90 9.550328E-04 0 9.550328E-04
 10 91 -1.461542E-02 0 -1.461542E-02
 10 92 9.860361E-02 9.40284E-02 4.575211E-03
 10 93 -3.136292E-02 0 -3.136292E-02
 10 94 -2.040555E-02 0 -2.040555E-02
 10 95 -9.936677E-03 0 -9.936677E-03
 10 96 7.903902E-02 7.577895E-02 3.260067E-03
 10 97 -3.776142E-03 0 -3.776142E-03
 10 98 3.336165E-02 3.287375E-02 4.879049E-04
 10 99 7.884864E-05 0 7.884864E-05
 10 100 4.032366E-05 0 4.032366E-05
 11 25 -1.473043E-05 0 -1.473043E-05
 11 26 1.210063E-04 0 1.210063E-04
 11 27 -2.874845E-04 0 -2.874845E-04
 11 28 -1.045904E-03 0 -1.045904E-03
 11 29 -3.878311E-04 0 -3.878311E-04
 11 30 0.123852 0.105012 1.883979E-02
 11 31 8.650984E-03 0 8.650984E-03
 11 32 -7.898275E-02 0 -7.898275E-02
 11 33 1.337142E-02 0 1.337142E-02
 11 34 5.640782E-03 0 5.640782E-03
 11 35 7.865393E-02 7.160672E-02 7.047209E-03
 11 36 1.316719E-03 0 1.316719E-03
 11 37 -4.418679E-04 0 -4.418679E-04
 11 38 1.920575E-04 0 1.920575E-04
 11 39 -2.359216E-04 0 -2.359216E-04
 11 40 -1.375708E-02 -1.379766E-02 4.058675E-05
 11 41 -1.779294E-05 0 -1.779294E-05
 11 42 -9.279894E-03 -9.301051E-03 2.115697E-05
 11 43 4.825032E-05 0 4.825032E-05
 11 44 2.862191E-05 0 2.862191E-05
 11 45 -9.28997E-03 -9.312918E-03 2.294834E-05
 11 46 6.350284E-05 0 6.350284E-05
 11 47 -1.551922E-04 0 -1.551922E-04
 11 48 -1.573314E-02 -1.57887E-02 5.556498E-05
 11 49 7.074517E-05 0 7.074517E-05
 11 50 -3.606404E-05 0 -3.606404E-05
 11 51 2.416444E-02 2.354185E-02 6.22591E-04
 11 52 7.812774E-05 0 7.812774E-05
 11 53 1.480739E-02 1.454898E-02 2.584076E-04
 11 54 -1.951808E-04 0 -1.951808E-04
 11 55 1.472046E-04 0 1.472046E-04
 11 56 -1.188438E-02 -1.191867E-02 3.429036E-05
 11 57 1.533425E-02 1.505982E-02 2.744278E-04
 11 58 -2.284203E-02 -2.294405E-02 1.020202E-04
 11 59 7.715343E-05 0 7.715343E-05
 11 60 -2.386081E-04 0 -2.386081E-04
 11 61 2.299441E-04 0 2.299441E-04
 11 62 3.065999E-04 0 3.065999E-04
 11 63 -2.76096E-02 -2.776992E-02 1.603225E-04
 11 64 6.595287E-04 0 6.595287E-04
 11 65 1.564843E-03 0 1.564843E-03
 11 66 8.521541E-02 7.779538E-02 7.420032E-03
 11 67 -5.909055E-03 0 -5.909055E-03
 11 68 -1.038695E-02 0 -1.038695E-02
 11 69 -8.551228E-03 0 -8.551228E-03
 11 70 2.087459E-03 0 2.087459E-03
 11 71 4.578022E-03 0 4.578022E-03
 11 72 8.717065E-02 7.835249E-02 8.818166E-03
 11 73 3.238614E-03 0 3.238614E-03
 11 74 -1.285678E-03 0 -1.285678E-03
 11 75 -3.002302E-02 -3.019832E-02 1.753002E-04
 11 76 -2.171252E-02 -2.181284E-02 1.003168E-04
 11 77 4.947627E-05 0 4.947627E-05
 11 78 1.520201E-02 1.496914E-02 2.328629E-04
 11 79 6.13598E-05 0 6.13598E-05
 11 80 -1.616805E-04 0 -1.616805E-04
 11 81 5.724203E-05 0 5.724203E-05
 11 82 -1.338598E-02 -1.342791E-02 4.193672E-05
 11 83 -9.251943E-05 0 -9.251943E-05
 11 84 1.337006E-04 0 1.337006E-04
 11 85 -2.469882E-04 0 -2.469882E-04
 11 86 2.438797E-04 0 2.438797E-04
 11 87 1.924999E-02 1.884017E-02 4.098126E-04
 11 88 -2.529833E-02 -2.542273E-02 1.244008E-04
 11 89 6.515183E-04 0 6.515183E-04
 11 90 2.186467E-03 0 2.186467E-03
 11 91 -6.498194E-03 0 -6.498194E-03
 11 92 0.121758 9.027758E-02 3.148042E-02
 11 93 -2.019338E-02 0 -2.019338E-02
 11 94 -4.917949E-03 0 -4.917949E-03
 11 95 -6.134924E-03 0 -6.134924E-03
 11 96 7.559267E-02 6.990152E-02 5.691149E-03
 11 97 -2.170445E-03 0 -2.170445E-03
 11 98 3.423613E-02 3.317722E-02 1.058911E-03
 11 99 1.287349E-04 0 1.287349E-04
 11 100 7.56318E-05 0 7.56318E-05
 12 25 -1.419198E-04 0 -1.419198E-04
 12 26 6.425694E-05 0 6.425694E-05
 12 27 -1.545981E-03 0 -1.545981E-03
 12 28 -5.236595E-03 0 -5.236595E-03
 12 29 -7.60886E-03 0 -7.60886E-03
 12 30 3.071944E-02 0 3.071944E-02
 12 31 -1.072421E-03 0 -1.072421E-03
 12 32 -0.249992 0 -0.249992
 12 33 -6.99285E-04 0 -6.99285E-04
 12 34 -3.114623E-04 0 -3.114623E-04
 12 35 5.805805E-03 0 5.805805E-03
 12 36 -1.451368E-04 0 -1.451368E-04
 12 37 -2.361114E-03 0 -2.361114E-03
 12 38 -1.484257E-05 0 -1.484257E-05
 12 39 -8.220953E-04 0 -8.220953E-04
 12 40 8.216338E-05 0 8.216338E-05
 12 41 -1.701836E-04 0 -1.701836E-04
 12 42 3.659199E-05 0 3.659199E-05
 12 43 1.04688E-05 0 1.04688E-05
 12 44 5.541935E-06 0 5.541935E-06
 12 45 2.123662E-05 0 2.123662E-05
 12 46 -3.136255E-06 0 -3.136255E-06
 12 47 -5.224621E-04 0 -5.224621E-04
 12 48 4.919342E-05 0 4.919342E-05
 12 49 2.798615E-05 0 2.798615E-05
 12 50 -3.382801E-04 0 -3.382801E-04
 12 51 3.107943E-04 0 3.107943E-04
 12 52 1.533413E-05 0 1.533413E-05
 12 53 1.267462E-04 0 1.267462E-04
 12 54 -7.25805E-04 0 -7.25805E-04
 12 55 5.529477E-05 0 5.529477E-05
 12 56 3.028146E-05 0 3.028146E-05
 12 57 1.296899E-04 0 1.296899E-04
 12 58 1.715086E-04 0 1.715086E-04
 12 59 -2.190457E-06 0 -2.190457E-06
 12 60 -6.557996E-04 0 -6.557996E-04
 12 61 3.270865E-05 0 3.270865E-05
 12 62 4.81155E-05 0 4.81155E-05
 12 63 1.089717E-04 0 1.089717E-04
 12 64 1.766061E-04 0 1.766061E-04
 12 65 5.705318E-04 0 5.705318E-04
 12 66 2.124951E-03 0 2.124951E-03
 12 67 -2.466254E-02 0 -2.466254E-02
 12 68 -6.309435E-02 0 -6.309435E-02
 12 69 -4.056063E-02 0 -4.056063E-02
 12 70 -1.17443E-03 0 -1.17443E-03
 12 71 -1.274625E-04 0 -1.274625E-04
 12 72 3.560268E-03 0 3.560268E-03
 12 73 1.203269E-03 0 1.203269E-03
 12 74 -3.427093E-03 0 -3.427093E-03
 12 75 2.429041E-04 0 2.429041E-04
 12 76 8.200817E-05 0 8.200817E-05
 12 77 -1.303461E-06 0 -1.303461E-06
 12 78 5.556493E-05 0 5.556493E-05
 12 79 -2.958889E-06 0 -2.958889E-06
 12 80 -4.305686E-04 0 -4.305686E-04
 12 81 1.148726E-05 0 1.148726E-05
 12 82 3.614567E-05 0 3.614567E-05
 12 83 -3.294315E-04 0 -3.294315E-04
 12 84 5.738615E-05 0 5.738615E-05
 12 85 -1.040584E-03 0 -1.040584E-03
 12 86 1.290382E-04 0 1.290382E-04
 12 87 2.554446E-04 0 2.554446E-04
 12 88 3.204573E-04 0 3.204573E-04
 12 89 2.630008E-04 0 2.630008E-04
 12 90 -3.415135E-04 0 -3.415135E-04
 12 91 -5.383515E-02 0 -5.383515E-02
 12 92 -1.087414E-02 0 -1.087414E-02
 12 93 -0.117458 0 -0.117458
 12 94 -4.128144E-02 0 -4.128144E-02
 12 95 -1.0075E-02 0 -1.0075E-02
 12 96 7.401547E-04 0 7.401547E-04
 12 97 -1.881461E-03 0 -1.881461E-03
 12 98 1.113737E-04 0 1.113737E-04
 12 99 -1.492241E-06 0 -1.492241E-06
 12 100 -8.554733E-07 0 -8.554733E-07
 13 25 -6.083594E-04 0 -6.083594E-04
 13 26 -4.040209E-04 0 -4.040209E-04
 13 27 -4.561587E-03 0 -4.561587E-03
 13 28 -1.097362E-02 0 -1.097362E-02
 13 29 -1.333292E-02 0 -1.333292E-02
 13 30 -1.056676E-02 0 -1.056676E-02
 13 31 -1.083025E-02 0 -1.083025E-02
 13 32 -0.103306 0 -0.103306
 13 33 -6.06708E-03 0 -6.06708E-03
 13 34 -3.641663E-03 0 -3.641663E-03
 13 35 -1.986717E-03 0 -1.986717E-03
 13 36 -3.416957E-03 0 -3.416957E-03
 13 37 -3.668096E-03 0 -3.668096E-03
 13 38 -6.065659E-04 0 -6.065659E-04
 13 39 -1.829443E-03 0 -1.829443E-03
 13 40 -1.621188E-04 0 -1.621188E-04
 13 41 -6.043585E-04 0 -6.043585E-04
 13 42 -9.094624E-05 0 -9.094624E-05
 13 43 -1.145905E-04 0 -1.145905E-04
 13 44 -5.948532E-05 0 -5.948532E-05
 13 45 -6.517601E-05 0 -6.517601E-05
 13 46 -2.176594E-04 0 -2.176594E-04
 13 47 -1.671951E-03 0 -1.671951E-03
 13 48 -1.23048E-04 0 -1.23048E-04
 13 49 -9.712308E-05 0 -9.712308E-05
 13 50 -1.016947E-03 0 -1.016947E-03
 13 51 -2.815728E-04 0 -2.815728E-04
 13 52 -9.485933E-05 0 -9.485933E-05
 13 53 -1.130804E-04 0 -1.130804E-04
 13 54 -1.307853E-03 0 -1.307853E-03
 13 55 -1.995493E-04 0 -1.995493E-04
 13 56 -5.125921E-05 0 -5.125921E-05
 13 57 -9.403005E-05 0 -9.403005E-05
 13 58 -1.817637E-04 0 -1.817637E-04
 13 59 -7.793381E-05 0 -7.793381E-05
 13 60 -9.833806E-04 0 -9.833806E-04
 13 61 -1.999671E-04 0 -1.999671E-04
 13 62 -3.312877E-04 0 -3.312877E-04
 13 63 -2.006024E-04 0 -2.006024E-04
 13 64 -5.885575E-04 0 -5.885575E-04
 13 65 -1.652584E-03 0 -1.652584E-03
 13 66 -6.14529E-03 0 -6.14529E-03
 13 67 -5.118672E-02 0 -5.118672E-02
 13 68 -0.239901 0 -0.239901
 13 69 -0.313606 0 -0.313606
 13 70 -5.829689E-02 0 -5.829689E-02
 13 71 -5.693485E-02 0 -5.693485E-02
 13 72 -1.333064E-02 0 -1.333064E-02
 13 73 -1.202087E-02 0 -1.202087E-02
 13 74 -1.403922E-02 0 -1.403922E-02
 13 75 -6.709995E-04 0 -6.709995E-04
 13 76 -2.298491E-04 0 -2.298491E-04
 13 77 -1.067902E-04 0 -1.067902E-04
 13 78 -3.801013E-04 0 -3.801013E-04
 13 79 -2.467575E-04 0 -2.467575E-04
 13 80 -1.896914E-03 0 -1.896914E-03
 13 81 -1.563251E-04 0 -1.563251E-04
 13 82 -1.766604E-04 0 -1.766604E-04
 13 83 -2.972631E-03 0 -2.972631E-03
 13 84 -4.451497E-04 0 -4.451497E-04
 13 85 -6.161339E-03 0 -6.161339E-03
 13 86 -1.513315E-03 0 -1.513315E-03
 13 87 -4.767706E-04 0 -4.767706E-04
 13 88 -8.58125E-04 0 -8.58125E-04
 13 89 -3.174422E-03 0 -3.174422E-03
 13 90 -2.062141E-02 0 -2.062141E-02
 13 91 -0.12757 0 -0.12757
 13 92 -0.163656 0 -0.163656
 13 93 -8.622854E-02 0 -8.622854E-02
 13 94 -3.942909E-02 0 -3.942909E-02
 13 95 -1.040945E-02 0 -1.040945E-02
 13 96 -1.824869E-03 0 -1.824869E-03
 13 97 -2.768479E-03 0 -2.768479E-03
 13 98 -3.114124E-04 0 -3.114124E-04
 13 99 -6.84247E-05 0 -6.84247E-05
 13 100 -3.825821E-05 0 -3.825821E-05
 14 25 -4.404065E-05 0 -4.404065E-05
 14 26 1.037625E-04 0 1.037625E-04
 14 27 -3.837045E-04 0 -3.837045E-04
 14 28 -1.130491E-03 0 -1.130491E-03
 14 29 -4.213299E-04 0 -4.213299E-04
 14 30 -8.696771E-02 -8.907963E-02 2.111924E-03
 14 31 1.166317E-03 0 1.166317E-03
 14 32 -1.149515E-02 0 -1.149515E-02
 14 33 1.200568E-03 0 1.200568E-03
 14 34 1.791132E-03 0 1.791132E-03
 14 35 -5.758889E-02 -5.832965E-02 7.407654E-04
 14 36 4.991798E-04 0 4.991798E-04
 14 37 -4.00195E-04 0 -4.00195E-04
 14 38 8.352097E-05 0 8.352097E-05
 14 39 -2.051852E-04 0 -2.051852E-04
 14 40 1.403583E-02 1.394261E-02 9.322131E-05
 14 41 -2.48417E-05 0 -2.48417E-05
 14 42 9.67879E-03 9.628358E-03 5.043199E-05
 14 43 2.764191E-05 0 2.764191E-05
 14 44 1.495872E-05 0 1.495872E-05
 14 45 8.850683E-03 8.816145E-03 3.453774E-05
 14 46 2.255836E-05 0 2.255836E-05
 14 47 -1.190132E-04 0 -1.190132E-04
 14 48 1.220636E-02 1.214826E-02 5.810236E-05
 14 49 2.804061E-05 0 2.804061E-05
 14 50 -3.617884E-05 0 -3.617884E-05
 14 51 -1.713601E-02 -1.719577E-02 5.976558E-05
 14 52 2.306154E-05 0 2.306154E-05
 14 53 -1.131641E-02 -1.13456E-02 2.918959E-05
 14 54 -1.166077E-04 0 -1.166077E-04
 14 55 5.009539E-05 0 5.009539E-05
 14 56 8.521046E-03 8.488497E-03 3.254854E-05
 14 57 -1.111484E-02 -1.114318E-02 2.833592E-05
 14 58 1.57835E-02 1.566925E-02 1.142564E-04
 14 59 2.482302E-05 0 2.482302E-05
 14 60 -9.686653E-05 0 -9.686653E-05
 14 61 5.388423E-05 0 5.388423E-05
 14 62 7.741203E-05 0 7.741203E-05
 14 63 1.640163E-02 1.630508E-02 9.655113E-05
 14 64 1.282463E-04 0 1.282463E-04
 14 65 2.996082E-04 0 2.996082E-04
 14 66 -4.613125E-02 -4.613232E-02 1.061916E-06
 14 67 -2.337566E-03 0 -2.337566E-03
 14 68 -6.039408E-03 0 -6.039408E-03
 14 69 -1.050997E-02 0 -1.050997E-02
 14 70 2.84229E-03 0 2.84229E-03
 14 71 4.927097E-03 0 4.927097E-03
 14 72 -7.319972E-02 -7.454235E-02 1.342623E-03
 14 73 1.184854E-03 0 1.184854E-03
 14 74 -7.932615E-04 0 -7.932615E-04
 14 75 2.376637E-02 2.35249E-02 2.414693E-04
 14 76 1.641865E-02 1.632192E-02 9.672858E-05
 14 77 2.444074E-05 0 2.444074E-05
 14 78 -1.349174E-02 -1.349184E-02 9.59556E-08
 14 79 2.542734E-05 0 2.542734E-05
 14 80 -1.684019E-04 0 -1.684019E-04
 14 81 3.593312E-05 0 3.593312E-05
 14 82 1.533087E-02 1.524513E-02 8.574323E-05
 14 83 -1.541551E-04 0 -1.541551E-04
 14 84 1.202317E-04 0 1.202317E-04
 14 85 -4.411334E-04 0 -4.411334E-04
 14 86 3.446916E-04 0 3.446916E-04
 14 87 -2.583475E-02 -2.59644E-02 1.296478E-04
 14 88 3.405972E-02 3.356813E-02 4.915904E-04
 14 89 6.36543E-04 0 6.36543E-04
 14 90 1.584603E-03 0 1.584603E-03
 14 91 -5.878223E-03 0 -5.878223E-03
 14 92 -6.810072E-02 -6.967121E-02 1.570489E-03
 14 93 -4.791921E-03 0 -4.791921E-03
 14 94 -9.496776E-04 0 -9.496776E-04
 14 95 -9.55696E-04 0 -9.55696E-04
 14 96 -3.278548E-02 -3.278599E-02 5.096655E-07
 14 97 -3.528089E-04 0 -3.528089E-04
 14 98 -1.550587E-02 -1.550599E-02 1.221542E-07
 14 99 2.455239E-05 0 2.455239E-05
 14 100 1.538283E-05 0 1.538283E-05
 15 25 -4.719923E-04 0 -4.719923E-04
 15 26 -4.012829E-04 0 -4.012829E-04
 15 27 -3.670942E-03 0 -3.670942E-03
 15 28 -1.157431E-02 0 -1.157431E-02
 15 29 -1.185048E-02 0 -1.185048E-02
 15 30 -1.916539E-02 0 -1.916539E-02
 15 31 -1.601681E-02 0 -1.601681E-02
 15 32 -0.144247 0 -0.144247
 15 33 -1.893747E-02 0 -1.893747E-02
 15 34 -2.167017E-02 0 -2.167017E-02
 15 35 -8.251484E-03 0 -8.251484E-03
 15 36 -8.323524E-03 0 -8.323524E-03
 15 37 -5.790829E-03 0 -5.790829E-03
 15 38 -8.271945E-04 0 -8.271945E-04
 15 39 -1.648802E-03 0 -1.648802E-03
 15 40 -1.652902E-04 0 -1.652902E-04
 15 41 -4.147784E-04 0 -4.147784E-04
 15 42 -7.0029E-05 0 -7.0029E-05
 15 43 -7.549751E-05 0 -7.549751E-05
 15 44 -3.862969E-05 0 -3.862969E-05
 15 45 -4.008155E-05 0 -4.008155E-05
 15 46 -1.052489E-04 0 -1.052489E-04
 15 47 -6.896854E-04 0 -6.896854E-04
 15 48 -6.621516E-05 0 -6.621516E-05
 15 49 -7.517113E-05 0 -7.517113E-05
 15 50 -5.721744E-04 0 -5.721744E-04
 15 51 -2.069311E-04 0 -2.069311E-04
 15 52 -7.378921E-05 0 -7.378921E-05
 15 53 -1.153166E-04 0 -1.153166E-04
 15 54 -1.016841E-03 0 -1.016841E-03
 15 55 -1.785271E-04 0 -1.785271E-04
 15 56 -5.225376E-05 0 -5.225376E-05
 15 57 -1.320277E-04 0 -1.320277E-04
 15 58 -2.343075E-04 0 -2.343075E-04
 15 59 -8.437489E-05 0 -8.437489E-05
 15 60 -7.877971E-04 0 -7.877971E-04
 15 61 -1.522338E-04 0 -1.522338E-04
 15 62 -2.0291E-04 0 -2.0291E-04
 15 63 -1.053266E-04 0 -1.053266E-04
 15 64 -3.448958E-04 0 -3.448958E-04
 15 65 -8.808753E-04 0 -8.808753E-04
 15 66 -2.078681E-03 0 -2.078681E-03
 15 67 -1.10085E-02 0 -1.10085E-02
 15 68 -2.490861E-02 0 -2.490861E-02
 15 69 -3.172487E-02 0 -3.172487E-02
 15 70 -5.388228E-03 0 -5.388228E-03
 15 71 -3.283283E-03 0 -3.283283E-03
 15 72 -1.705326E-03 0 -1.705326E-03
 15 73 -1.774348E-03 0 -1.774348E-03
 15 74 -2.800545E-03 0 -2.800545E-03
 15 75 -2.171859E-04 0 -2.171859E-04
 15 76 -9.393433E-05 0 -9.393433E-05
 15 77 -4.628034E-05 0 -4.628034E-05
 15 78 -1.599521E-04 0 -1.599521E-04
 15 79 -1.076503E-04 0 -1.076503E-04
 15 80 -7.303223E-04 0 -7.303223E-04
 15 81 -8.152746E-05 0 -8.152746E-05
 15 82 -7.300772E-05 0 -7.300772E-05
 15 83 -9.142118E-04 0 -9.142118E-04
 15 84 -2.338749E-04 0 -2.338749E-04
 15 85 -2.39707E-03 0 -2.39707E-03
 15 86 -9.39929E-04 0 -9.39929E-04
 15 87 -4.792362E-04 0 -4.792362E-04
 15 88 -9.528879E-04 0 -9.528879E-04
 15 89 -2.517846E-03 0 -2.517846E-03
 15 90 -1.549639E-02 0 -1.549639E-02
 15 91 -4.253743E-02 0 -4.253743E-02
 15 92 -5.501312E-02 0 -5.501312E-02
 15 93 -3.499223E-02 0 -3.499223E-02
 15 94 -1.350175E-02 0 -1.350175E-02
 15 95 -5.065592E-03 0 -5.065592E-03
 15 96 -9.361553E-04 0 -9.361553E-04
 15 97 -1.494832E-03 0 -1.494832E-03
 15 98 -2.330385E-04 0 -2.330385E-04
 15 99 -4.673876E-05 0 -4.673876E-05
 15 100 -3.103521E-05 0 -3.103521E-05
 16 25 -1.279696E-04 0 -1.279696E-04
 16 26 2.768641E-04 0 2.768641E-04
 16 27 -1.805276E-03 0 -1.805276E-03
 16 28 -7.641228E-03 0 -7.641228E-03
 16 29 -3.109948E-03 0 -3.109948E-03
 16 30 2.510219E-02 0 2.510219E-02
 16 31 1.351276E-03 0 1.351276E-03
 16 32 -1.456801E-02 0 -1.456801E-02
 16 33 7.131298E-04 0 7.131298E-04
 16 34 1.536589E-03 0 1.536589E-03
 16 35 5.654934E-03 0 5.654934E-03
 16 36 1.337634E-03 0 1.337634E-03
 16 37 -1.68976E-03 0 -1.68976E-03
 16 38 1.564482E-04 0 1.564482E-04
 16 39 -6.818893E-04 0 -6.818893E-04
 16 40 1.258267E-04 0 1.258267E-04
 16 41 -9.731785E-05 0 -9.731785E-05
 16 42 5.210996E-05 0 5.210996E-05
 16 43 3.549127E-05 0 3.549127E-05
 16 44 1.603563E-05 0 1.603563E-05
 16 45 2.513642E-05 0 2.513642E-05
 16 46 1.700193E-05 0 1.700193E-05
 16 47 -1.99538E-04 0 -1.99538E-04
 16 48 3.475138E-05 0 3.475138E-05
 16 49 3.450982E-05 0 3.450982E-05
 16 50 -1.137083E-04 0 -1.137083E-04
 16 51 2.144201E-04 0 2.144201E-04
 16 52 2.237715E-05 0 2.237715E-05
 16 53 1.19924E-04 0 1.19924E-04
 16 54 -2.360149E-04 0 -2.360149E-04
 16 55 5.953177E-05 0 5.953177E-05
 16 56 2.237849E-05 0 2.237849E-05
 16 57 1.166256E-04 0 1.166256E-04
 16 58 9.765277E-05 0 9.765277E-05
 16 59 1.213061E-05 0 1.213061E-05
 16 60 -1.31767E-04 0 -1.31767E-04
 16 61 3.53996E-05 0 3.53996E-05
 16 62 5.336452E-05 0 5.336452E-05
 16 63 3.922265E-05 0 3.922265E-05
 16 64 8.899128E-05 0 8.899128E-05
 16 65 2.515662E-04 0 2.515662E-04
 16 66 5.799462E-04 0 5.799462E-04
 16 67 -3.708311E-03 0 -3.708311E-03
 16 68 -8.166345E-03 0 -8.166345E-03
 16 69 -2.364863E-02 0 -2.364863E-02
 16 70 1.057387E-03 0 1.057387E-03
 16 71 9.13502E-04 0 9.13502E-04
 16 72 2.188689E-03 0 2.188689E-03
 16 73 7.731234E-04 0 7.731234E-04
 16 74 -1.028421E-03 0 -1.028421E-03
 16 75 1.241225E-04 0 1.241225E-04
 16 76 4.782723E-05 0 4.782723E-05
 16 77 9.696528E-06 0 9.696528E-06
 16 78 6.49637E-05 0 6.49637E-05
 16 79 1.87014E-05 0 1.87014E-05
 16 80 -3.312081E-04 0 -3.312081E-04
 16 81 3.911058E-05 0 3.911058E-05
 16 82 5.300205E-05 0 5.300205E-05
 16 83 -2.114874E-04 0 -2.114874E-04
 16 84 1.808778E-04 0 1.808778E-04
 16 85 -1.298295E-03 0 -1.298295E-03
 16 86 9.753197E-04 0 9.753197E-04
 16 87 1.127995E-03 0 1.127995E-03
 16 88 1.287285E-03 0 1.287285E-03
 16 89 2.841535E-03 0 2.841535E-03
 16 90 8.529104E-03 0 8.529104E-03
 16 91 -3.11876E-02 0 -3.11876E-02
 16 92 5.01803E-03 0 5.01803E-03
 16 93 -8.3272E-03 0 -8.3272E-03
 16 94 -1.261688E-03 0 -1.261688E-03
 16 95 -7.815243E-04 0 -7.815243E-04
 16 96 1.663767E-04 0 1.663767E-04
 16 97 -1.960297E-04 0 -1.960297E-04
 16 98 3.788625E-05 0 3.788625E-05
 16 99 4.558677E-06 0 4.558677E-06
 16 100 2.892564E-06 0 2.892564E-06
 17 25 -6.526307E-04 0 -6.526307E-04
 17 26 -4.866455E-04 0 -4.866455E-04
 17 27 -4.154201E-03 0 -4.154201E-03
 17 28 -9.065902E-03 0 -9.065902E-03
 17 29 -6.027513E-03 0 -6.027513E-03
 17 30 -5.158349E-03 0 -5.158349E-03
 17 31 -2.859535E-03 0 -2.859535E-03
 17 32 -1.491258E-02 0 -1.491258E-02
 17 33 -1.983364E-03 0 -1.983364E-03
 17 34 -2.086671E-03 0 -2.086671E-03
 17 35 -1.667882E-03 0 -1.667882E-03
 17 36 -2.840541E-03 0 -2.840541E-03
 17 37 -2.855569E-03 0 -2.855569E-03
 17 38 -5.928498E-04 0 -5.928498E-04
 17 39 -1.307223E-03 0 -1.307223E-03
 17 40 -1.616096E-04 0 -1.616096E-04
 17 41 -4.429008E-04 0 -4.429008E-04
 17 42 -8.593402E-05 0 -8.593402E-05
 17 43 -1.087583E-04 0 -1.087583E-04
 17 44 -5.209696E-05 0 -5.209696E-05
 17 45 -4.637043E-05 0 -4.637043E-05
 17 46 -1.172367E-04 0 -1.172367E-04
 17 47 -6.744457E-04 0 -6.744457E-04
 17 48 -5.660675E-05 0 -5.660675E-05
 17 49 -6.577798E-05 0 -6.577798E-05
 17 50 -4.72304E-04 0 -4.72304E-04
 17 51 -1.407281E-04 0 -1.407281E-04
 17 52 -5.132233E-05 0 -5.132233E-05
 17 53 -7.9578E-05 0 -7.9578E-05
 17 54 -5.81518E-04 0 -5.81518E-04
 17 55 -9.748785E-05 0 -9.748785E-05
 17 56 -3.063599E-05 0 -3.063599E-05
 17 57 -7.138895E-05 0 -7.138895E-05
 17 58 -1.034406E-04 0 -1.034406E-04
 17 59 -3.903933E-05 0 -3.903933E-05
 17 60 -3.489637E-04 0 -3.489637E-04
 17 61 -7.760648E-05 0 -7.760648E-05
 17 62 -1.175957E-04 0 -1.175957E-04
 17 63 -6.058599E-05 0 -6.058599E-05
 17 64 -1.591063E-04 0 -1.591063E-04
 17 65 -3.80645E-04 0 -3.80645E-04
 17 66 -1.043044E-03 0 -1.043044E-03
 17 67 -6.630213E-03 0 -6.630213E-03
 17 68 -2.003656E-02 0 -2.003656E-02
 17 69 -5.479134E-02 0 -5.479134E-02
 17 70 -1.911707E-02 0 -1.911707E-02
 17 71 -7.496884E-03 0 -7.496884E-03
 17 72 -2.605386E-03 0 -2.605386E-03
 17 73 -1.742997E-03 0 -1.742997E-03
 17 74 -2.933072E-03 0 -2.933072E-03
 17 75 -2.158764E-04 0 -2.158764E-04
 17 76 -8.352067E-05 0 -8.352067E-05
 17 77 -4.804959E-05 0 -4.804959E-05
 17 78 -1.976656E-04 0 -1.976656E-04
 17 79 -1.462298E-04 0 -1.462298E-04
 17 80 -1.109472E-03 0 -1.109472E-03
 17 81 -1.438158E-04 0 -1.438158E-04
 17 82 -1.354136E-04 0 -1.354136E-04
 17 83 -1.864492E-03 0 -1.864492E-03
 17 84 -5.605858E-04 0 -5.605858E-04
 17 85 -5.671006E-03 0 -5.671006E-03
 17 86 -2.676013E-03 0 -2.676013E-03
 17 87 -1.017425E-03 0 -1.017425E-03
 17 88 -1.584768E-03 0 -1.584768E-03
 17 89 -5.000205E-03 0 -5.000205E-03
 17 90 -1.77815E-02 0 -1.77815E-02
 17 91 -3.283427E-02 0 -3.283427E-02
 17 92 -1.997202E-02 0 -1.997202E-02
 17 93 -1.001652E-02 0 -1.001652E-02
 17 94 -3.794775E-03 0 -3.794775E-03
 17 95 -1.598776E-03 0 -1.598776E-03
 17 96 -3.644938E-04 0 -3.644938E-04
 17 97 -5.435817E-04 0 -5.435817E-04
 17 98 -9.60778E-05 0 -9.60778E-05
 17 99 -2.210581E-05 0 -2.210581E-05
 17 100 -1.422992E-05 0 -1.422992E-05
 18 25 -2.102245E-05 0 -2.102245E-05
 18 26 1.749499E-04 0 1.749499E-04
 18 27 -3.68791E-04 0 -3.68791E-04
 18 28 -1.24892E-03 0 -1.24892E-03
 18 29 -1.937904E-04 0 -1.937904E-04
 18 30 7.761488E-02 7.076896E-02 6.845917E-03
 18 31 1.071686E-03 0 1.071686E-03
 18 32 -2.697342E-03 0 -2.697342E-03
 18 33 1.097863E-03 0 1.097863E-03
 18 34 1.704538E-03 0 1.704538E-03
 18 35 5.898387E-02 5.520471E-02 3.779167E-03
 18 36 1.258649E-03 0 1.258649E-03
 18 37 -3.887549E-04 0 -3.887549E-04
 18 38 2.233005E-04 0 2.233005E-04
 18 39 -1.993642E-04 0 -1.993642E-04
 18 40 -1.362517E-02 -1.366509E-02 3.991968E-05
 18 41 -1.452416E-05 0 -1.452416E-05
 18 42 -8.657381E-03 -8.67634E-03 1.895892E-05
 18 43 4.512298E-05 0 4.512298E-05
 18 44 2.263367E-05 0 2.263367E-05
 18 45 -6.883335E-03 -6.897771E-03 1.443678E-05
 18 46 3.030759E-05 0 3.030759E-05
 18 47 -5.558365E-05 0 -5.558365E-05
 18 48 -7.867056E-03 -7.884745E-03 1.768935E-05
 18 49 3.000571E-05 0 3.000571E-05
 18 50 -1.495261E-05 0 -1.495261E-05
 18 51 1.163662E-02 1.14641E-02 1.725201E-04
 18 52 2.65287E-05 0 2.65287E-05
 18 53 8.889376E-03 8.777214E-03 1.121622E-04
 18 54 -6.506952E-05 0 -6.506952E-05
 18 55 4.135006E-05 0 4.135006E-05
 18 56 -6.46359E-03 -6.476732E-03 1.314238E-05
 18 57 9.256441E-03 9.136945E-03 1.194954E-04
 18 58 -1.200015E-02 -1.203233E-02 3.218348E-05
 18 59 2.015965E-05 0 2.015965E-05
 18 60 -4.294892E-05 0 -4.294892E-05
 18 61 3.886782E-05 0 3.886782E-05
 18 62 5.24771E-05 0 5.24771E-05
 18 63 -8.69719E-03 -8.717866E-03 2.067674E-05
 18 64 6.094773E-05 0 6.094773E-05
 18 65 1.34841E-04 0 1.34841E-04
 18 66 2.384554E-02 2.332123E-02 5.243121E-04
 18 67 -6.229749E-04 0 -6.229749E-04
 18 68 -9.844857E-04 0 -9.844857E-04
 18 69 -2.727079E-03 0 -2.727079E-03
 18 70 1.304759E-03 0 1.304759E-03
 18 71 9.606869E-04 0 9.606869E-04
 18 72 3.814329E-02 3.662404E-02 1.519245E-03
 18 73 3.569113E-04 0 3.569113E-04
 18 74 -2.581434E-04 0 -2.581434E-04
 18 75 -1.297685E-02 -1.301357E-02 3.6727E-05
 18 76 -9.47281E-03 -9.496483E-03 2.367255E-05
 18 77 1.578199E-05 0 1.578199E-05
 18 78 8.810264E-03 8.715144E-03 9.512061E-05
 18 79 3.495593E-05 0 3.495593E-05
 18 80 -1.128264E-04 0 -1.128264E-04
 18 81 5.241085E-05 0 5.241085E-05
 18 82 -1.148321E-02 -1.151559E-02 3.23842E-05
 18 83 -7.027315E-05 0 -7.027315E-05
 18 84 1.655881E-04 0 1.655881E-04
 18 85 -3.305042E-04 0 -3.305042E-04
 18 86 6.031585E-04 0 6.031585E-04
 18 87 3.161724E-02 3.057317E-02 1.044068E-03
 18 88 -4.011741E-02 -4.044097E-02 3.235534E-04
 18 89 1.512611E-03 0 1.512611E-03
 18 90 3.272301E-03 0 3.272301E-03
 18 91 -2.611605E-03 0 -2.611605E-03
 18 92 4.165286E-02 3.851294E-02 3.139923E-03
 18 93 -1.191414E-03 0 -1.191414E-03
 18 94 -1.166289E-04 0 -1.166289E-04
 18 95 -2.395393E-04 0 -2.395393E-04
 18 96 1.538257E-02 1.51449E-02 2.376662E-04
 18 97 -9.097059E-05 0 -9.097059E-05
 18 98 7.53728E-03 7.46244E-03 7.483925E-05
 18 99 1.075165E-05 0 1.075165E-05
 18 100 7.513162E-06 0 7.513162E-06
 19 25 -9.690418E-05 0 -9.690418E-05
 19 26 2.658327E-04 0 2.658327E-04
 19 27 -9.194511E-04 0 -9.194511E-04
 19 28 -3.08293E-03 0 -3.08293E-03
 19 29 -5.547253E-04 0 -5.547253E-04
 19 30 -8.954041E-02 -9.182585E-02 2.28544E-03
 19 31 6.417184E-04 0 6.417184E-04
 19 32 -2.496472E-03 0 -2.496472E-03
 19 33 5.073877E-04 0 5.073877E-04
 19 34 1.832746E-03 0 1.832746E-03
 19 35 -7.256014E-02 -7.387294E-02 1.312799E-03
 19 36 1.435024E-03 0 1.435024E-03
 19 37 -9.80998E-04 0 -9.80998E-04
 19 38 2.334136E-04 0 2.334136E-04
 19 39 -3.846679E-04 0 -3.846679E-04
 19 40 2.010654E-02 1.993E-02 1.765396E-04
 19 41 -3.575627E-05 0 -3.575627E-05
 19 42 1.184243E-02 1.177242E-02 7.000619E-05
 19 43 3.509625E-05 0 3.509625E-05
 19 44 1.606828E-05 0 1.606828E-05
 19 45 8.691451E-03 8.657881E-03 3.356975E-05
 19 46 1.694915E-05 0 1.694915E-05
 19 47 -7.588484E-05 0 -7.588484E-05
 19 48 9.127494E-03 9.091242E-03 3.625219E-05
 19 49 2.297574E-05 0 2.297574E-05
 19 50 -3.11045E-05 0 -3.11045E-05
 19 51 -1.358469E-02 -1.362441E-02 3.971614E-05
 19 52 1.794594E-05 0 1.794594E-05
 19 53 -1.133115E-02 -1.13604E-02 2.925254E-05
 19 54 -1.033862E-04 0 -1.033862E-04
 19 55 3.811834E-05 0 3.811834E-05
 19 56 8.266267E-03 8.235217E-03 3.10499E-05
 19 57 -1.201133E-02 -1.204356E-02 3.223369E-05
 19 58 1.525448E-02 1.514684E-02 1.076458E-04
 19 59 1.898545E-05 0 1.898545E-05
 19 60 -5.583029E-05 0 -5.583029E-05
 19 61 2.689165E-05 0 2.689165E-05
 19 62 3.642879E-05 0 3.642879E-05
 19 63 8.926001E-03 8.891E-03 3.500023E-05
 19 64 4.140028E-05 0 4.140028E-05
 19 65 9.741876E-05 0 9.741876E-05
 19 66 -2.331382E-02 -2.331408E-02 2.584349E-07
 19 67 -6.4701E-04 0 -6.4701E-04
 19 68 -9.850449E-04 0 -9.850449E-04
 19 69 -2.615459E-03 0 -2.615459E-03
 19 70 6.83404E-04 0 6.83404E-04
 19 71 4.365441E-04 0 4.365441E-04
 19 72 -3.242073E-02 -3.262611E-02 2.053833E-04
 19 73 2.103223E-04 0 2.103223E-04
 19 74 -2.545107E-04 0 -2.545107E-04
 19 75 1.328951E-02 1.320458E-02 8.493133E-05
 19 76 1.015372E-02 1.011075E-02 4.296293E-05
 19 77 1.245647E-05 0 1.245647E-05
 19 78 -9.529249E-03 -9.529303E-03 5.402503E-08
 19 79 1.900749E-05 0 1.900749E-05
 19 80 -1.469821E-04 0 -1.469821E-04
 19 81 3.571846E-05 0 3.571846E-05
 19 82 1.296202E-02 1.289775E-02 6.426826E-05
 19 83 -1.069022E-04 0 -1.069022E-04
 19 84 1.284468E-04 0 1.284468E-04
 19 85 -5.63739E-04 0 -5.63739E-04
 19 86 8.232017E-04 0 8.232017E-04
 19 87 -4.534732E-02 -4.577215E-02 4.248302E-04
 19 88 6.644467E-02 6.433166E-02 2.113014E-03
 19 89 2.025733E-03 0 2.025733E-03
 19 90 3.727359E-03 0 3.727359E-03
 19 91 -4.051781E-03 0 -4.051781E-03
 19 92 -4.072412E-02 -4.110289E-02 3.787723E-04
 19 93 -1.266057E-03 0 -1.266057E-03
 19 94 -1.473081E-04 0 -1.473081E-04
 19 95 -2.064251E-04 0 -2.064251E-04
 19 96 -1.368016E-02 -1.368026E-02 9.826227E-08
 19 97 -6.759949E-05 0 -6.759949E-05
 19 98 -6.609507E-03 -6.609537E-03 3.074215E-08
 19 99 6.115619E-06 0 6.115619E-06
 19 100 4.309004E-06 0 4.309004E-06
 20 25 -1.259905E-04 0 -1.259905E-04
 20 26 2.310245E-04 0 2.310245E-04
 20 27 -1.062557E-03 0 -1.062557E-03
 20 28 -2.852504E-03 0 -2.852504E-03
 20 29 -6.062676E-04 0 -6.062676E-04
 20 30 2.374624E-03 0 2.374624E-03
 20 31 1.325599E-04 0 1.325599E-04
 20 32 -1.012217E-03 0 -1.012217E-03
 20 33 7.989703E-05 0 7.989703E-05
 20 34 1.603545E-04 0 1.603545E-04
 20 35 9.57381E-04 0 9.57381E-04
 20 36 2.903314E-04 0 2.903314E-04
 20 37 -5.793518E-04 0 -5.793518E-04
 20 38 8.164127E-05 0 8.164127E-05
 20 39 -3.398131E-04 0 -3.398131E-04
 20 40 8.309519E-05 0 8.309519E-05
 20 41 -6.199827E-05 0 -6.199827E-05
 20 42 3.966282E-05 0 3.966282E-05
 20 43 2.877293E-05 0 2.877293E-05
 20 44 1.242658E-05 0 1.242658E-05
 20 45 1.610105E-05 0 1.610105E-05
 20 46 9.186793E-06 0 9.186793E-06
 20 47 -8.407984E-05 0 -8.407984E-05
 20 48 1.465582E-05 0 1.465582E-05
 20 49 1.648556E-05 0 1.648556E-05
 20 50 -4.713864E-05 0 -4.713864E-05
 20 51 7.317398E-05 0 7.317398E-05
 20 52 9.133945E-06 0 9.133945E-06
 20 53 5.157514E-05 0 5.157514E-05
 20 54 -7.930597E-05 0 -7.930597E-05
 20 55 2.069146E-05 0 2.069146E-05
 20 56 9.317599E-06 0 9.317599E-06
 20 57 4.682682E-05 0 4.682682E-05
 20 58 3.130854E-05 0 3.130854E-05
 20 59 4.051642E-06 0 4.051642E-06
 20 60 -3.771799E-05 0 -3.771799E-05
 20 61 1.083564E-05 0 1.083564E-05
 20 62 1.610847E-05 0 1.610847E-05
 20 63 1.148321E-05 0 1.148321E-05
 20 64 2.212288E-05 0 2.212288E-05
 20 65 5.166594E-05 0 5.166594E-05
 20 66 1.053446E-04 0 1.053446E-04
 20 67 -5.843445E-04 0 -5.843445E-04
 20 68 -1.032129E-03 0 -1.032129E-03
 20 69 -4.294797E-03 0 -4.294797E-03
 20 70 3.743979E-04 0 3.743979E-04
 20 71 2.156021E-04 0 2.156021E-04
 20 72 5.870767E-04 0 5.870767E-04
 20 73 1.734074E-04 0 1.734074E-04
 20 74 -2.997877E-04 0 -2.997877E-04
 20 75 4.392385E-05 0 4.392385E-05
 20 76 1.804617E-05 0 1.804617E-05
 20 77 4.536826E-06 0 4.536826E-06
 20 78 3.415943E-05 0 3.415943E-05
 20 79 1.169211E-05 0 1.169211E-05
 20 80 -2.154376E-04 0 -2.154376E-04
 20 81 3.364693E-05 0 3.364693E-05
 20 82 4.213919E-05 0 4.213919E-05
 20 83 -1.487532E-04 0 -1.487532E-04
 20 84 1.84889E-04 0 1.84889E-04
 20 85 -1.159216E-03 0 -1.159216E-03
 20 86 1.498879E-03 0 1.498879E-03
 20 87 1.720755E-03 0 1.720755E-03
 20 88 1.490766E-03 0 1.490766E-03
 20 89 2.162639E-03 0 2.162639E-03
 20 90 1.937207E-03 0 1.937207E-03
 20 91 -3.989176E-03 0 -3.989176E-03
 20 92 2.893016E-04 0 2.893016E-04
 20 93 -8.042873E-04 0 -8.042873E-04
 20 94 -1.462905E-04 0 -1.462905E-04
 20 95 -1.315021E-04 0 -1.315021E-04
 20 96 3.41877E-05 0 3.41877E-05
 20 97 -4.40545E-05 0 -4.40545E-05
 20 98 1.031067E-05 0 1.031067E-05
 20 99 1.394612E-06 0 1.394612E-06
 20 100 9.433214E-07 0 9.433214E-07
 21 25 -1.076136E-04 0 -1.076136E-04
 21 26 9.360429E-05 0 9.360429E-05
 21 27 -6.346885E-04 0 -6.346885E-04
 21 28 -1.369932E-03 0 -1.369932E-03
 21 29 -3.618872E-04 0 -3.618872E-04
 21 30 4.446079E-02 4.265169E-02 1.809101E-03
 21 31 1.235314E-04 0 1.235314E-04
 21 32 -9.496225E-04 0 -9.496225E-04
 21 33 9.860071E-05 0 9.860071E-05
 21 34 1.846E-04 0 1.846E-04
 21 35 3.279625E-02 3.182448E-02 9.717657E-04
 21 36 2.111395E-04 0 2.111395E-04
 21 37 -4.166297E-04 0 -4.166297E-04
 21 38 6.668071E-05 0 6.668071E-05
 21 39 -2.559184E-04 0 -2.559184E-04
 21 40 -1.262814E-02 -1.262822E-02 8.575557E-08
 21 41 -5.187217E-05 0 -5.187217E-05
 21 42 -8.702735E-03 -8.702782E-03 4.680193E-08
 21 43 2.877963E-05 0 2.877963E-05
 21 44 1.391161E-05 0 1.391161E-05
 21 45 -6.498441E-03 -6.497946E-03 -4.943418E-07
 21 46 1.07957E-05 0 1.07957E-05
 21 47 -8.171725E-05 0 -8.171725E-05
 21 48 -6.202425E-03 -6.201963E-03 -4.61443E-07
 21 49 1.462185E-05 0 1.462185E-05
 21 50 -4.161701E-05 0 -4.161701E-05
 21 51 8.467509E-03 8.378074E-03 8.943528E-05
 21 52 1.01452E-05 0 1.01452E-05
 21 53 6.769605E-03 6.705903E-03 6.370177E-05
 21 54 -7.493413E-05 0 -7.493413E-05
 21 55 1.224559E-05 0 1.224559E-05
 21 56 -4.601105E-03 -4.600805E-03 -3.009304E-07
 21 57 6.513488E-03 6.453322E-03 6.016687E-05
 21 58 -7.850007E-03 -7.850047E-03 3.987757E-08
 21 59 5.693193E-06 0 5.693193E-06
 21 60 -4.184188E-05 0 -4.184188E-05
 21 61 9.686487E-06 0 9.686487E-06
 21 62 1.36835E-05 0 1.36835E-05
 21 63 -5.651747E-03 -5.651344E-03 -4.029346E-07
 21 64 1.465169E-05 0 1.465169E-05
 21 65 3.050404E-05 0 3.050404E-05
 21 66 1.477247E-02 1.466692E-02 1.05548E-04
 21 67 -4.838167E-04 0 -4.838167E-04
 21 68 -8.399576E-04 0 -8.399576E-04
 21 69 -2.61982E-03 0 -2.61982E-03
 21 70 5.136245E-04 0 5.136245E-04
 21 71 2.928275E-04 0 2.928275E-04
 21 72 2.933977E-02 2.855963E-02 7.801437E-04
 21 73 9.943815E-05 0 9.943815E-05
 21 74 -2.818184E-04 0 -2.818184E-04
 21 75 -1.011062E-02 -1.011068E-02 5.941254E-08
 21 76 -7.299051E-03 -7.298462E-03 -5.884411E-07
 21 77 6.549466E-06 0 6.549466E-06
 21 78 7.821278E-03 7.783788E-03 3.749054E-05
 21 79 1.396603E-05 0 1.396603E-05
 21 80 -1.954224E-04 0 -1.954224E-04
 21 81 3.608878E-05 0 3.608878E-05
 21 82 -1.237757E-02 -1.237621E-02 -1.367124E-06
 21 83 -2.236437E-04 0 -2.236437E-04
 21 84 1.457631E-04 0 1.457631E-04
 21 85 -8.203885E-04 0 -8.203885E-04
 21 86 5.107978E-04 0 5.107978E-04
 21 87 3.85222E-02 3.717744E-02 1.34476E-03
 21 88 -4.385113E-02 -4.385208E-02 9.488475E-07
 21 89 9.081206E-04 0 9.081206E-04
 21 90 8.033017E-04 0 8.033017E-04
 21 91 -2.097429E-03 0 -2.097429E-03
 21 92 2.301276E-02 2.289227E-02 1.204883E-04
 21 93 -6.568291E-04 0 -6.568291E-04
 21 94 -1.444331E-04 0 -1.444331E-04
 21 95 -1.482264E-04 0 -1.482264E-04
 21 96 8.587634E-03 8.544321E-03 4.331291E-05
 21 97 -6.053781E-05 0 -6.053781E-05
 21 98 4.124457E-03 4.109584E-03 1.487326E-05
 21 99 2.68349E-06 0 2.68349E-06
 21 100 1.883849E-06 0 1.883849E-06
 22 25 -6.31943E-05 0 -6.31943E-05
 22 26 7.476909E-05 0 7.476909E-05
 22 27 -2.609514E-04 0 -2.609514E-04
 22 28 -5.811156E-04 0 -5.811156E-04
 22 29 -1.020738E-04 0 -1.020738E-04
 22 30 3.779955E-04 0 3.779955E-04
 22 31 4.052155E-05 0 4.052155E-05
 22 32 -2.161693E-04 0 -2.161693E-04
 22 33 2.95457E-05 0 2.95457E-05
 22 34 4.750594E-05 0 4.750594E-05
 22 35 2.159136E-04 0 2.159136E-04
 22 36 8.552739E-05 0 8.552739E-05
 22 37 -1.39494E-04 0 -1.39494E-04
 22 38 3.801527E-05 0 3.801527E-05
 22 39 -1.186102E-04 0 -1.186102E-04
 22 40 3.826762E-05 0 3.826762E-05
 22 41 -2.197883E-05 0 -2.197883E-05
 22 42 2.204514E-05 0 2.204514E-05
 22 43 1.954085E-05 0 1.954085E-05
 22 44 9.239012E-06 0 9.239012E-06
 22 45 8.582574E-06 0 8.582574E-06
 22 46 6.165249E-06 0 6.165249E-06
 22 47 -2.939139E-05 0 -2.939139E-05
 22 48 6.697892E-06 0 6.697892E-06
 22 49 7.203272E-06 0 7.203272E-06
 22 50 -1.478827E-05 0 -1.478827E-05
 22 51 2.687292E-05 0 2.687292E-05
 22 52 5.212586E-06 0 5.212586E-06
 22 53 2.100823E-05 0 2.100823E-05
 22 54 -2.532345E-05 0 -2.532345E-05
 22 55 6.815872E-06 0 6.815872E-06
 22 56 4.369279E-06 0 4.369279E-06
 22 57 1.903573E-05 0 1.903573E-05
 22 58 1.299023E-05 0 1.299023E-05
 22 59 2.328309E-06 0 2.328309E-06
 22 60 -1.282497E-05 0 -1.282497E-05
 22 61 5.376415E-06 0 5.376415E-06
 22 62 7.638017E-06 0 7.638017E-06
 22 63 4.922633E-06 0 4.922633E-06
 22 64 6.886424E-06 0 6.886424E-06
 22 65 1.384109E-05 0 1.384109E-05
 22 66 3.442666E-05 0 3.442666E-05
 22 67 -1.465845E-04 0 -1.465845E-04
 22 68 -1.945202E-04 0 -1.945202E-04
 22 69 -7.732026E-04 0 -7.732026E-04
 22 70 1.676694E-04 0 1.676694E-04
 22 71 7.958165E-05 0 7.958165E-05
 22 72 1.780337E-04 0 1.780337E-04
 22 73 4.321202E-05 0 4.321202E-05
 22 74 -9.896271E-05 0 -9.896271E-05
 22 75 1.909998E-05 0 1.909998E-05
 22 76 7.979754E-06 0 7.979754E-06
 22 77 2.98477E-06 0 2.98477E-06
 22 78 1.761869E-05 0 1.761869E-05
 22 79 8.315254E-06 0 8.315254E-06
 22 80 -9.582535E-05 0 -9.582535E-05
 22 81 2.419834E-05 0 2.419834E-05
 22 82 2.417591E-05 0 2.417591E-05
 22 83 -7.055204E-05 0 -7.055204E-05
 22 84 8.97105E-05 0 8.97105E-05
 22 85 -3.653087E-04 0 -3.653087E-04
 22 86 4.623454E-04 0 4.623454E-04
 22 87 7.028818E-04 0 7.028818E-04
 22 88 4.818595E-04 0 4.818595E-04
 22 89 5.163374E-04 0 5.163374E-04
 22 90 3.263182E-04 0 3.263182E-04
 22 91 -6.255757E-04 0 -6.255757E-04
 22 92 5.996601E-05 0 5.996601E-05
 22 93 -1.760356E-04 0 -1.760356E-04
 22 94 -3.156024E-05 0 -3.156024E-05
 22 95 -4.275164E-05 0 -4.275164E-05
 22 96 1.367223E-05 0 1.367223E-05
 22 97 -1.787062E-05 0 -1.787062E-05
 22 98 5.000638E-06 0 5.000638E-06
 22 99 9.376303E-07 0 9.376303E-07
 22 100 6.672631E-07 0 6.672631E-07
 23 25 -9.784246E-05 0 -9.784246E-05
 23 26 1.347064E-04 0 1.347064E-04
 23 27 -4.600518E-04 0 -4.600518E-04
 23 28 -8.034297E-04 0 -8.034297E-04
 23 29 -1.58828E-04 0 -1.58828E-04
 23 30 4.34949E-04 0 4.34949E-04
 23 31 2.901118E-05 0 2.901118E-05
 23 32 -2.134688E-04 0 -2.134688E-04
 23 33 1.752047E-05 0 1.752047E-05
 23 34 2.733717E-05 0 2.733717E-05
 23 35 1.884083E-04 0 1.884083E-04
 23 36 5.658358E-05 0 5.658358E-05
 23 37 -1.634312E-04 0 -1.634312E-04
 23 38 2.961104E-05 0 2.961104E-05
 23 39 -1.490375E-04 0 -1.490375E-04
 23 40 4.684781E-05 0 4.684781E-05
 23 41 -3.965552E-05 0 -3.965552E-05
 23 42 3.113709E-05 0 3.113709E-05
 23 43 2.565515E-05 0 2.565515E-05
 23 44 1.146068E-05 0 1.146068E-05
 23 45 1.26529E-05 0 1.26529E-05
 23 46 6.837947E-06 0 6.837947E-06
 23 47 -5.293106E-05 0 -5.293106E-05
 23 48 9.104838E-06 0 9.104838E-06
 23 49 1.031867E-05 0 1.031867E-05
 23 50 -2.570514E-05 0 -2.570514E-05
 23 51 3.676168E-05 0 3.676168E-05
 23 52 4.953305E-06 0 4.953305E-06
 23 53 2.645855E-05 0 2.645855E-05
 23 54 -3.470347E-05 0 -3.470347E-05
 23 55 9.637949E-06 0 9.637949E-06
 23 56 4.590381E-06 0 4.590381E-06
 23 57 2.074742E-05 0 2.074742E-05
 23 58 1.234542E-05 0 1.234542E-05
 23 59 1.765527E-06 0 1.765527E-06
 23 60 -1.615195E-05 0 -1.615195E-05
 23 61 5.170427E-06 0 5.170427E-06
 23 62 7.974722E-06 0 7.974722E-06
 23 63 5.901176E-06 0 5.901176E-06
 23 64 1.008423E-05 0 1.008423E-05
 23 65 2.10004E-05 0 2.10004E-05
 23 66 4.342094E-05 0 4.342094E-05
 23 67 -2.216861E-04 0 -2.216861E-04
 23 68 -3.836806E-04 0 -3.836806E-04
 23 69 -1.811937E-03 0 -1.811937E-03
 23 70 2.501952E-04 0 2.501952E-04
 23 71 1.263285E-04 0 1.263285E-04
 23 72 3.670789E-04 0 3.670789E-04
 23 73 9.230007E-05 0 9.230007E-05
 23 74 -1.73299E-04 0 -1.73299E-04
 23 75 2.85535E-05 0 2.85535E-05
 23 76 1.143977E-05 0 1.143977E-05
 23 77 3.354379E-06 0 3.354379E-06
 23 78 2.780506E-05 0 2.780506E-05
 23 79 1.0222E-05 0 1.0222E-05
 23 80 -1.847355E-04 0 -1.847355E-04
 23 81 3.694687E-05 0 3.694687E-05
 23 82 4.842956E-05 0 4.842956E-05
 23 83 -1.539948E-04 0 -1.539948E-04
 23 84 2.383007E-04 0 2.383007E-04
 23 85 -1.100279E-03 0 -1.100279E-03
 23 86 1.66152E-03 0 1.66152E-03
 23 87 1.520815E-03 0 1.520815E-03
 23 88 7.543972E-04 0 7.543972E-04
 23 89 8.281619E-04 0 8.281619E-04
 23 90 3.828387E-04 0 3.828387E-04
 23 91 -1.028168E-03 0 -1.028168E-03
 23 92 6.362285E-05 0 6.362285E-05
 23 93 -2.196635E-04 0 -2.196635E-04
 23 94 -4.710044E-05 0 -4.710044E-05
 23 95 -4.867083E-05 0 -4.867083E-05
 23 96 1.471543E-05 0 1.471543E-05
 23 97 -1.931375E-05 0 -1.931375E-05
 23 98 4.914574E-06 0 4.914574E-06
 23 99 7.292884E-07 0 7.292884E-07
 23 100 4.933967E-07 0 4.933967E-07
 24 25 -4.870372E-04 0 -4.870372E-04
 24 26 1.739399E-04 0 1.739399E-04
 24 27 -2.457985E-03 0 -2.457985E-03
 24 28 -3.528024E-03 0 -3.528024E-03
 24 29 -8.369457E-04 0 -8.369457E-04
 24 30 7.502385E-04 0 7.502385E-04
 24 31 -8.163781E-06 0 -8.163781E-06
 24 32 -5.028295E-04 0 -5.028295E-04
 24 33 -4.179596E-06 0 -4.179596E-06
 24 34 -4.175329E-06 0 -4.175329E-06
 24 35 3.0376E-04 0 3.0376E-04
 24 36 -2.307874E-05 0 -2.307874E-05
 24 37 -7.442052E-04 0 -7.442052E-04
 24 38 -1.252007E-05 0 -1.252007E-05
 24 39 -5.510189E-04 0 -5.510189E-04
 24 40 9.887986E-05 0 9.887986E-05
 24 41 -1.748987E-04 0 -1.748987E-04
 24 42 5.296921E-05 0 5.296921E-05
 24 43 1.846143E-05 0 1.846143E-05
 24 44 7.265347E-06 0 7.265347E-06
 24 45 1.700199E-05 0 1.700199E-05
 24 46 -1.565018E-06 0 -1.565018E-06
 24 47 -1.439412E-04 0 -1.439412E-04
 24 48 1.141589E-05 0 1.141589E-05
 24 49 9.820279E-06 0 9.820279E-06
 24 50 -9.801112E-05 0 -9.801112E-05
 24 51 4.535482E-05 0 4.535482E-05
 24 52 3.278376E-06 0 3.278376E-06
 24 53 3.546566E-05 0 3.546566E-05
 24 54 -1.106755E-04 0 -1.106755E-04
 24 55 7.339539E-06 0 7.339539E-06
 24 56 6.514837E-06 0 6.514837E-06
 24 57 2.830166E-05 0 2.830166E-05
 24 58 1.992359E-05 0 1.992359E-05
 24 59 -2.361986E-07 0 -2.361986E-07
 24 60 -4.380903E-05 0 -4.380903E-05
 24 61 2.42914E-06 0 2.42914E-06
 24 62 3.76778E-06 0 3.76778E-06
 24 63 6.604317E-06 0 6.604317E-06
 24 64 6.252507E-06 0 6.252507E-06
 24 65 1.405676E-05 0 1.405676E-05
 24 66 3.913338E-05 0 3.913338E-05
 24 67 -5.180964E-04 0 -5.180964E-04
 24 68 -9.308057E-04 0 -9.308057E-04
 24 69 -3.521057E-03 0 -3.521057E-03
 24 70 -4.109966E-04 0 -4.109966E-04
 24 71 -9.058878E-06 0 -9.058878E-06
 24 72 2.78686E-04 0 2.78686E-04
 24 73 5.014665E-05 0 5.014665E-05
 24 74 -3.511752E-04 0 -3.511752E-04
 24 75 3.272575E-05 0 3.272575E-05
 24 76 1.292956E-05 0 1.292956E-05
 24 77 -3.593624E-07 0 -3.593624E-07
 24 78 2.335258E-05 0 2.335258E-05
 24 79 -2.195423E-06 0 -2.195423E-06
 24 80 -4.423665E-04 0 -4.423665E-04
 24 81 2.185919E-05 0 2.185919E-05
 24 82 5.027504E-05 0 5.027504E-05
 24 83 -4.101932E-04 0 -4.101932E-04
 24 84 2.029192E-04 0 2.029192E-04
 24 85 -3.737337E-03 0 -3.737337E-03
 24 86 2.118506E-03 0 2.118506E-03
 24 87 3.893437E-03 0 3.893437E-03
 24 88 2.966398E-03 0 2.966398E-03
 24 89 1.400829E-03 0 1.400829E-03
 24 90 -2.005834E-04 0 -2.005834E-04
 24 91 -3.471571E-03 0 -3.471571E-03
 24 92 -9.280853E-05 0 -9.280853E-05
 24 93 -5.467719E-04 0 -5.467719E-04
 24 94 -1.392006E-04 0 -1.392006E-04
 24 95 -9.907963E-05 0 -9.907963E-05
 24 96 1.15573E-05 0 1.15573E-05
 24 97 -3.404681E-05 0 -3.404681E-05
 24 98 3.68217E-06 0 3.68217E-06
 24 99 -6.64913E-08 0 -6.64913E-08
 24 100 -4.494704E-08 0 -4.494704E-08
