 1 25 -2.524989E-05 0 -2.524989E-05
 1 26 -7.685488E-06 0 -7.685488E-06
 1 27 -6.400536E-05 0 -6.400536E-05
 1 28 -9.596096E-05 0 -9.596096E-05
 1 29 -9.610663E-05 0 -9.610663E-05
 1 30 -2.218658E-05 0 -2.218658E-05
 1 31 -4.871354E-05 0 -4.871354E-05
 1 32 -5.495916E-04 0 -5.495916E-04
 1 33 -4.524656E-05 0 -4.524656E-05
 1 34 -1.463826E-05 0 -1.463826E-05
 1 35 -1.129354E-05 0 -1.129354E-05
 1 36 -1.450043E-05 0 -1.450043E-05
 1 37 -5.737138E-05 0 -5.737138E-05
 1 38 -7.589145E-06 0 -7.589145E-06
 1 39 -5.787801E-05 0 -5.787801E-05
 1 40 -5.421137E-06 0 -5.421137E-06
 1 41 -3.273428E-05 0 -3.273428E-05
 1 42 -5.687501E-06 0 -5.687501E-06
 1 43 -5.224265E-06 0 -5.224265E-06
 1 44 -4.918215E-06 0 -4.918215E-06
 1 45 -7.818972E-06 0 -7.818972E-06
 1 46 -2.448543E-05 0 -2.448543E-05
 1 47 -2.363518E-04 0 -2.363518E-04
 1 48 -2.620369E-05 0 -2.620369E-05
 1 49 -1.301693E-05 0 -1.301693E-05
 1 50 -8.479503E-05 0 -8.479503E-05
 1 51 -2.476801E-05 0 -2.476801E-05
 1 52 -1.131239E-05 0 -1.131239E-05
 1 53 -8.420647E-06 0 -8.420647E-06
 1 54 -1.107461E-04 0 -1.107461E-04
 1 55 -2.43749E-05 0 -2.43749E-05
 1 56 -6.789045E-06 0 -6.789045E-06
 1 57 -6.009777E-06 0 -6.009777E-06
 1 58 -1.22511E-05 0 -1.22511E-05
 1 59 -1.003063E-05 0 -1.003063E-05
 1 60 -2.118675E-04 0 -2.118675E-04
 1 61 -7.523719E-05 0 -7.523719E-05
 1 62 -1.044553E-04 0 -1.044553E-04
 1 63 -1.395877E-04 0 -1.395877E-04
 1 64 -2.778152E-04 0 -2.778152E-04
 1 65 -2.075535E-04 0 -2.075535E-04
 1 66 -6.188089E-04 0 -6.188089E-04
 1 67 -1.071544E-03 0 -1.071544E-03
 1 68 -1.268375E-03 0 -1.268375E-03
 1 69 -8.000942E-04 0 -8.000942E-04
 1 70 -1.149557E-04 0 -1.149557E-04
 1 71 -1.69232E-04 0 -1.69232E-04
 1 72 -2.695251E-04 0 -2.695251E-04
 1 73 -5.949113E-04 0 -5.949113E-04
 1 74 -1.202347E-03 0 -1.202347E-03
 1 75 -1.796198E-04 0 -1.796198E-04
 1 76 -7.639684E-05 0 -7.639684E-05
 1 77 -3.949686E-05 0 -3.949686E-05
 1 78 -1.007487E-04 0 -1.007487E-04
 1 79 -2.476821E-05 0 -2.476821E-05
 1 80 -1.42004E-04 0 -1.42004E-04
 1 81 -8.138417E-06 0 -8.138417E-06
 1 82 -1.626917E-05 0 -1.626917E-05
 1 83 -1.452249E-04 0 -1.452249E-04
 1 84 -1.248522E-05 0 -1.248522E-05
 1 85 -1.080748E-04 0 -1.080748E-04
 1 86 -1.350245E-05 0 -1.350245E-05
 1 87 -4.860282E-06 0 -4.860282E-06
 1 88 -6.797825E-06 0 -6.797825E-06
 1 89 -9.007224E-06 0 -9.007224E-06
 1 90 -2.511081E-05 0 -2.511081E-05
 1 91 -3.223389E-04 0 -3.223389E-04
 1 92 -2.211846E-04 0 -2.211846E-04
 1 93 -7.693785E-04 0 -7.693785E-04
 1 94 -1.244623E-03 0 -1.244623E-03
 1 95 -2.115458E-03 0 -2.115458E-03
 1 96 -1.998057E-03 0 -1.998057E-03
 1 97 -7.397103E-03 0 -7.397103E-03
 1 98 -1.3275E-03 0 -1.3275E-03
 1 99 -8.113913E-04 0 -8.113913E-04
 1 100 -2.946174E-04 0 -2.946174E-04
 2 25 -9.40149E-06 0 -9.40149E-06
 2 26 4.789057E-06 0 4.789057E-06
 2 27 -2.56277E-05 0 -2.56277E-05
 2 28 -4.321151E-05 0 -4.321151E-05
 2 29 -3.349809E-05 0 -3.349809E-05
 2 30 6.311515E-05 0 6.311515E-05
 2 31 1.709567E-05 0 1.709567E-05
 2 32 -2.00734E-04 0 -2.00734E-04
 2 33 1.384673E-05 0 1.384673E-05
 2 34 4.621081E-06 0 4.621081E-06
 2 35 3.060257E-05 0 3.060257E-05
 2 36 5.031292E-06 0 5.031292E-06
 2 37 -2.18985E-05 0 -2.18985E-05
 2 38 2.914883E-06 0 2.914883E-06
 2 39 -2.778497E-05 0 -2.778497E-05
 2 40 8.987653E-06 0 8.987653E-06
 2 41 -1.323417E-05 0 -1.323417E-05
 2 42 1.009456E-05 0 1.009456E-05
 2 43 6.32781E-06 0 6.32781E-06
 2 44 6.319837E-06 0 6.319837E-06
 2 45 1.506045E-05 0 1.506045E-05
 2 46 1.325783E-05 0 1.325783E-05
 2 47 -1.334779E-04 0 -1.334779E-04
 2 48 6.012372E-05 0 6.012372E-05
 2 49 2.124933E-05 0 2.124933E-05
 2 50 -3.860964E-05 0 -3.860964E-05
 2 51 1.080935E-04 0 1.080935E-04
 2 52 1.634793E-05 0 1.634793E-05
 2 53 3.311739E-05 0 3.311739E-05
 2 54 -5.352076E-05 0 -5.352076E-05
 2 55 1.906566E-05 0 1.906566E-05
 2 56 1.24047E-05 0 1.24047E-05
 2 57 2.150562E-05 0 2.150562E-05
 2 58 2.08488E-05 0 2.08488E-05
 2 59 4.801035E-06 0 4.801035E-06
 2 60 -1.075035E-04 0 -1.075035E-04
 2 61 4.889745E-05 0 4.889745E-05
 2 62 7.256523E-05 0 7.256523E-05
 2 63 3.931678E-04 0 3.931678E-04
 2 64 2.715899E-04 0 2.715899E-04
 2 65 1.739333E-04 0 1.739333E-04
 2 66 4.390321E-04 0 4.390321E-04
 2 67 -5.701209E-04 0 -5.701209E-04
 2 68 -5.111547E-04 0 -5.111547E-04
 2 69 -3.487397E-04 0 -3.487397E-04
 2 70 1.624852E-05 0 1.624852E-05
 2 71 5.284745E-05 0 5.284745E-05
 2 72 8.509678E-04 0 8.509678E-04
 2 73 4.513436E-04 0 4.513436E-04
 2 74 -7.434195E-04 0 -7.434195E-04
 2 75 4.67672E-04 0 4.67672E-04
 2 76 1.997687E-04 0 1.997687E-04
 2 77 2.692933E-05 0 2.692933E-05
 2 78 7.72353E-05 0 7.72353E-05
 2 79 1.273082E-05 0 1.273082E-05
 2 80 -7.701706E-05 0 -7.701706E-05
 2 81 9.781317E-06 0 9.781317E-06
 2 82 2.825661E-05 0 2.825661E-05
 2 83 -6.263792E-05 0 -6.263792E-05
 2 84 1.514452E-05 0 1.514452E-05
 2 85 -4.322641E-05 0 -4.322641E-05
 2 86 7.715076E-06 0 7.715076E-06
 2 87 1.460594E-05 0 1.460594E-05
 2 88 9.755842E-06 0 9.755842E-06
 2 89 8.729035E-06 0 8.729035E-06
 2 90 8.808141E-06 0 8.808141E-06
 2 91 -1.404524E-04 0 -1.404524E-04
 2 92 2.546248E-06 0 2.546248E-06
 2 93 -3.471082E-04 0 -3.471082E-04
 2 94 -4.477033E-04 0 -4.477033E-04
 2 95 -1.111318E-03 0 -1.111318E-03
 2 96 1.449918E-03 0 1.449918E-03
 2 97 -3.867172E-03 0 -3.867172E-03
 2 98 9.141008E-04 0 9.141008E-04
 2 99 5.007816E-04 0 5.007816E-04
 2 100 1.39315E-04 0 1.39315E-04
 3 25 -1.08033E-05 0 -1.08033E-05
 3 26 1.710684E-05 0 1.710684E-05
 3 27 -4.22165E-05 0 -4.22165E-05
 3 28 -6.996771E-05 0 -6.996771E-05
 3 29 -3.41376E-05 0 -3.41376E-05
 3 30 -1.744224E-02 -1.750395E-02 6.170905E-05
 3 31 6.625315E-05 0 6.625315E-05
 3 32 -3.854993E-04 0 -3.854993E-04
 3 33 4.763816E-05 0 4.763816E-05
 3 34 2.942828E-05 0 2.942828E-05
 3 35 -1.045286E-02 -1.047848E-02 2.562377E-05
 3 36 1.732389E-05 0 1.732389E-05
 3 37 -3.374786E-05 0 -3.374786E-05
 3 38 9.452259E-06 0 9.452259E-06
 3 39 -4.355066E-05 0 -4.355066E-05
 3 40 6.39758E-03 6.370851E-03 2.672822E-05
 3 41 -1.140638E-05 0 -1.140638E-05
 3 42 6.845437E-03 6.815885E-03 2.955233E-05
 3 43 1.635001E-05 0 1.635001E-05
 3 44 1.547918E-05 0 1.547918E-05
 3 45 1.033915E-02 1.029491E-02 4.423574E-05
 3 46 4.561077E-05 0 4.561077E-05
 3 47 -2.414014E-04 0 -2.414014E-04
 3 48 2.40042E-02 2.380957E-02 1.946318E-04
 3 49 4.91615E-05 0 4.91615E-05
 3 50 -3.613604E-05 0 -3.613604E-05
 3 51 -2.231569E-02 -2.241325E-02 9.756629E-05
 3 52 4.045231E-05 0 4.045231E-05
 3 53 -1.048605E-02 -1.051181E-02 2.575644E-05
 3 54 -8.28593E-05 0 -8.28593E-05
 3 55 6.39888E-05 0 6.39888E-05
 3 56 8.533677E-03 8.501054E-03 3.262371E-05
 3 57 -7.668599E-03 -7.684307E-03 1.570836E-05
 3 58 1.069578E-02 1.063655E-02 5.923076E-05
 3 59 2.566656E-05 0 2.566656E-05
 3 60 -1.553988E-04 0 -1.553988E-04
 3 61 2.057304E-04 0 2.057304E-04
 3 62 3.545516E-04 0 3.545516E-04
 3 63 6.081435E-02 5.943661E-02 1.377741E-03
 3 64 1.132766E-03 0 1.132766E-03
 3 65 8.520935E-04 0 8.520935E-04
 3 66 -7.477916E-02 -7.478248E-02 3.32263E-06
 3 67 -1.534457E-03 0 -1.534457E-03
 3 68 -1.505295E-03 0 -1.505295E-03
 3 69 -8.42666E-04 0 -8.42666E-04
 3 70 1.813941E-04 0 1.813941E-04
 3 71 5.970295E-04 0 5.970295E-04
 3 72 -7.639769E-02 -7.789683E-02 1.499137E-03
 3 73 3.969007E-03 0 3.969007E-03
 3 74 -2.069454E-03 0 -2.069454E-03
 3 75 6.94428E-02 6.710223E-02 2.340565E-03
 3 76 4.725258E-02 4.647122E-02 7.813508E-04
 3 77 1.82698E-04 0 1.82698E-04
 3 78 -2.793579E-02 -2.793615E-02 3.681716E-07
 3 79 4.460538E-05 0 4.460538E-05
 3 80 -1.350947E-04 0 -1.350947E-04
 3 81 2.638839E-05 0 2.638839E-05
 3 82 1.610184E-02 1.600839E-02 9.345448E-05
 3 83 -9.794742E-05 0 -9.794742E-05
 3 84 3.943119E-05 0 3.943119E-05
 3 85 -7.676408E-05 0 -7.676408E-05
 3 86 3.006356E-05 0 3.006356E-05
 3 87 -6.517403E-03 -6.529692E-03 1.228873E-05
 3 88 7.106545E-03 7.075287E-03 3.125791E-05
 3 89 2.594646E-05 0 2.594646E-05
 3 90 3.499645E-05 0 3.499645E-05
 3 91 -2.99348E-04 0 -2.99348E-04
 3 92 -1.744178E-02 -1.749409E-02 5.231063E-05
 3 93 -7.948935E-04 0 -7.948935E-04
 3 94 -6.550649E-04 0 -6.550649E-04
 3 95 -2.410516E-03 0 -2.410516E-03
 3 96 -0.108894 -0.108902 8.812255E-06
 3 97 -6.062508E-03 0 -6.062508E-03
 3 98 -6.797812E-02 -6.798074E-02 2.626316E-06
 3 99 1.44383E-03 0 1.44383E-03
 3 100 3.651918E-04 0 3.651918E-04
 4 25 -5.13265E-06 0 -5.13265E-06
 4 26 1.737044E-05 0 1.737044E-05
 4 27 -4.300166E-05 0 -4.300166E-05
 4 28 -8.325169E-05 0 -8.325169E-05
 4 29 -2.557155E-05 0 -2.557155E-05
 4 30 -2.415275E-02 -2.427586E-02 1.231046E-04
 4 31 1.109206E-04 0 1.109206E-04
 4 32 -7.215927E-04 0 -7.215927E-04
 4 33 8.667617E-05 0 8.667617E-05
 4 34 3.262992E-05 0 3.262992E-05
 4 35 -1.527314E-02 -1.532587E-02 5.272841E-05
 4 36 2.240654E-05 0 2.240654E-05
 4 37 -4.254226E-05 0 -4.254226E-05
 4 38 1.051639E-05 0 1.051639E-05
 4 39 -4.55078E-05 0 -4.55078E-05
 4 40 7.563851E-03 7.536759E-03 2.709212E-05
 4 41 -6.177331E-06 0 -6.177331E-06
 4 42 7.246365E-03 7.220979E-03 2.538631E-05
 4 43 1.13403E-05 0 1.13403E-05
 4 44 1.013536E-05 0 1.013536E-05
 4 45 1.047097E-02 1.043824E-02 3.2737E-05
 4 46 3.430541E-05 0 3.430541E-05
 4 47 -2.097135E-04 0 -2.097135E-04
 4 48 2.61523E-02 2.598532E-02 1.669832E-04
 4 49 3.962425E-05 0 3.962425E-05
 4 50 -2.167793E-05 0 -2.167793E-05
 4 51 -2.76577E-02 -2.781858E-02 1.608832E-04
 4 52 4.04616E-05 0 4.04616E-05
 4 53 -1.321497E-02 -1.325599E-02 4.102458E-05
 4 54 -1.073551E-04 0 -1.073551E-04
 4 55 9.171382E-05 0 9.171382E-05
 4 56 1.149164E-02 1.145352E-02 3.811905E-05
 4 57 -1.058443E-02 -1.061275E-02 2.831812E-05
 4 58 1.552772E-02 1.544004E-02 8.767771E-05
 4 59 2.695651E-05 0 2.695651E-05
 4 60 -2.605118E-04 0 -2.605118E-04
 4 61 3.405741E-04 0 3.405741E-04
 4 62 5.211956E-04 0 5.211956E-04
 4 63 8.202182E-02 7.995539E-02 2.066425E-03
 4 64 2.79116E-03 0 2.79116E-03
 4 65 1.885025E-03 0 1.885025E-03
 4 66 -0.105167 -0.105034 -1.322575E-04
 4 67 -2.017697E-03 0 -2.017697E-03
 4 68 -1.761606E-03 0 -1.761606E-03
 4 69 -8.098837E-04 0 -8.098837E-04
 4 70 1.113904E-04 0 1.113904E-04
 4 71 3.017898E-04 0 3.017898E-04
 4 72 -7.092677E-02 -7.227402E-02 1.347245E-03
 4 73 3.489086E-03 0 3.489086E-03
 4 74 -1.599511E-03 0 -1.599511E-03
 4 75 6.536966E-02 6.374125E-02 1.628407E-03
 4 76 4.795853E-02 4.736818E-02 5.903511E-04
 4 77 8.426027E-05 0 8.426027E-05
 4 78 -2.508842E-02 -2.508351E-02 -4.910307E-06
 4 79 2.947904E-05 0 2.947904E-05
 4 80 -9.391531E-05 0 -9.391531E-05
 4 81 1.583881E-05 0 1.583881E-05
 4 82 1.389184E-02 1.383938E-02 5.245246E-05
 4 83 -6.646235E-05 0 -6.646235E-05
 4 84 2.316261E-05 0 2.316261E-05
 4 85 -5.970348E-05 0 -5.970348E-05
 4 86 2.592574E-05 0 2.592574E-05
 4 87 -7.033807E-03 -7.048721E-03 1.491433E-05
 4 88 8.16273E-03 8.132279E-03 3.045052E-05
 4 89 2.224974E-05 0 2.224974E-05
 4 90 3.758583E-05 0 3.758583E-05
 4 91 -3.371177E-04 0 -3.371177E-04
 4 92 -2.338729E-02 -2.335224E-02 -3.504522E-05
 4 93 -1.37806E-03 0 -1.37806E-03
 4 94 -1.008805E-03 0 -1.008805E-03
 4 95 -7.501234E-03 0 -7.501234E-03
 4 96 -0.211476 -0.210554 -9.218167E-04
 4 97 -3.33656E-02 0 -3.33656E-02
 4 98 -0.125405 -0.125191 -2.135128E-04
 4 99 3.442048E-03 0 3.442048E-03
 4 100 6.476957E-04 0 6.476957E-04
 5 25 -2.632189E-05 0 -2.632189E-05
 5 26 4.613885E-05 0 4.613885E-05
 5 27 -1.303809E-04 0 -1.303809E-04
 5 28 -2.34189E-04 0 -2.34189E-04
 5 29 -1.41879E-04 0 -1.41879E-04
 5 30 -3.619801E-02 -3.645709E-02 2.590745E-04
 5 31 3.128329E-04 0 3.128329E-04
 5 32 -1.857009E-03 0 -1.857009E-03
 5 33 1.756981E-04 0 1.756981E-04
 5 34 9.827652E-05 0 9.827652E-05
 5 35 -2.095962E-02 -2.104625E-02 8.66281E-05
 5 36 5.811643E-05 0 5.811643E-05
 5 37 -1.109239E-04 0 -1.109239E-04
 5 38 2.852357E-05 0 2.852357E-05
 5 39 -1.383386E-04 0 -1.383386E-04
 5 40 1.23628E-02 1.228759E-02 7.520077E-05
 5 41 -3.233229E-05 0 -3.233229E-05
 5 42 1.215234E-02 1.207926E-02 7.30767E-05
 5 43 3.899028E-05 0 3.899028E-05
 5 44 3.397836E-05 0 3.397836E-05
 5 45 1.77285E-02 1.761757E-02 1.109284E-04
 5 46 1.282388E-04 0 1.282388E-04
 5 47 -9.181902E-04 0 -9.181902E-04
 5 48 4.520561E-02 4.449634E-02 7.092709E-04
 5 49 1.565823E-04 0 1.565823E-04
 5 50 -1.360019E-04 0 -1.360019E-04
 5 51 -4.637732E-02 -4.682429E-02 4.469776E-04
 5 52 1.443063E-04 0 1.443063E-04
 5 53 -2.101669E-02 -2.110376E-02 8.707308E-05
 5 54 -3.353127E-04 0 -3.353127E-04
 5 55 2.474304E-04 0 2.474304E-04
 5 56 1.703755E-02 1.693425E-02 1.03304E-04
 5 57 -1.560536E-02 -1.565593E-02 5.05708E-05
 5 58 2.236879E-02 2.21535E-02 2.152953E-04
 5 59 9.19083E-05 0 9.19083E-05
 5 60 -6.995627E-04 0 -6.995627E-04
 5 61 9.786218E-04 0 9.786218E-04
 5 62 2.048255E-03 0 2.048255E-03
 5 63 0.137341 0.127418 9.922156E-03
 5 64 9.693312E-03 0 9.693312E-03
 5 65 8.576409E-03 0 8.576409E-03
 5 66 -0.20163 -0.201679 4.857735E-05
 5 67 -1.398945E-02 0 -1.398945E-02
 5 68 -1.087243E-02 0 -1.087243E-02
 5 69 -3.45183E-03 0 -3.45183E-03
 5 70 4.903214E-04 0 4.903214E-04
 5 71 1.635278E-03 0 1.635278E-03
 5 72 -0.120969 -0.126369 5.399738E-03
 5 73 3.086033E-02 0 3.086033E-02
 5 74 -1.2156E-02 0 -1.2156E-02
 5 75 0.133809 0.122547 1.126207E-02
 5 76 8.935914E-02 8.592805E-02 3.43109E-03
 5 77 5.097653E-04 0 5.097653E-04
 5 78 -4.360705E-02 -4.360799E-02 9.372318E-07
 5 79 1.072605E-04 0 1.072605E-04
 5 80 -3.551971E-04 0 -3.551971E-04
 5 81 5.601936E-05 0 5.601936E-05
 5 82 2.32416E-02 2.305859E-02 1.8301E-04
 5 83 -2.28141E-04 0 -2.28141E-04
 5 84 8.432689E-05 0 8.432689E-05
 5 85 -1.955348E-04 0 -1.955348E-04
 5 86 7.092141E-05 0 7.092141E-05
 5 87 -1.136848E-02 -1.139789E-02 2.941224E-05
 5 88 1.308602E-02 1.300328E-02 8.274163E-05
 5 89 7.545161E-05 0 7.545161E-05
 5 90 1.200401E-04 0 1.200401E-04
 5 91 -1.36589E-03 0 -1.36589E-03
 5 92 -3.717031E-02 -3.747018E-02 2.99863E-04
 5 93 -5.983662E-03 0 -5.983662E-03
 5 94 -7.80714E-03 0 -7.80714E-03
 5 95 -2.610903E-02 0 -2.610903E-02
 5 96 -0.270783 -0.270877 9.408813E-05
 5 97 -3.351711E-02 0 -3.351711E-02
 5 98 -0.107104 -0.107112 8.427963E-06
 5 99 2.543764E-03 0 2.543764E-03
 5 100 5.40597E-04 0 5.40597E-04
 6 25 -2.687118E-05 0 -2.687118E-05
 6 26 4.587793E-05 0 4.587793E-05
 6 27 -1.329121E-04 0 -1.329121E-04
 6 28 -2.305225E-04 0 -2.305225E-04
 6 29 -1.23796E-04 0 -1.23796E-04
 6 30 -3.491292E-02 -3.515283E-02 2.399116E-04
 6 31 2.38165E-04 0 2.38165E-04
 6 32 -1.516653E-03 0 -1.516653E-03
 6 33 1.375231E-04 0 1.375231E-04
 6 34 8.880745E-05 0 8.880745E-05
 6 35 -1.92205E-02 -1.92942E-02 7.369996E-05
 6 36 5.303021E-05 0 5.303021E-05
 6 37 -9.336602E-05 0 -9.336602E-05
 6 38 2.509889E-05 0 2.509889E-05
 6 39 -1.152745E-04 0 -1.152745E-04
 6 40 1.136445E-02 1.129905E-02 6.540306E-05
 6 41 -2.808367E-05 0 -2.808367E-05
 6 42 1.15779E-02 1.151046E-02 6.743882E-05
 6 43 4.019618E-05 0 4.019618E-05
 6 44 3.309776E-05 0 3.309776E-05
 6 45 1.622882E-02 1.613406E-02 9.475928E-05
 6 46 1.048788E-04 0 1.048788E-04
 6 47 -6.735917E-04 0 -6.735917E-04
 6 48 3.49872E-02 3.457536E-02 4.118348E-04
 6 49 1.022286E-04 0 1.022286E-04
 6 50 -9.254312E-05 0 -9.254312E-05
 6 51 -3.482715E-02 -3.506582E-02 2.386661E-04
 6 52 7.823346E-05 0 7.823346E-05
 6 53 -1.619405E-02 -1.624805E-02 5.400576E-05
 6 54 -1.94753E-04 0 -1.94753E-04
 6 55 1.231873E-04 0 1.231873E-04
 6 56 1.220399E-02 1.214591E-02 5.808355E-05
 6 57 -1.173213E-02 -1.176312E-02 3.099176E-05
 6 58 1.64175E-02 1.629504E-02 1.224618E-04
 6 59 4.537892E-05 0 4.537892E-05
 6 60 -2.886856E-04 0 -2.886856E-04
 6 61 3.353045E-04 0 3.353045E-04
 6 62 7.06726E-04 0 7.06726E-04
 6 63 7.476603E-02 7.253224E-02 2.233786E-03
 6 64 2.024169E-03 0 2.024169E-03
 6 65 2.590131E-03 0 2.590131E-03
 6 66 -0.142793 -0.142812 1.858108E-05
 6 67 -1.088098E-02 0 -1.088098E-02
 6 68 -1.705921E-02 0 -1.705921E-02
 6 69 -6.903593E-03 0 -6.903593E-03
 6 70 1.290104E-03 0 1.290104E-03
 6 71 6.92277E-03 0 6.92277E-03
 6 72 -0.180842 -0.200629 1.978699E-02
 6 73 5.551291E-02 0 5.551291E-02
 6 74 -1.342471E-02 0 -1.342471E-02
 6 75 0.120492 0.111754 8.738797E-03
 6 76 6.984141E-02 6.794018E-02 1.901228E-03
 6 77 3.647126E-04 0 3.647126E-04
 6 78 -4.27688E-02 -4.27697E-02 8.980433E-07
 6 79 1.095674E-04 0 1.095674E-04
 6 80 -4.020017E-04 0 -4.020017E-04
 6 81 6.915364E-05 0 6.915364E-05
 6 82 2.761283E-02 2.73574E-02 2.554368E-04
 6 83 -3.524457E-04 0 -3.524457E-04
 6 84 1.254948E-04 0 1.254948E-04
 6 85 -2.784588E-04 0 -2.784588E-04
 6 86 9.957973E-05 0 9.957973E-05
 6 87 -1.289634E-02 -1.293268E-02 3.634045E-05
 6 88 1.427882E-02 1.418281E-02 9.600888E-05
 6 89 9.644279E-05 0 9.644279E-05
 6 90 1.472529E-04 0 1.472529E-04
 6 91 -1.568909E-03 0 -1.568909E-03
 6 92 -3.899054E-02 -3.932919E-02 3.386493E-04
 6 93 -4.22081E-03 0 -4.22081E-03
 6 94 -3.814991E-03 0 -3.814991E-03
 6 95 -7.328495E-03 0 -7.328495E-03
 6 96 -0.139115 -0.139132 1.727357E-05
 6 97 -6.824001E-03 0 -6.824001E-03
 6 98 -5.950744E-02 -5.950935E-02 1.907303E-06
 6 99 5.905027E-04 0 5.905027E-04
 6 100 1.77511E-04 0 1.77511E-04
 7 25 -1.681479E-05 0 -1.681479E-05
 7 26 3.035003E-05 0 3.035003E-05
 7 27 -8.790134E-05 0 -8.790134E-05
 7 28 -1.728009E-04 0 -1.728009E-04
 7 29 -9.330159E-05 0 -9.330159E-05
 7 30 -3.367795E-02 -3.390033E-02 2.223751E-04
 7 31 2.558426E-04 0 2.558426E-04
 7 32 -2.166229E-03 0 -2.166229E-03
 7 33 2.050953E-04 0 2.050953E-04
 7 34 1.165716E-04 0 1.165716E-04
 7 35 -2.025354E-02 -2.033478E-02 8.123278E-05
 7 36 5.046E-05 0 5.046E-05
 7 37 -7.95504E-05 0 -7.95504E-05
 7 38 1.947482E-05 0 1.947482E-05
 7 39 -7.915708E-05 0 -7.915708E-05
 7 40 8.673313E-03 8.630894E-03 4.241834E-05
 7 41 -1.616276E-05 0 -1.616276E-05
 7 42 7.986937E-03 7.949604E-03 3.733235E-05
 7 43 2.069004E-05 0 2.069004E-05
 7 44 1.632426E-05 0 1.632426E-05
 7 45 1.053774E-02 1.049212E-02 4.561952E-05
 7 46 4.352115E-05 0 4.352115E-05
 7 47 -2.624023E-04 0 -2.624023E-04
 7 48 2.253865E-02 2.236599E-02 1.726644E-04
 7 49 5.034955E-05 0 5.034955E-05
 7 50 -4.730614E-05 0 -4.730614E-05
 7 51 -2.508147E-02 -2.520378E-02 1.223168E-04
 7 52 4.422252E-05 0 4.422252E-05
 7 53 -1.233086E-02 -1.236454E-02 3.368644E-05
 7 54 -1.284021E-04 0 -1.284021E-04
 7 55 8.40239E-05 0 8.40239E-05
 7 56 9.963301E-03 9.921626E-03 4.167522E-05
 7 57 -1.002725E-02 -1.00512E-02 2.395335E-05
 7 58 1.477511E-02 1.467327E-02 1.018389E-04
 7 59 3.693495E-05 0 3.693495E-05
 7 60 -2.237075E-04 0 -2.237075E-04
 7 61 2.212663E-04 0 2.212663E-04
 7 62 3.644536E-04 0 3.644536E-04
 7 63 5.373977E-02 5.269986E-02 1.03991E-03
 7 64 1.313659E-03 0 1.313659E-03
 7 65 1.603452E-03 0 1.603452E-03
 7 66 -0.105271 -0.105279 8.046714E-06
 7 67 -4.748766E-03 0 -4.748766E-03
 7 68 -7.307089E-03 0 -7.307089E-03
 7 69 -3.302875E-03 0 -3.302875E-03
 7 70 6.532398E-04 0 6.532398E-04
 7 71 3.311663E-03 0 3.311663E-03
 7 72 -0.117106 -0.122006 4.900307E-03
 7 73 1.062223E-02 0 1.062223E-02
 7 74 -3.241256E-03 0 -3.241256E-03
 7 75 6.310729E-02 6.123055E-02 1.876739E-03
 7 76 4.085175E-02 4.028151E-02 5.70236E-04
 7 77 1.161103E-04 0 1.161103E-04
 7 78 -2.49466E-02 -2.494689E-02 2.945554E-07
 7 79 4.347497E-05 0 4.347497E-05
 7 80 -1.718713E-04 0 -1.718713E-04
 7 81 3.183615E-05 0 3.183615E-05
 7 82 1.713961E-02 1.70352E-02 1.044113E-04
 7 83 -1.409113E-04 0 -1.409113E-04
 7 84 6.121878E-05 0 6.121878E-05
 7 85 -1.447475E-04 0 -1.447475E-04
 7 86 6.126125E-05 0 6.126125E-05
 7 87 -9.996256E-03 -1.002009E-02 2.383394E-05
 7 88 1.161107E-02 1.154332E-02 6.775809E-05
 7 89 6.573905E-05 0 6.573905E-05
 7 90 1.098008E-04 0 1.098008E-04
 7 91 -1.022937E-03 0 -1.022937E-03
 7 92 -3.569963E-02 -3.597053E-02 2.709003E-04
 7 93 -3.512673E-03 0 -3.512673E-03
 7 94 -3.794316E-03 0 -3.794316E-03
 7 95 -7.656494E-03 0 -7.656494E-03
 7 96 -0.140738 -0.140756 1.784261E-05
 7 97 -1.174505E-02 0 -1.174505E-02
 7 98 -6.801498E-02 -6.801761E-02 2.629793E-06
 7 99 7.994878E-04 0 7.994878E-04
 7 100 2.63124E-04 0 2.63124E-04
 8 25 -1.994479E-04 0 -1.994479E-04
 8 26 -1.238072E-04 0 -1.238072E-04
 8 27 -8.952366E-04 0 -8.952366E-04
 8 28 -1.616377E-03 0 -1.616377E-03
 8 29 -2.931812E-03 0 -2.931812E-03
 8 30 -1.711486E-03 0 -1.711486E-03
 8 31 -4.245392E-03 0 -4.245392E-03
 8 32 -4.202605E-02 0 -4.202605E-02
 8 33 -3.147371E-03 0 -3.147371E-03
 8 34 -6.809822E-04 0 -6.809822E-04
 8 35 -5.7261E-04 0 -5.7261E-04
 8 36 -5.45522E-04 0 -5.45522E-04
 8 37 -9.974352E-04 0 -9.974352E-04
 8 38 -1.788886E-04 0 -1.788886E-04
 8 39 -7.132492E-04 0 -7.132492E-04
 8 40 -8.553022E-05 0 -8.553022E-05
 8 41 -3.386916E-04 0 -3.386916E-04
 8 42 -6.424848E-05 0 -6.424848E-05
 8 43 -7.164545E-05 0 -7.164545E-05
 8 44 -5.390865E-05 0 -5.390865E-05
 8 45 -7.163606E-05 0 -7.163606E-05
 8 46 -3.001161E-04 0 -3.001161E-04
 8 47 -2.583566E-03 0 -2.583566E-03
 8 48 -3.366138E-04 0 -3.366138E-04
 8 49 -2.062969E-04 0 -2.062969E-04
 8 50 -1.182824E-03 0 -1.182824E-03
 8 51 -7.903407E-04 0 -7.903407E-04
 8 52 -2.313254E-04 0 -2.313254E-04
 8 53 -1.938002E-04 0 -1.938002E-04
 8 54 -1.777663E-03 0 -1.777663E-03
 8 55 -5.09787E-04 0 -5.09787E-04
 8 56 -9.710172E-05 0 -9.710172E-05
 8 57 -1.479929E-04 0 -1.479929E-04
 8 58 -3.018037E-04 0 -3.018037E-04
 8 59 -2.05975E-04 0 -2.05975E-04
 8 60 -3.775903E-03 0 -3.775903E-03
 8 61 -1.422117E-03 0 -1.422117E-03
 8 62 -2.286115E-03 0 -2.286115E-03
 8 63 -3.193202E-03 0 -3.193202E-03
 8 64 -1.313506E-02 0 -1.313506E-02
 8 65 -1.878708E-02 0 -1.878708E-02
 8 66 -7.555604E-02 0 -7.555604E-02
 8 67 -7.455501E-02 0 -7.455501E-02
 8 68 -0.10271 0 -0.10271
 8 69 -2.389103E-02 0 -2.389103E-02
 8 70 -2.882289E-03 0 -2.882289E-03
 8 71 -5.951597E-03 0 -5.951597E-03
 8 72 -1.24726E-02 0 -1.24726E-02
 8 73 -4.146716E-02 0 -4.146716E-02
 8 74 -2.519065E-02 0 -2.519065E-02
 8 75 -3.196085E-03 0 -3.196085E-03
 8 76 -1.043175E-03 0 -1.043175E-03
 8 77 -3.423419E-04 0 -3.423419E-04
 8 78 -7.255717E-04 0 -7.255717E-04
 8 79 -2.581523E-04 0 -2.581523E-04
 8 80 -1.054578E-03 0 -1.054578E-03
 8 81 -9.444423E-05 0 -9.444423E-05
 8 82 -1.188431E-04 0 -1.188431E-04
 8 83 -1.216719E-03 0 -1.216719E-03
 8 84 -1.602711E-04 0 -1.602711E-04
 8 85 -1.069985E-03 0 -1.069985E-03
 8 86 -1.987965E-04 0 -1.987965E-04
 8 87 -9.321337E-05 0 -9.321337E-05
 8 88 -1.24074E-04 0 -1.24074E-04
 8 89 -2.67644E-04 0 -2.67644E-04
 8 90 -9.912157E-04 0 -9.912157E-04
 8 91 -1.101189E-02 0 -1.101189E-02
 8 92 -1.973315E-02 0 -1.973315E-02
 8 93 -7.693334E-02 0 -7.693334E-02
 8 94 -0.356158 0 -0.356158
 8 95 -0.265328 0 -0.265328
 8 96 -0.167721 0 -0.167721
 8 97 -0.263095 0 -0.263095
 8 98 -1.571837E-02 0 -1.571837E-02
 8 99 -3.457487E-03 0 -3.457487E-03
 8 100 -1.036221E-03 0 -1.036221E-03
 9 25 -3.748983E-04 0 -3.748983E-04
 9 26 -2.079858E-04 0 -2.079858E-04
 9 27 -1.934361E-03 0 -1.934361E-03
 9 28 -3.449652E-03 0 -3.449652E-03
 9 29 -6.313706E-03 0 -6.313706E-03
 9 30 -2.652725E-03 0 -2.652725E-03
 9 31 -6.09692E-03 0 -6.09692E-03
 9 32 -5.53094E-02 0 -5.53094E-02
 9 33 -2.863081E-03 0 -2.863081E-03
 9 34 -7.647861E-04 0 -7.647861E-04
 9 35 -5.874632E-04 0 -5.874632E-04
 9 36 -8.608961E-04 0 -8.608961E-04
 9 37 -1.591661E-03 0 -1.591661E-03
 9 38 -2.842799E-04 0 -2.842799E-04
 9 39 -1.29629E-03 0 -1.29629E-03
 9 40 -1.24613E-04 0 -1.24613E-04
 9 41 -6.159578E-04 0 -6.159578E-04
 9 42 -9.688381E-05 0 -9.688381E-05
 9 43 -1.192241E-04 0 -1.192241E-04
 9 44 -8.193072E-05 0 -8.193072E-05
 9 45 -1.115418E-04 0 -1.115418E-04
 9 46 -5.333934E-04 0 -5.333934E-04
 9 47 -5.354822E-03 0 -5.354822E-03
 9 48 -4.774815E-04 0 -4.774815E-04
 9 49 -2.379228E-04 0 -2.379228E-04
 9 50 -2.110584E-03 0 -2.110584E-03
 9 51 -9.232496E-04 0 -9.232496E-04
 9 52 -2.56711E-04 0 -2.56711E-04
 9 53 -2.01962E-04 0 -2.01962E-04
 9 54 -2.470927E-03 0 -2.470927E-03
 9 55 -5.054396E-04 0 -5.054396E-04
 9 56 -9.630231E-05 0 -9.630231E-05
 9 57 -1.30312E-04 0 -1.30312E-04
 9 58 -2.787798E-04 0 -2.787798E-04
 9 59 -1.73132E-04 0 -1.73132E-04
 9 60 -3.370818E-03 0 -3.370818E-03
 9 61 -1.049312E-03 0 -1.049312E-03
 9 62 -2.189408E-03 0 -2.189408E-03
 9 63 -2.43833E-03 0 -2.43833E-03
 9 64 -7.444335E-03 0 -7.444335E-03
 9 65 -1.775008E-02 0 -1.775008E-02
 9 66 -0.115752 0 -0.115752
 9 67 -0.309106 0 -0.309106
 9 68 -0.239458 0 -0.239458
 9 69 -0.151726 0 -0.151726
 9 70 -1.437332E-02 0 -1.437332E-02
 9 71 -3.819495E-02 0 -3.819495E-02
 9 72 -5.921247E-02 0 -5.921247E-02
 9 73 -9.648278E-02 0 -9.648278E-02
 9 74 -0.108915 0 -0.108915
 9 75 -6.811188E-03 0 -6.811188E-03
 9 76 -1.678821E-03 0 -1.678821E-03
 9 77 -5.311763E-04 0 -5.311763E-04
 9 78 -1.297306E-03 0 -1.297306E-03
 9 79 -5.067131E-04 0 -5.067131E-04
 9 80 -2.612787E-03 0 -2.612787E-03
 9 81 -1.736952E-04 0 -1.736952E-04
 9 82 -2.435245E-04 0 -2.435245E-04
 9 83 -3.377024E-03 0 -3.377024E-03
 9 84 -2.982087E-04 0 -2.982087E-04
 9 85 -2.959727E-03 0 -2.959727E-03
 9 86 -4.334674E-04 0 -4.334674E-04
 9 87 -1.517926E-04 0 -1.517926E-04
 9 88 -2.248648E-04 0 -2.248648E-04
 9 89 -5.892313E-04 0 -5.892313E-04
 9 90 -2.632681E-03 0 -2.632681E-03
 9 91 -4.1237E-02 0 -4.1237E-02
 9 92 -7.218357E-02 0 -7.218357E-02
 9 93 -0.186156 0 -0.186156
 9 94 -0.359609 0 -0.359609
 9 95 -0.150315 0 -0.150315
 9 96 -5.520094E-02 0 -5.520094E-02
 9 97 -4.647588E-02 0 -4.647588E-02
 9 98 -3.267013E-03 0 -3.267013E-03
 9 99 -7.318018E-04 0 -7.318018E-04
 9 100 -2.602241E-04 0 -2.602241E-04
 10 25 -6.487396E-05 0 -6.487396E-05
 10 26 5.205073E-05 0 5.205073E-05
 10 27 -4.331662E-04 0 -4.331662E-04
 10 28 -9.133074E-04 0 -9.133074E-04
 10 29 -7.617528E-04 0 -7.617528E-04
 10 30 6.408222E-02 6.012411E-02 3.95811E-03
 10 31 7.441432E-04 0 7.441432E-04
 10 32 -1.405756E-02 0 -1.405756E-02
 10 33 5.148619E-04 0 5.148619E-04
 10 34 2.729553E-04 0 2.729553E-04
 10 35 3.450282E-02 3.342729E-02 1.075534E-03
 10 36 1.43032E-04 0 1.43032E-04
 10 37 -3.558065E-04 0 -3.558065E-04
 10 38 4.324076E-05 0 4.324076E-05
 10 39 -3.009717E-04 0 -3.009717E-04
 10 40 -1.275126E-02 -1.275134E-02 8.717266E-08
 10 41 -8.10252E-05 0 -8.10252E-05
 10 42 -1.096317E-02 -1.096324E-02 6.777918E-08
 10 43 4.32726E-05 0 4.32726E-05
 10 44 2.903892E-05 0 2.903892E-05
 10 45 -1.29451E-02 -1.294362E-02 -1.474612E-06
 10 46 5.800192E-05 0 5.800192E-05
 10 47 -7.051691E-04 0 -7.051691E-04
 10 48 -2.368435E-02 -2.367995E-02 -4.392012E-06
 10 49 7.4992E-05 0 7.4992E-05
 10 50 -2.037725E-04 0 -2.037725E-04
 10 51 2.960808E-02 2.881393E-02 7.941476E-04
 10 52 6.161631E-05 0 6.161631E-05
 10 53 1.51774E-02 1.494519E-02 2.322123E-04
 10 54 -3.617647E-04 0 -3.617647E-04
 10 55 7.762218E-05 0 7.762218E-05
 10 56 -1.120494E-02 -1.120378E-02 -1.158458E-06
 10 57 1.254474E-02 1.237664E-02 1.681037E-04
 10 58 -1.784915E-02 -1.78493E-02 1.57059E-07
 10 59 3.288574E-05 0 3.288574E-05
 10 60 -4.484964E-04 0 -4.484964E-04
 10 61 1.512015E-04 0 1.512015E-04
 10 62 2.662089E-04 0 2.662089E-04
 10 63 -4.298117E-02 -4.296621E-02 -1.496518E-05
 10 64 6.613118E-04 0 6.613118E-04
 10 65 1.325277E-03 0 1.325277E-03
 10 66 0.128146 0.117861 1.028504E-02
 10 67 -2.460039E-02 0 -2.460039E-02
 10 68 -7.801776E-02 0 -7.801776E-02
 10 69 -4.000652E-02 0 -4.000652E-02
 10 70 3.643337E-03 0 3.643337E-03
 10 71 2.692001E-02 0 2.692001E-02
 10 72 0.300716 0.203896 9.681978E-02
 10 73 1.964411E-02 0 1.964411E-02
 10 74 -1.140955E-02 0 -1.140955E-02
 10 75 -6.304096E-02 -6.304315E-02 2.188371E-06
 10 76 -3.971734E-02 -3.970474E-02 -1.26002E-05
 10 77 8.782343E-05 0 8.782343E-05
 10 78 2.813974E-02 2.779276E-02 3.469793E-04
 10 79 6.316153E-05 0 6.316153E-05
 10 80 -5.965716E-04 0 -5.965716E-04
 10 81 6.819974E-05 0 6.819974E-05
 10 82 -2.29927E-02 -2.298855E-02 -4.149232E-06
 10 83 -7.470342E-04 0 -7.470342E-04
 10 84 1.697312E-04 0 1.697312E-04
 10 85 -7.744926E-04 0 -7.744926E-04
 10 86 1.400247E-04 0 1.400247E-04
 10 87 1.794836E-02 1.763672E-02 3.116435E-04
 10 88 -2.071314E-02 -2.071335E-02 2.065608E-07
 10 89 2.715853E-04 0 2.715853E-04
 10 90 4.548947E-04 0 4.548947E-04
 10 91 -8.425043E-03 0 -8.425043E-03
 10 92 7.300994E-02 7.091663E-02 2.093309E-03
 10 93 -2.115588E-02 0 -2.115588E-02
 10 94 -2.201335E-02 0 -2.201335E-02
 10 95 -1.320199E-02 0 -1.320199E-02
 10 96 0.107411 0.100659 6.751748E-03
 10 97 -6.871056E-03 0 -6.871056E-03
 10 98 4.296934E-02 4.214193E-02 8.274062E-04
 10 99 1.522039E-04 0 1.522039E-04
 10 100 6.528797E-05 0 6.528797E-05
 11 25 -9.785676E-06 0 -9.785676E-06
 11 26 7.00967E-05 0 7.00967E-05
 11 27 -1.481964E-04 0 -1.481964E-04
 11 28 -4.222307E-04 0 -4.222307E-04
 11 29 -1.653479E-04 0 -1.653479E-04
 11 30 6.671059E-02 6.17836E-02 4.926993E-03
 11 31 2.660764E-03 0 2.660764E-03
 11 32 -1.876468E-02 0 -1.876468E-02
 11 33 2.968075E-03 0 2.968075E-03
 11 34 8.922323E-04 0 8.922323E-04
 11 35 4.128551E-02 3.949985E-02 1.785664E-03
 11 36 3.733081E-04 0 3.733081E-04
 11 37 -1.806019E-04 0 -1.806019E-04
 11 38 9.115961E-05 0 9.115961E-05
 11 39 -1.407511E-04 0 -1.407511E-04
 11 40 -1.080876E-02 -1.083582E-02 2.706453E-05
 11 41 -1.398161E-05 0 -1.398161E-05
 11 42 -8.37505E-03 -8.393051E-03 1.800084E-05
 11 43 4.255558E-05 0 4.255558E-05
 11 44 2.900754E-05 0 2.900754E-05
 11 45 -9.652761E-03 -9.677158E-03 2.439624E-05
 11 46 7.81381E-05 0 7.81381E-05
 11 47 -1.987146E-04 0 -1.987146E-04
 11 48 -1.899265E-02 -1.907074E-02 7.808954E-05
 11 49 8.128725E-05 0 8.128725E-05
 11 50 -3.617605E-05 0 -3.617605E-05
 11 51 2.63327E-02 2.560018E-02 7.325216E-04
 11 52 8.923625E-05 0 8.923625E-05
 11 53 1.412012E-02 1.388185E-02 2.382699E-04
 11 54 -1.710956E-04 0 -1.710956E-04
 11 55 1.538742E-04 0 1.538742E-04
 11 56 -1.145665E-02 -1.148891E-02 3.226001E-05
 11 57 1.32118E-02 1.299885E-02 2.129591E-04
 11 58 -1.982167E-02 -1.98997E-02 7.803193E-05
 11 59 7.495159E-05 0 7.495159E-05
 11 60 -2.815485E-04 0 -2.815485E-04
 11 61 3.542593E-04 0 3.542593E-04
 11 62 5.05447E-04 0 5.05447E-04
 11 63 -4.125931E-02 -4.163248E-02 3.731699E-04
 11 64 1.556541E-03 0 1.556541E-03
 11 65 2.820393E-03 0 2.820393E-03
 11 66 0.122544 0.106013 1.65307E-02
 11 67 -7.508589E-03 0 -7.508589E-03
 11 68 -1.217236E-02 0 -1.217236E-02
 11 69 -6.261745E-03 0 -6.261745E-03
 11 70 1.588633E-03 0 1.588633E-03
 11 71 5.886137E-03 0 5.886137E-03
 11 72 0.120841 0.102964 1.787725E-02
 11 73 8.403964E-03 0 8.403964E-03
 11 74 -2.24913E-03 0 -2.24913E-03
 11 75 -4.272644E-02 -4.309824E-02 3.717997E-04
 11 76 -2.974007E-02 -2.99264E-02 1.863297E-04
 11 77 8.532404E-05 0 8.532404E-05
 11 78 1.915889E-02 1.880855E-02 3.503468E-04
 11 79 7.464009E-05 0 7.464009E-05
 11 80 -1.642524E-04 0 -1.642524E-04
 11 81 5.646326E-05 0 5.646326E-05
 11 82 -1.442166E-02 -1.446935E-02 4.769279E-05
 11 83 -9.670802E-05 0 -9.670802E-05
 11 84 1.12937E-04 0 1.12937E-04
 11 85 -1.733761E-04 0 -1.733761E-04
 11 86 1.364661E-04 0 1.364661E-04
 11 87 1.342616E-02 1.320736E-02 2.187996E-04
 11 88 -1.654524E-02 -1.660136E-02 5.611499E-05
 11 89 2.699379E-04 0 2.699379E-04
 11 90 6.916414E-04 0 6.916414E-04
 11 91 -2.80636E-03 0 -2.80636E-03
 11 92 7.411681E-02 6.273662E-02 1.138019E-02
 11 93 -1.333554E-02 0 -1.333554E-02
 11 94 -8.784757E-03 0 -8.784757E-03
 11 95 -1.477158E-02 0 -1.477158E-02
 11 96 0.153554 0.126763 2.679083E-02
 11 97 -1.048712E-02 0 -1.048712E-02
 11 98 6.20335E-02 5.834627E-02 3.687226E-03
 11 99 5.067046E-04 0 5.067046E-04
 11 100 2.318717E-04 0 2.318717E-04
 12 25 -7.832713E-05 0 -7.832713E-05
 12 26 3.06669E-05 0 3.06669E-05
 12 27 -6.224004E-04 0 -6.224004E-04
 12 28 -1.615234E-03 0 -1.615234E-03
 12 29 -2.648444E-03 0 -2.648444E-03
 12 30 6.187523E-03 0 6.187523E-03
 12 31 -4.185764E-04 0 -4.185764E-04
 12 32 -0.18962 0 -0.18962
 12 33 -3.460347E-04 0 -3.460347E-04
 12 34 -6.411398E-05 0 -6.411398E-05
 12 35 1.579885E-03 0 1.579885E-03
 12 36 -3.515596E-05 0 -3.515596E-05
 12 37 -8.816866E-04 0 -8.816866E-04
 12 38 -6.184266E-06 0 -6.184266E-06
 12 39 -4.331505E-04 0 -4.331505E-04
 12 40 4.778675E-05 0 4.778675E-05
 12 41 -1.15229E-04 0 -1.15229E-04
 12 42 2.649085E-05 0 2.649085E-05
 12 43 7.605313E-06 0 7.605313E-06
 12 44 4.699365E-06 0 4.699365E-06
 12 45 1.933431E-05 0 1.933431E-05
 12 46 -3.295477E-06 0 -3.295477E-06
 12 47 -5.887158E-04 0 -5.887158E-04
 12 48 6.340667E-05 0 6.340667E-05
 12 49 2.944444E-05 0 2.944444E-05
 12 50 -3.1264E-04 0 -3.1264E-04
 12 51 3.650705E-04 0 3.650705E-04
 12 52 1.736019E-05 0 1.736019E-05
 12 53 1.149543E-04 0 1.149543E-04
 12 54 -6.628571E-04 0 -6.628571E-04
 12 55 6.319278E-05 0 6.319278E-05
 12 56 3.016822E-05 0 3.016822E-05
 12 57 1.078296E-04 0 1.078296E-04
 12 58 1.526767E-04 0 1.526767E-04
 12 59 -2.519032E-06 0 -2.519032E-06
 12 60 -9.578428E-04 0 -9.578428E-04
 12 61 5.806587E-05 0 5.806587E-05
 12 62 8.612152E-05 0 8.612152E-05
 12 63 2.695328E-04 0 2.695328E-04
 12 64 5.175673E-04 0 5.175673E-04
 12 65 1.43807E-03 0 1.43807E-03
 12 66 6.487806E-03 0 6.487806E-03
 12 67 -3.625864E-02 0 -3.625864E-02
 12 68 -7.743686E-02 0 -7.743686E-02
 12 69 -2.218168E-02 0 -2.218168E-02
 12 70 -6.598341E-04 0 -6.598341E-04
 12 71 -1.336474E-04 0 -1.336474E-04
 12 72 5.722178E-03 0 5.722178E-03
 12 73 2.829587E-03 0 2.829587E-03
 12 74 -5.224429E-03 0 -5.224429E-03
 12 75 4.37308E-04 0 4.37308E-04
 12 76 1.355034E-04 0 1.355034E-04
 12 77 -1.900382E-06 0 -1.900382E-06
 12 78 6.849661E-05 0 6.849661E-05
 12 79 -2.945135E-06 0 -2.945135E-06
 12 80 -3.508937E-04 0 -3.508937E-04
 12 81 9.029086E-06 0 9.029086E-06
 12 82 3.222041E-05 0 3.222041E-05
 12 83 -2.645223E-04 0 -2.645223E-04
 12 84 3.72744E-05 0 3.72744E-05
 12 85 -5.466708E-04 0 -5.466708E-04
 12 86 5.388563E-05 0 5.388563E-05
 12 87 1.052642E-04 0 1.052642E-04
 12 88 1.095652E-04 0 1.095652E-04
 12 89 7.48313E-05 0 7.48313E-05
 12 90 -6.520457E-05 0 -6.520457E-05
 12 91 -1.576683E-02 0 -1.576683E-02
 12 92 -7.346564E-03 0 -7.346564E-03
 12 93 -0.123079 0 -0.123079
 12 94 -0.167268 0 -0.167268
 12 95 -4.855081E-02 0 -4.855081E-02
 12 96 4.674308E-03 0 4.674308E-03
 12 97 -1.109104E-02 0 -1.109104E-02
 12 98 4.353012E-04 0 4.353012E-04
 12 99 -5.587694E-06 0 -5.587694E-06
 12 100 -2.683545E-06 0 -2.683545E-06
 13 25 -3.926841E-04 0 -3.926841E-04
 13 26 -2.444355E-04 0 -2.444355E-04
 13 27 -2.521563E-03 0 -2.521563E-03
 13 28 -5.650879E-03 0 -5.650879E-03
 13 29 -8.496198E-03 0 -8.496198E-03
 13 30 -6.092946E-03 0 -6.092946E-03
 13 31 -1.020347E-02 0 -1.020347E-02
 13 32 -0.137172 0 -0.137172
 13 33 -6.734749E-03 0 -6.734749E-03
 13 34 -2.529285E-03 0 -2.529285E-03
 13 35 -1.323898E-03 0 -1.323898E-03
 13 36 -1.871992E-03 0 -1.871992E-03
 13 37 -2.351665E-03 0 -2.351665E-03
 13 38 -3.788713E-04 0 -3.788713E-04
 13 39 -1.290281E-03 0 -1.290281E-03
 13 40 -1.15852E-04 0 -1.15852E-04
 13 41 -4.665155E-04 0 -4.665155E-04
 13 42 -7.129911E-05 0 -7.129911E-05
 13 43 -8.753253E-05 0 -8.753253E-05
 13 44 -5.084096E-05 0 -5.084096E-05
 13 45 -5.976817E-05 0 -5.976817E-05
 13 46 -2.207726E-04 0 -2.207726E-04
 13 47 -1.816801E-03 0 -1.816801E-03
 13 48 -1.469679E-04 0 -1.469679E-04
 13 49 -1.01772E-04 0 -1.01772E-04
 13 50 -9.995943E-04 0 -9.995943E-04
 13 51 -3.289352E-04 0 -3.289352E-04
 13 52 -1.071299E-04 0 -1.071299E-04
 13 53 -1.124002E-04 0 -1.124002E-04
 13 54 -1.355733E-03 0 -1.355733E-03
 13 55 -2.343499E-04 0 -2.343499E-04
 13 56 -5.489397E-05 0 -5.489397E-05
 13 57 -9.231665E-05 0 -9.231665E-05
 13 58 -1.926678E-04 0 -1.926678E-04
 13 59 -9.367213E-05 0 -9.367213E-05
 13 60 -1.35551E-03 0 -1.35551E-03
 13 61 -3.008061E-04 0 -3.008061E-04
 13 62 -4.986114E-04 0 -4.986114E-04
 13 63 -3.616405E-04 0 -3.616405E-04
 13 64 -1.165363E-03 0 -1.165363E-03
 13 65 -3.089295E-03 0 -3.089295E-03
 13 66 -1.316367E-02 0 -1.316367E-02
 13 67 -7.627109E-02 0 -7.627109E-02
 13 68 -0.320179 0 -0.320179
 13 69 -0.203501 0 -0.203501
 13 70 -2.904719E-02 0 -2.904719E-02
 13 71 -6.00854E-02 0 -6.00854E-02
 13 72 -2.01419E-02 0 -2.01419E-02
 13 73 -2.405431E-02 0 -2.405431E-02
 13 74 -1.926147E-02 0 -1.926147E-02
 13 75 -1.005364E-03 0 -1.005364E-03
 13 76 -3.223075E-04 0 -3.223075E-04
 13 77 -1.356935E-04 0 -1.356935E-04
 13 78 -4.250095E-04 0 -4.250095E-04
 13 79 -2.350298E-04 0 -2.350298E-04
 13 80 -1.551275E-03 0 -1.551275E-03
 13 81 -1.216113E-04 0 -1.216113E-04
 13 82 -1.49084E-04 0 -1.49084E-04
 13 83 -2.288533E-03 0 -2.288533E-03
 13 84 -2.863754E-04 0 -2.863754E-04
 13 85 -3.403254E-03 0 -3.403254E-03
 13 86 -6.952082E-04 0 -6.952082E-04
 13 87 -2.332902E-04 0 -2.332902E-04
 13 88 -3.918559E-04 0 -3.918559E-04
 13 89 -1.211178E-03 0 -1.211178E-03
 13 90 -6.974207E-03 0 -6.974207E-03
 13 91 -6.689495E-02 0 -6.689495E-02
 13 92 -0.138258 0 -0.138258
 13 93 -0.125412 0 -0.125412
 13 94 -0.113996 0 -0.113996
 13 95 -2.6474E-02 0 -2.6474E-02
 13 96 -5.300699E-03 0 -5.300699E-03
 13 97 -7.795327E-03 0 -7.795327E-03
 13 98 -7.197138E-04 0 -7.197138E-04
 13 99 -1.565852E-04 0 -1.565852E-04
 13 100 -7.971988E-05 0 -7.971988E-05
 14 25 -2.588115E-05 0 -2.588115E-05
 14 26 5.673924E-05 0 5.673924E-05
 14 27 -1.953843E-04 0 -1.953843E-04
 14 28 -5.293148E-04 0 -5.293148E-04
 14 29 -2.53628E-04 0 -2.53628E-04
 14 30 -6.847085E-02 -6.960408E-02 1.133233E-03
 14 31 1.041805E-03 0 1.041805E-03
 14 32 -1.558785E-02 0 -1.558785E-02
 14 33 1.337448E-03 0 1.337448E-03
 14 34 1.060132E-03 0 1.060132E-03
 14 35 -4.538161E-02 -4.580717E-02 4.255554E-04
 14 36 2.345284E-04 0 2.345284E-04
 14 37 -2.274512E-04 0 -2.274512E-04
 14 38 4.632523E-05 0 4.632523E-05
 14 39 -1.330531E-04 0 -1.330531E-04
 14 40 1.092191E-02 1.086063E-02 6.128345E-05
 14 41 -1.800523E-05 0 -1.800523E-05
 14 42 7.969526E-03 7.932319E-03 3.720735E-05
 14 43 2.000319E-05 0 2.000319E-05
 14 44 1.224451E-05 0 1.224451E-05
 14 45 8.174234E-03 8.143717E-03 3.051684E-05
 14 46 2.2304E-05 0 2.2304E-05
 14 47 -1.257894E-04 0 -1.257894E-04
 14 48 1.341293E-02 1.334483E-02 6.810314E-05
 14 49 2.853304E-05 0 2.853304E-05
 14 50 -3.420399E-05 0 -3.420399E-05
 14 51 -1.836156E-02 -1.842932E-02 6.775631E-05
 14 52 2.543081E-05 0 2.543081E-05
 14 53 -1.099563E-02 -1.102347E-02 2.78372E-05
 14 54 -1.160735E-04 0 -1.160735E-04
 14 55 5.771475E-05 0 5.771475E-05
 14 56 8.743434E-03 8.70955E-03 3.38843E-05
 14 57 -1.068304E-02 -1.070959E-02 2.655099E-05
 14 58 1.599624E-02 1.587927E-02 1.169752E-04
 14 59 2.963236E-05 0 2.963236E-05
 14 60 -1.344795E-04 0 -1.344795E-04
 14 61 8.25252E-05 0 8.25252E-05
 14 62 1.16042E-04 0 1.16042E-04
 14 63 2.287739E-02 2.269979E-02 1.776062E-04
 14 64 2.631345E-04 0 2.631345E-04
 14 65 5.480696E-04 0 5.480696E-04
 14 66 -6.182973E-02 -6.183182E-02 2.089077E-06
 14 67 -3.180203E-03 0 -3.180203E-03
 14 68 -7.853377E-03 0 -7.853377E-03
 14 69 -7.189543E-03 0 -7.189543E-03
 14 70 1.626078E-03 0 1.626078E-03
 14 71 5.607235E-03 0 5.607235E-03
 14 72 -8.481099E-02 -8.678516E-02 1.974168E-03
 14 73 2.128161E-03 0 2.128161E-03
 14 74 -1.038269E-03 0 -1.038269E-03
 14 75 2.891822E-02 2.856469E-02 3.535282E-04
 14 76 1.965075E-02 1.9517E-02 1.3375E-04
 14 77 3.091435E-05 0 3.091435E-05
 14 78 -1.429791E-02 -1.429801E-02 1.060315E-07
 14 79 2.36551E-05 0 2.36551E-05
 14 80 -1.336365E-04 0 -1.336365E-04
 14 81 2.688883E-05 0 2.688883E-05
 14 82 1.371963E-02 1.364886E-02 7.077866E-05
 14 83 -1.171834E-04 0 -1.171834E-04
 14 84 7.437029E-05 0 7.437029E-05
 14 85 -2.36206E-04 0 -2.36206E-04
 14 86 1.455171E-04 0 1.455171E-04
 14 87 -1.660129E-02 -1.665775E-02 5.645583E-05
 14 88 2.136295E-02 2.116543E-02 1.975211E-04
 14 89 2.277929E-04 0 2.277929E-04
 14 90 5.296365E-04 0 5.296365E-04
 14 91 -3.220489E-03 0 -3.220489E-03
 14 92 -6.277896E-02 -6.401738E-02 1.238418E-03
 14 93 -6.504807E-03 0 -6.504807E-03
 14 94 -2.553971E-03 0 -2.553971E-03
 14 95 -2.527125E-03 0 -2.527125E-03
 14 96 -5.581357E-02 -5.581521E-02 1.640617E-06
 14 97 -1.24563E-03 0 -1.24563E-03
 14 98 -2.71272E-02 -2.712755E-02 3.472759E-07
 14 99 7.068492E-05 0 7.068492E-05
 14 100 4.07807E-05 0 4.07807E-05
 15 25 -2.102313E-04 0 -2.102313E-04
 15 26 -1.585682E-04 0 -1.585682E-04
 15 27 -1.289324E-03 0 -1.289324E-03
 15 28 -3.439466E-03 0 -3.439466E-03
 15 29 -5.195964E-03 0 -5.195964E-03
 15 30 -7.012466E-03 0 -7.012466E-03
 15 31 -1.548696E-02 0 -1.548696E-02
 15 32 -0.353341 0 -0.353341
 15 33 -3.618021E-02 0 -3.618021E-02
 15 34 -1.04582E-02 0 -1.04582E-02
 15 35 -3.437678E-03 0 -3.437678E-03
 15 36 -2.341944E-03 0 -2.341944E-03
 15 37 -2.315742E-03 0 -2.315742E-03
 15 38 -3.226263E-04 0 -3.226263E-04
 15 39 -8.220689E-04 0 -8.220689E-04
 15 40 -8.487321E-05 0 -8.487321E-05
 15 41 -2.448857E-04 0 -2.448857E-04
 15 42 -4.261761E-05 0 -4.261761E-05
 15 43 -4.48552E-05 0 -4.48552E-05
 15 44 -2.703572E-05 0 -2.703572E-05
 15 45 -3.094946E-05 0 -3.094946E-05
 15 46 -9.343084E-05 0 -9.343084E-05
 15 47 -6.673883E-04 0 -6.673883E-04
 15 48 -7.45693E-05 0 -7.45693E-05
 15 49 -7.078424E-05 0 -7.078424E-05
 15 50 -4.87823E-04 0 -4.87823E-04
 15 51 -2.299715E-04 0 -2.299715E-04
 15 52 -7.96562E-05 0 -7.96562E-05
 15 53 -1.021532E-04 0 -1.021532E-04
 15 54 -9.727626E-04 0 -9.727626E-04
 15 55 -2.137419E-04 0 -2.137419E-04
 15 56 -5.403868E-05 0 -5.403868E-05
 15 57 -1.182939E-04 0 -1.182939E-04
 15 58 -2.464942E-04 0 -2.464942E-04
 15 59 -1.111398E-04 0 -1.111398E-04
 15 60 -1.290037E-03 0 -1.290037E-03
 15 61 -2.729638E-04 0 -2.729638E-04
 15 62 -3.368231E-04 0 -3.368231E-04
 15 63 -2.258409E-04 0 -2.258409E-04
 15 64 -9.213526E-04 0 -9.213526E-04
 15 65 -2.043649E-03 0 -2.043649E-03
 15 66 -4.841628E-03 0 -4.841628E-03
 15 67 -1.525792E-02 0 -1.525792E-02
 15 68 -3.075506E-02 0 -3.075506E-02
 15 69 -1.848454E-02 0 -1.848454E-02
 15 70 -2.741095E-03 0 -2.741095E-03
 15 71 -3.283907E-03 0 -3.283907E-03
 15 72 -2.189934E-03 0 -2.189934E-03
 15 73 -2.984446E-03 0 -2.984446E-03
 15 74 -3.398804E-03 0 -3.398804E-03
 15 75 -3.046622E-04 0 -3.046622E-04
 15 76 -1.273155E-04 0 -1.273155E-04
 15 77 -5.55725E-05 0 -5.55725E-05
 15 78 -1.607243E-04 0 -1.607243E-04
 15 79 -8.783137E-05 0 -8.783137E-05
 15 80 -4.869156E-04 0 -4.869156E-04
 15 81 -5.097002E-05 0 -5.097002E-05
 15 82 -5.159123E-05 0 -5.159123E-05
 15 83 -5.841119E-04 0 -5.841119E-04
 15 84 -1.171527E-04 0 -1.171527E-04
 15 85 -9.883809E-04 0 -9.883809E-04
 15 86 -2.847844E-04 0 -2.847844E-04
 15 87 -1.444244E-04 0 -1.444244E-04
 15 88 -2.438972E-04 0 -2.438972E-04
 15 89 -5.602404E-04 0 -5.602404E-04
 15 90 -2.906837E-03 0 -2.906837E-03
 15 91 -1.700264E-02 0 -1.700264E-02
 15 92 -4.006322E-02 0 -4.006322E-02
 15 93 -5.891511E-02 0 -5.891511E-02
 15 94 -6.104835E-02 0 -6.104835E-02
 15 95 -2.239962E-02 0 -2.239962E-02
 15 96 -4.664856E-03 0 -4.664856E-03
 15 97 -9.010403E-03 0 -9.010403E-03
 15 98 -1.019268E-03 0 -1.019268E-03
 15 99 -1.918004E-04 0 -1.918004E-04
 15 100 -1.198901E-04 0 -1.198901E-04
 16 25 -4.946813E-05 0 -4.946813E-05
 16 26 9.878514E-05 0 9.878514E-05
 16 27 -5.643886E-04 0 -5.643886E-04
 16 28 -2.391747E-03 0 -2.391747E-03
 16 29 -1.82099E-03 0 -1.82099E-03
 16 30 2.071187E-02 0 2.071187E-02
 16 31 3.622996E-03 0 3.622996E-03
 16 32 -0.126217 0 -0.126217
 16 33 4.505959E-03 0 4.505959E-03
 16 34 4.20186E-03 0 4.20186E-03
 16 35 6.728704E-03 0 6.728704E-03
 16 36 7.197605E-04 0 7.197605E-04
 16 37 -9.722389E-04 0 -9.722389E-04
 16 38 7.104214E-05 0 7.104214E-05
 16 39 -3.606197E-04 0 -3.606197E-04
 16 40 6.281923E-05 0 6.281923E-05
 16 41 -5.255862E-05 0 -5.255862E-05
 16 42 2.775522E-05 0 2.775522E-05
 16 43 1.743092E-05 0 1.743092E-05
 16 44 9.393555E-06 0 9.393555E-06
 16 45 1.673244E-05 0 1.673244E-05
 16 46 1.280908E-05 0 1.280908E-05
 16 47 -1.682882E-04 0 -1.682882E-04
 16 48 3.498603E-05 0 3.498603E-05
 16 49 2.991797E-05 0 2.991797E-05
 16 50 -9.258051E-05 0 -9.258051E-05
 16 51 2.359288E-04 0 2.359288E-04
 16 52 2.38929E-05 0 2.38929E-05
 16 53 1.104566E-04 0 1.104566E-04
 16 54 -2.530607E-04 0 -2.530607E-04
 16 55 7.75065E-05 0 7.75065E-05
 16 56 2.535816E-05 0 2.535816E-05
 16 57 1.241282E-04 0 1.241282E-04
 16 58 1.310121E-04 0 1.310121E-04
 16 59 1.854234E-05 0 1.854234E-05
 16 60 -2.394157E-04 0 -2.394157E-04
 16 61 6.327179E-05 0 6.327179E-05
 16 62 8.521219E-05 0 8.521219E-05
 16 63 7.484283E-05 0 7.484283E-05
 16 64 2.187383E-04 0 2.187383E-04
 16 65 6.022895E-04 0 6.022895E-04
 16 66 1.336649E-03 0 1.336649E-03
 16 67 -5.568758E-03 0 -5.568758E-03
 16 68 -1.07051E-02 0 -1.07051E-02
 16 69 -1.133169E-02 0 -1.133169E-02
 16 70 3.822246E-04 0 3.822246E-04
 16 71 7.69813E-04 0 7.69813E-04
 16 72 2.238585E-03 0 2.238585E-03
 16 73 1.088915E-03 0 1.088915E-03
 16 74 -1.043969E-03 0 -1.043969E-03
 16 75 1.41814E-04 0 1.41814E-04
 16 76 5.490984E-05 0 5.490984E-05
 16 77 9.598172E-06 0 9.598172E-06
 16 78 5.262785E-05 0 5.262785E-05
 16 79 1.233506E-05 0 1.233506E-05
 16 80 -1.748105E-04 0 -1.748105E-04
 16 81 1.90169E-05 0 1.90169E-05
 16 82 2.856949E-05 0 2.856949E-05
 16 83 -9.986896E-05 0 -9.986896E-05
 16 84 6.562127E-05 0 6.562127E-05
 16 85 -3.74345E-04 0 -3.74345E-04
 16 86 1.980434E-04 0 1.980434E-04
 16 87 2.528679E-04 0 2.528679E-04
 16 88 2.570025E-04 0 2.570025E-04
 16 89 4.138261E-04 0 4.138261E-04
 16 90 1.210284E-03 0 1.210284E-03
 16 91 -1.318776E-02 0 -1.318776E-02
 16 92 7.192231E-03 0 7.192231E-03
 16 93 -2.440985E-02 0 -2.440985E-02
 16 94 -6.71713E-03 0 -6.71713E-03
 16 95 -3.33826E-03 0 -3.33826E-03
 16 96 6.490496E-04 0 6.490496E-04
 16 97 -8.458771E-04 0 -8.458771E-04
 16 98 1.275611E-04 0 1.275611E-04
 16 99 1.383902E-05 0 1.383902E-05
 16 100 8.582974E-06 0 8.582974E-06
 17 25 -3.095427E-04 0 -3.095427E-04
 17 26 -2.32043E-04 0 -2.32043E-04
 17 27 -1.942201E-03 0 -1.942201E-03
 17 28 -4.87591E-03 0 -4.87591E-03
 17 29 -5.090802E-03 0 -5.090802E-03
 17 30 -6.076864E-03 0 -6.076864E-03
 17 31 -6.123171E-03 0 -6.123171E-03
 17 32 -6.477742E-02 0 -6.477742E-02
 17 33 -7.365212E-03 0 -7.365212E-03
 17 34 -5.138724E-03 0 -5.138724E-03
 17 35 -2.398127E-03 0 -2.398127E-03
 17 36 -2.494646E-03 0 -2.494646E-03
 17 37 -2.317364E-03 0 -2.317364E-03
 17 38 -3.808307E-04 0 -3.808307E-04
 17 39 -8.904519E-04 0 -8.904519E-04
 17 40 -9.965657E-05 0 -9.965657E-05
 17 41 -2.804864E-04 0 -2.804864E-04
 17 42 -5.166327E-05 0 -5.166327E-05
 17 43 -5.961082E-05 0 -5.961082E-05
 17 44 -3.25267E-05 0 -3.25267E-05
 17 45 -3.284242E-05 0 -3.284242E-05
 17 46 -9.158793E-05 0 -9.158793E-05
 17 47 -5.87486E-04 0 -5.87486E-04
 17 48 -5.654014E-05 0 -5.654014E-05
 17 49 -5.89818E-05 0 -5.89818E-05
 17 50 -4.133347E-04 0 -4.133347E-04
 17 51 -1.543465E-04 0 -1.543465E-04
 17 52 -5.483992E-05 0 -5.483992E-05
 17 53 -7.737043E-05 0 -7.737043E-05
 17 54 -6.433607E-04 0 -6.433607E-04
 17 55 -1.226562E-04 0 -1.226562E-04
 17 56 -3.492757E-05 0 -3.492757E-05
 17 57 -7.928439E-05 0 -7.928439E-05
 17 58 -1.367221E-04 0 -1.367221E-04
 17 59 -5.57807E-05 0 -5.57807E-05
 17 60 -5.581031E-04 0 -5.581031E-04
 17 61 -1.216496E-04 0 -1.216496E-04
 17 62 -1.684637E-04 0 -1.684637E-04
 17 63 -9.891468E-05 0 -9.891468E-05
 17 64 -3.125624E-04 0 -3.125624E-04
 17 65 -7.240904E-04 0 -7.240904E-04
 17 66 -1.932494E-03 0 -1.932494E-03
 17 67 -9.297965E-03 0 -9.297965E-03
 17 68 -2.646004E-02 0 -2.646004E-02
 17 69 -3.367122E-02 0 -3.367122E-02
 17 70 -7.546783E-03 0 -7.546783E-03
 17 71 -6.645233E-03 0 -6.645233E-03
 17 72 -2.644485E-03 0 -2.644485E-03
 17 73 -2.295561E-03 0 -2.295561E-03
 17 74 -2.951725E-03 0 -2.951725E-03
 17 75 -2.346395E-04 0 -2.346395E-04
 17 76 -9.150919E-05 0 -9.150919E-05
 17 77 -4.623718E-05 0 -4.623718E-05
 17 78 -1.601049E-04 0 -1.601049E-04
 17 79 -9.999663E-05 0 -9.999663E-05
 17 80 -6.3883E-04 0 -6.3883E-04
 17 81 -7.422234E-05 0 -7.422234E-05
 17 82 -7.446231E-05 0 -7.446231E-05
 17 83 -9.272774E-04 0 -9.272774E-04
 17 84 -2.178509E-04 0 -2.178509E-04
 17 85 -1.957364E-03 0 -1.957364E-03
 17 86 -6.794245E-04 0 -6.794245E-04
 17 87 -3.03071E-04 0 -3.03071E-04
 17 88 -4.96796E-04 0 -4.96796E-04
 17 89 -1.322116E-03 0 -1.322116E-03
 17 90 -6.329698E-03 0 -6.329698E-03
 17 91 -2.281643E-02 0 -2.281643E-02
 17 92 -3.14094E-02 0 -3.14094E-02
 17 93 -2.169354E-02 0 -2.169354E-02
 17 94 -1.192989E-02 0 -1.192989E-02
 17 95 -4.517576E-03 0 -4.517576E-03
 17 96 -1.011292E-03 0 -1.011292E-03
 17 97 -1.682131E-03 0 -1.682131E-03
 17 98 -2.505815E-04 0 -2.505815E-04
 17 99 -5.438934E-05 0 -5.438934E-05
 17 100 -3.482122E-05 0 -3.482122E-05
 18 25 -8.817363E-06 0 -8.817363E-06
 18 26 7.098688E-05 0 7.098688E-05
 18 27 -1.471123E-04 0 -1.471123E-04
 18 28 -5.265813E-04 0 -5.265813E-04
 18 29 -1.330926E-04 0 -1.330926E-04
 18 30 7.252686E-02 6.662023E-02 5.906631E-03
 18 31 1.936392E-03 0 1.936392E-03
 18 32 -1.103402E-02 0 -1.103402E-02
 18 33 4.427179E-03 0 4.427179E-03
 18 34 3.379201E-03 0 3.379201E-03
 18 35 6.097058E-02 5.691285E-02 4.057725E-03
 18 36 7.627936E-04 0 7.627936E-04
 18 37 -2.416455E-04 0 -2.416455E-04
 18 38 1.12528E-04 0 1.12528E-04
 18 39 -1.157327E-04 0 -1.157327E-04
 18 40 -9.374708E-03 -9.39621E-03 2.150216E-05
 18 41 -8.461378E-06 0 -8.461378E-06
 18 42 -5.931265E-03 -5.94196E-03 1.069565E-05
 18 43 2.386559E-05 0 2.386559E-05
 18 44 1.385891E-05 0 1.385891E-05
 18 45 -5.37315E-03 -5.383186E-03 1.00368E-05
 18 46 2.384381E-05 0 2.384381E-05
 18 47 -4.870503E-05 0 -4.870503E-05
 18 48 -7.926121E-03 -7.944016E-03 1.789451E-05
 18 49 2.647758E-05 0 2.647758E-05
 18 50 -1.258523E-05 0 -1.258523E-05
 18 51 1.218143E-02 1.199541E-02 1.860166E-04
 18 52 2.789838E-05 0 2.789838E-05
 18 53 8.421648E-03 8.318509E-03 1.03139E-04
 18 54 -6.78363E-05 0 -6.78363E-05
 18 55 5.118018E-05 0 5.118018E-05
 18 56 -6.88651E-03 -6.900956E-03 1.444678E-05
 18 57 9.437989E-03 9.314785E-03 1.232047E-04
 18 58 -1.370739E-02 -1.374773E-02 4.03348E-05
 18 59 2.879779E-05 0 2.879779E-05
 18 60 -7.065187E-05 0 -7.065187E-05
 18 61 6.409376E-05 0 6.409376E-05
 18 62 7.780361E-05 0 7.780361E-05
 18 63 -1.230118E-02 -1.233751E-02 3.633123E-05
 18 64 1.30969E-04 0 1.30969E-04
 18 65 2.652639E-04 0 2.652639E-04
 18 66 3.2912E-02 3.193339E-02 9.786095E-04
 18 67 -8.291258E-04 0 -8.291258E-04
 18 68 -1.212292E-03 0 -1.212292E-03
 18 69 -1.773488E-03 0 -1.773488E-03
 18 70 6.420076E-04 0 6.420076E-04
 18 71 9.119998E-04 0 9.119998E-04
 18 72 3.96078E-02 3.796751E-02 1.640293E-03
 18 73 4.821998E-04 0 4.821998E-04
 18 74 -2.687927E-04 0 -2.687927E-04
 18 75 -1.405553E-02 -1.409765E-02 4.21182E-05
 18 76 -1.029262E-02 -1.031968E-02 2.705797E-05
 18 77 1.590955E-05 0 1.590955E-05
 18 78 7.903631E-03 7.823188E-03 8.044284E-05
 18 79 2.445104E-05 0 2.445104E-05
 18 80 -6.596046E-05 0 -6.596046E-05
 18 81 2.747916E-05 0 2.747916E-05
 18 82 -8.163561E-03 -8.182292E-03 1.873065E-05
 18 83 -3.758808E-05 0 -3.758808E-05
 18 84 6.779804E-05 0 6.779804E-05
 18 85 -1.193886E-04 0 -1.193886E-04
 18 86 1.526161E-04 0 1.526161E-04
 18 87 1.541334E-02 1.513647E-02 2.768769E-04
 18 88 -2.057173E-02 -2.065536E-02 8.363903E-05
 18 89 3.671594E-04 0 3.671594E-04
 18 90 9.835466E-04 0 9.835466E-04
 18 91 -1.594946E-03 0 -1.594946E-03
 18 92 4.562999E-02 4.177301E-02 3.856976E-03
 18 93 -2.276018E-03 0 -2.276018E-03
 18 94 -3.647665E-04 0 -3.647665E-04
 18 95 -7.48356E-04 0 -7.48356E-04
 18 96 2.912381E-02 2.835483E-02 7.689765E-04
 18 97 -3.574289E-04 0 -3.574289E-04
 18 98 1.568304E-02 1.543727E-02 2.45775E-04
 18 99 3.354625E-05 0 3.354625E-05
 18 100 2.379294E-05 0 2.379294E-05
 19 25 -3.004004E-05 0 -3.004004E-05
 19 26 7.896287E-05 0 7.896287E-05
 19 27 -2.692054E-04 0 -2.692054E-04
 19 28 -1.02896E-03 0 -1.02896E-03
 19 29 -3.864191E-04 0 -3.864191E-04
 19 30 -9.484829E-02 -9.752516E-02 2.676871E-03
 19 31 2.029429E-03 0 2.029429E-03
 19 32 -2.234754E-02 0 -2.234754E-02
 19 33 5.754041E-03 0 5.754041E-03
 19 34 1.240849E-02 0 1.240849E-02
 19 35 -9.344002E-02 -9.600849E-02 2.568466E-03
 19 36 1.01966E-03 0 1.01966E-03
 19 37 -6.181623E-04 0 -6.181623E-04
 19 38 1.003022E-04 0 1.003022E-04
 19 39 -1.930683E-04 0 -1.930683E-04
 19 40 1.262213E-02 1.254426E-02 7.786151E-05
 19 41 -1.717277E-05 0 -1.717277E-05
 19 42 7.210783E-03 7.178832E-03 3.195101E-05
 19 43 1.465875E-05 0 1.465875E-05
 19 44 8.061389E-06 0 8.061389E-06
 19 45 6.12402E-03 6.104254E-03 1.976536E-05
 19 46 1.152239E-05 0 1.152239E-05
 19 47 -5.917175E-05 0 -5.917175E-05
 19 48 8.731884E-03 8.698069E-03 3.381429E-05
 19 49 1.845566E-05 0 1.845566E-05
 19 50 -2.394925E-05 0 -2.394925E-05
 19 51 -1.400446E-02 -1.404631E-02 4.185393E-05
 19 52 1.843037E-05 0 1.843037E-05
 19 53 -1.057556E-02 -1.060167E-02 2.611594E-05
 19 54 -1.115124E-04 0 -1.115124E-04
 19 55 5.029681E-05 0 5.029681E-05
 19 56 9.043195E-03 9.007469E-03 3.572581E-05
 19 57 -1.277383E-02 -1.280959E-02 3.575643E-05
 19 58 1.896066E-02 1.88021E-02 1.585593E-04
 19 59 3.130546E-05 0 3.130546E-05
 19 60 -1.058102E-04 0 -1.058102E-04
 19 61 4.791815E-05 0 4.791815E-05
 19 62 5.545915E-05 0 5.545915E-05
 19 63 1.274557E-02 1.26831E-02 6.246893E-05
 19 64 9.611806E-05 0 9.611806E-05
 19 65 2.124495E-04 0 2.124495E-04
 19 66 -3.255482E-02 -3.255532E-02 5.022841E-07
 19 67 -8.743656E-04 0 -8.743656E-04
 19 68 -1.188348E-03 0 -1.188348E-03
 19 69 -1.54203E-03 0 -1.54203E-03
 19 70 2.993638E-04 0 2.993638E-04
 19 71 3.78732E-04 0 3.78732E-04
 19 72 -3.169563E-02 -3.18916E-02 1.95969E-04
 19 73 2.585203E-04 0 2.585203E-04
 19 74 -2.380331E-04 0 -2.380331E-04
 19 75 1.352638E-02 1.343886E-02 8.751829E-05
 19 76 1.044894E-02 1.040394E-02 4.499814E-05
 19 77 1.117195E-05 0 1.117195E-05
 19 78 -7.781512E-03 -7.781551E-03 3.934435E-08
 19 79 1.1117E-05 0 1.1117E-05
 19 80 -6.937257E-05 0 -6.937257E-05
 19 81 1.478874E-05 0 1.478874E-05
 19 82 8.0942E-03 8.064143E-03 3.005685E-05
 19 83 -4.581135E-05 0 -4.581135E-05
 19 84 3.985294E-05 0 3.985294E-05
 19 85 -1.481811E-04 0 -1.481811E-04
 19 86 1.342197E-04 0 1.342197E-04
 19 87 -1.875781E-02 -1.882827E-02 7.046258E-05
 19 88 2.785264E-02 2.752437E-02 3.282715E-04
 19 89 2.997676E-04 0 2.997676E-04
 19 90 8.071246E-04 0 8.071246E-04
 19 91 -2.33831E-03 0 -2.33831E-03
 19 92 -4.76626E-02 -4.823649E-02 5.738902E-04
 19 93 -3.123607E-03 0 -3.123607E-03
 19 94 -5.552968E-04 0 -5.552968E-04
 19 95 -7.651479E-04 0 -7.651479E-04
 19 96 -2.682567E-02 -2.682601E-02 3.396725E-07
 19 97 -2.859876E-04 0 -2.859876E-04
 19 98 -1.452684E-02 -1.452695E-02 1.089918E-07
 19 99 1.958341E-05 0 1.958341E-05
 19 100 1.441929E-05 0 1.441929E-05
 20 25 -4.141843E-05 0 -4.141843E-05
 20 26 8.162756E-05 0 8.162756E-05
 20 27 -3.974634E-04 0 -3.974634E-04
 20 28 -1.582177E-03 0 -1.582177E-03
 20 29 -6.503467E-04 0 -6.503467E-04
 20 30 5.234896E-03 0 5.234896E-03
 20 31 5.166823E-04 0 5.166823E-04
 20 32 -7.776305E-03 0 -7.776305E-03
 20 33 6.947536E-04 0 6.947536E-04
 20 34 1.437941E-03 0 1.437941E-03
 20 35 3.384048E-03 0 3.384048E-03
 20 36 4.723436E-04 0 4.723436E-04
 20 37 -6.287635E-04 0 -6.287635E-04
 20 38 5.44596E-05 0 5.44596E-05
 20 39 -2.205032E-04 0 -2.205032E-04
 20 40 4.313632E-05 0 4.313632E-05
 20 41 -3.173247E-05 0 -3.173247E-05
 20 42 1.807833E-05 0 1.807833E-05
 20 43 1.127473E-05 0 1.127473E-05
 20 44 5.754691E-06 0 5.754691E-06
 20 45 8.990355E-06 0 8.990355E-06
 20 46 5.774405E-06 0 5.774405E-06
 20 47 -6.180205E-05 0 -6.180205E-05
 20 48 1.283226E-05 0 1.283226E-05
 20 49 1.297228E-05 0 1.297228E-05
 20 50 -3.72793E-05 0 -3.72793E-05
 20 51 7.70779E-05 0 7.70779E-05
 20 52 9.393053E-06 0 9.393053E-06
 20 53 4.938004E-05 0 4.938004E-05
 20 54 -9.356157E-05 0 -9.356157E-05
 20 55 2.792189E-05 0 2.792189E-05
 20 56 1.136318E-05 0 1.136318E-05
 20 57 5.922539E-05 0 5.922539E-05
 20 58 5.1218E-05 0 5.1218E-05
 20 59 6.789958E-06 0 6.789958E-06
 20 60 -6.85571E-05 0 -6.85571E-05
 20 61 1.774852E-05 0 1.774852E-05
 20 62 2.268984E-05 0 2.268984E-05
 20 63 1.787929E-05 0 1.787929E-05
 20 64 4.386263E-05 0 4.386263E-05
 20 65 1.01742E-04 0 1.01742E-04
 20 66 1.85975E-04 0 1.85975E-04
 20 67 -7.979763E-04 0 -7.979763E-04
 20 68 -1.281257E-03 0 -1.281257E-03
 20 69 -2.582704E-03 0 -2.582704E-03
 20 70 1.415632E-04 0 1.415632E-04
 20 71 1.732735E-04 0 1.732735E-04
 20 72 4.910132E-04 0 4.910132E-04
 20 73 1.89788E-04 0 1.89788E-04
 20 74 -2.534338E-04 0 -2.534338E-04
 20 75 3.953953E-05 0 3.953953E-05
 20 76 1.689055E-05 0 1.689055E-05
 20 77 3.585596E-06 0 3.585596E-06
 20 78 2.175186E-05 0 2.175186E-05
 20 79 6.060347E-06 0 6.060347E-06
 20 80 -9.077409E-05 0 -9.077409E-05
 20 81 1.192144E-05 0 1.192144E-05
 20 82 1.627814E-05 0 1.627814E-05
 20 83 -5.231022E-05 0 -5.231022E-05
 20 84 4.551479E-05 0 4.551479E-05
 20 85 -2.532958E-04 0 -2.532958E-04
 20 86 1.933399E-04 0 1.933399E-04
 20 87 2.705941E-04 0 2.705941E-04
 20 88 2.787746E-04 0 2.787746E-04
 20 89 3.629483E-04 0 3.629483E-04
 20 90 7.217722E-04 0 7.217722E-04
 20 91 -3.222291E-03 0 -3.222291E-03
 20 92 6.076573E-04 0 6.076573E-04
 20 93 -2.127453E-03 0 -2.127453E-03
 20 94 -4.709068E-04 0 -4.709068E-04
 20 95 -3.924245E-04 0 -3.924245E-04
 20 96 9.139201E-05 0 9.139201E-05
 20 97 -1.357337E-04 0 -1.357337E-04
 20 98 2.761509E-05 0 2.761509E-05
 20 99 3.391434E-06 0 3.391434E-06
 20 100 2.395998E-06 0 2.395998E-06
 21 25 -4.333895E-05 0 -4.333895E-05
 21 26 4.091065E-05 0 4.091065E-05
 21 27 -3.015665E-04 0 -3.015665E-04
 21 28 -8.663173E-04 0 -8.663173E-04
 21 29 -3.663303E-04 0 -3.663303E-04
 21 30 5.537665E-02 5.249321E-02 2.883434E-03
 21 31 3.160435E-04 0 3.160435E-04
 21 32 -4.195124E-03 0 -4.195124E-03
 21 33 5.027486E-04 0 5.027486E-04
 21 34 8.026395E-04 0 8.026395E-04
 21 35 4.876581E-02 4.656812E-02 2.197684E-03
 21 36 2.69671E-04 0 2.69671E-04
 21 37 -4.16287E-04 0 -4.16287E-04
 21 38 4.686814E-05 0 4.686814E-05
 21 39 -1.789255E-04 0 -1.789255E-04
 21 40 -9.085982E-03 -9.086032E-03 5.008803E-08
 21 41 -3.013953E-05 0 -3.013953E-05
 21 42 -5.655108E-03 -5.655133E-03 2.445539E-08
 21 43 1.333105E-05 0 1.333105E-05
 21 44 7.309745E-06 0 7.309745E-06
 21 45 -4.662978E-03 -4.662672E-03 -3.065899E-07
 21 46 7.46205E-06 0 7.46205E-06
 21 47 -6.486427E-05 0 -6.486427E-05
 21 48 -5.832723E-03 -5.832301E-03 -4.217779E-07
 21 49 1.212737E-05 0 1.212737E-05
 21 50 -3.470371E-05 0 -3.470371E-05
 21 51 8.766216E-03 8.671836E-03 9.438066E-05
 21 52 1.047098E-05 0 1.047098E-05
 21 53 6.59798E-03 6.536657E-03 6.132306E-05
 21 54 -8.51009E-05 0 -8.51009E-05
 21 55 1.570889E-05 0 1.570889E-05
 21 56 -5.158108E-03 -5.157755E-03 -3.534431E-07
 21 57 7.329572E-03 7.257827E-03 7.174528E-05
 21 58 -1.00159E-02 -1.001596E-02 5.851736E-08
 21 59 8.729812E-06 0 8.729812E-06
 21 60 -6.920161E-05 0 -6.920161E-05
 21 61 1.495566E-05 0 1.495566E-05
 21 62 1.860988E-05 0 1.860988E-05
 21 63 -7.448697E-03 -7.44809E-03 -6.068655E-07
 21 64 2.697122E-05 0 2.697122E-05
 21 65 5.421436E-05 0 5.421436E-05
 21 66 1.945001E-02 1.927785E-02 1.721639E-04
 21 67 -6.287337E-04 0 -6.287337E-04
 21 68 -1.02199E-03 0 -1.02199E-03
 21 69 -1.842009E-03 0 -1.842009E-03
 21 70 2.453342E-04 0 2.453342E-04
 21 71 2.572646E-04 0 2.572646E-04
 21 72 2.792464E-02 2.721598E-02 7.086554E-04
 21 73 1.124447E-04 0 1.124447E-04
 21 74 -2.552623E-04 0 -2.552623E-04
 21 75 -9.80907E-03 -9.809127E-03 5.658621E-08
 21 76 -7.188767E-03 -7.188192E-03 -5.750322E-07
 21 77 5.526319E-06 0 5.526319E-06
 21 78 6.172411E-03 6.146113E-03 2.629758E-05
 21 79 8.193306E-06 0 8.193306E-06
 21 80 -9.784022E-05 0 -9.784022E-05
 21 81 1.525108E-05 0 1.525108E-05
 21 82 -7.538536E-03 -7.537918E-03 -6.180539E-07
 21 83 -9.621326E-05 0 -9.621326E-05
 21 84 4.620341E-05 0 4.620341E-05
 21 85 -2.525605E-04 0 -2.525605E-04
 21 86 1.057246E-04 0 1.057246E-04
 21 87 1.820677E-02 1.788708E-02 3.196974E-04
 21 88 -2.395976E-02 -2.396004E-02 2.72389E-07
 21 89 2.631528E-04 0 2.631528E-04
 21 90 4.097826E-04 0 4.097826E-04
 21 91 -1.786974E-03 0 -1.786974E-03
 21 92 2.869477E-02 2.849602E-02 1.98753E-04
 21 93 -1.351436E-03 0 -1.351436E-03
 21 94 -3.750425E-04 0 -3.750425E-04
 21 95 -3.777475E-04 0 -3.777475E-04
 21 96 1.478626E-02 1.468054E-02 1.057187E-04
 21 97 -1.72949E-04 0 -1.72949E-04
 21 98 7.870542E-03 7.832689E-03 3.785286E-05
 21 99 6.402948E-06 0 6.402948E-06
 21 100 4.713245E-06 0 4.713245E-06
 22 25 -2.326786E-05 0 -2.326786E-05
 22 26 3.246017E-05 0 3.246017E-05
 22 27 -1.326642E-04 0 -1.326642E-04
 22 28 -4.506775E-04 0 -4.506775E-04
 22 29 -1.234907E-04 0 -1.234907E-04
 22 30 7.754923E-04 0 7.754923E-04
 22 31 1.191791E-04 0 1.191791E-04
 22 32 -9.624297E-04 0 -9.624297E-04
 22 33 1.665635E-04 0 1.665635E-04
 22 34 2.804352E-04 0 2.804352E-04
 22 35 6.989255E-04 0 6.989255E-04
 22 36 1.591693E-04 0 1.591693E-04
 22 37 -1.792797E-04 0 -1.792797E-04
 22 38 3.169183E-05 0 3.169183E-05
 22 39 -8.978582E-05 0 -8.978582E-05
 22 40 2.254233E-05 0 2.254233E-05
 22 41 -1.226359E-05 0 -1.226359E-05
 22 42 1.049756E-05 0 1.049756E-05
 22 43 7.961261E-06 0 7.961261E-06
 22 44 4.243098E-06 0 4.243098E-06
 22 45 4.816973E-06 0 4.816973E-06
 22 46 3.867294E-06 0 3.867294E-06
 22 47 -2.174304E-05 0 -2.174304E-05
 22 48 5.728637E-06 0 5.728637E-06
 22 49 5.669567E-06 0 5.669567E-06
 22 50 -1.205131E-05 0 -1.205131E-05
 22 51 2.785257E-05 0 2.785257E-05
 22 52 5.291053E-06 0 5.291053E-06
 22 53 2.051739E-05 0 2.051739E-05
 22 54 -2.998736E-05 0 -2.998736E-05
 22 55 8.955141E-06 0 8.955141E-06
 22 56 5.33243E-06 0 5.33243E-06
 22 57 2.464821E-05 0 2.464821E-05
 22 58 2.095432E-05 0 2.095432E-05
 22 59 3.765166E-06 0 3.765166E-06
 22 60 -2.163675E-05 0 -2.163675E-05
 22 61 8.144731E-06 0 8.144731E-06
 22 62 1.000521E-05 0 1.000521E-05
 22 63 6.943969E-06 0 6.943969E-06
 22 64 1.199132E-05 0 1.199132E-05
 22 65 2.371476E-05 0 2.371476E-05
 22 66 5.286261E-05 0 5.286261E-05
 22 67 -1.863163E-04 0 -1.863163E-04
 22 68 -2.309251E-04 0 -2.309251E-04
 22 69 -5.650451E-04 0 -5.650451E-04
 22 70 8.279774E-05 0 8.279774E-05
 22 71 6.749553E-05 0 6.749553E-05
 22 72 1.485142E-04 0 1.485142E-04
 22 73 4.461531E-05 0 4.461531E-05
 22 74 -8.290716E-05 0 -8.290716E-05
 22 75 1.642633E-05 0 1.642633E-05
 22 76 7.132582E-06 0 7.132582E-06
 22 77 2.258464E-06 0 2.258464E-06
 22 78 1.094108E-05 0 1.094108E-05
 22 79 4.288084E-06 0 4.288084E-06
 22 80 -4.25234E-05 0 -4.25234E-05
 22 81 8.621526E-06 0 8.621526E-06
 22 82 9.191139E-06 0 9.191139E-06
 22 83 -2.635417E-05 0 -2.635417E-05
 22 84 2.361505E-05 0 2.361505E-05
 22 85 -1.001494E-04 0 -1.001494E-04
 22 86 8.131813E-05 0 8.131813E-05
 22 87 1.452854E-04 0 1.452854E-04
 22 88 1.41202E-04 0 1.41202E-04
 22 89 1.662164E-04 0 1.662164E-04
 22 90 2.19826E-04 0 2.19826E-04
 22 91 -6.127936E-04 0 -6.127936E-04
 22 92 1.072166E-04 0 1.072166E-04
 22 93 -3.689364E-04 0 -3.689364E-04
 22 94 -7.608625E-05 0 -7.608625E-05
 22 95 -1.017968E-04 0 -1.017968E-04
 22 96 3.013579E-05 0 3.013579E-05
 22 97 -4.580366E-05 0 -4.580366E-05
 22 98 1.169824E-05 0 1.169824E-05
 22 99 2.032333E-06 0 2.032333E-06
 22 100 1.544588E-06 0 1.544588E-06
 23 25 -4.022159E-05 0 -4.022159E-05
 23 26 7.046546E-05 0 7.046546E-05
 23 27 -2.888764E-04 0 -2.888764E-04
 23 28 -8.608774E-04 0 -8.608774E-04
 23 29 -2.420475E-04 0 -2.420475E-04
 23 30 1.180013E-03 0 1.180013E-03
 23 31 9.530307E-05 0 9.530307E-05
 23 32 -9.646628E-04 0 -9.646628E-04
 23 33 9.244907E-05 0 9.244907E-05
 23 34 1.726558E-04 0 1.726558E-04
 23 35 7.378145E-04 0 7.378145E-04
 23 36 1.490398E-04 0 1.490398E-04
 23 37 -2.768439E-04 0 -2.768439E-04
 23 38 3.272599E-05 0 3.272599E-05
 23 39 -1.351701E-04 0 -1.351701E-04
 23 40 3.191519E-05 0 3.191519E-05
 23 41 -2.377196E-05 0 -2.377196E-05
 23 42 1.5303E-05 0 1.5303E-05
 23 43 1.022595E-05 0 1.022595E-05
 23 44 5.065971E-06 0 5.065971E-06
 23 45 6.950141E-06 0 6.950141E-06
 23 46 4.088781E-06 0 4.088781E-06
 23 47 -3.77859E-05 0 -3.77859E-05
 23 48 7.52038E-06 0 7.52038E-06
 23 49 8.094119E-06 0 8.094119E-06
 23 50 -2.150288E-05 0 -2.150288E-05
 23 51 3.836484E-05 0 3.836484E-05
 23 52 5.069269E-06 0 5.069269E-06
 23 53 2.719805E-05 0 2.719805E-05
 23 54 -4.348212E-05 0 -4.348212E-05
 23 55 1.286722E-05 0 1.286722E-05
 23 56 5.803747E-06 0 5.803747E-06
 23 57 2.886341E-05 0 2.886341E-05
 23 58 2.092907E-05 0 2.092907E-05
 23 59 2.868752E-06 0 2.868752E-06
 23 60 -2.674077E-05 0 -2.674077E-05
 23 61 7.515413E-06 0 7.515413E-06
 23 62 1.006873E-05 0 1.006873E-05
 23 63 7.762178E-06 0 7.762178E-06
 23 64 1.633587E-05 0 1.633587E-05
 23 65 3.472847E-05 0 3.472847E-05
 23 66 6.449406E-05 0 6.449406E-05
 23 67 -2.869638E-04 0 -2.869638E-04
 23 68 -4.665619E-04 0 -4.665619E-04
 23 69 -1.338628E-03 0 -1.338628E-03
 23 70 1.087775E-04 0 1.087775E-04
 23 71 9.992682E-05 0 9.992682E-05
 23 72 2.754328E-04 0 2.754328E-04
 23 73 8.840881E-05 0 8.840881E-05
 23 74 -1.352397E-04 0 -1.352397E-04
 23 75 2.240463E-05 0 2.240463E-05
 23 76 9.526729E-06 0 9.526729E-06
 23 77 2.330818E-06 0 2.330818E-06
 23 78 1.56578E-05 0 1.56578E-05
 23 79 4.836619E-06 0 4.836619E-06
 23 80 -7.548576E-05 0 -7.548576E-05
 23 81 1.17067E-05 0 1.17067E-05
 23 82 1.56635E-05 0 1.56635E-05
 23 83 -4.823276E-05 0 -4.823276E-05
 23 84 5.109596E-05 0 5.109596E-05
 23 85 -2.622469E-04 0 -2.622469E-04
 23 86 2.561945E-04 0 2.561945E-04
 23 87 3.398623E-04 0 3.398623E-04
 23 88 2.903809E-04 0 2.903809E-04
 23 89 3.293735E-04 0 3.293735E-04
 23 90 3.774721E-04 0 3.774721E-04
 23 91 -1.231044E-03 0 -1.231044E-03
 23 92 1.3636E-04 0 1.3636E-04
 23 93 -4.924915E-04 0 -4.924915E-04
 23 94 -1.103518E-04 0 -1.103518E-04
 23 95 -1.076533E-04 0 -1.076533E-04
 23 96 2.906431E-05 0 2.906431E-05
 23 97 -4.280048E-05 0 -4.280048E-05
 23 98 9.940147E-06 0 9.940147E-06
 23 99 1.353969E-06 0 1.353969E-06
 23 100 9.694489E-07 0 9.694489E-07
 24 25 -1.34633E-04 0 -1.34633E-04
 24 26 6.162666E-05 0 6.162666E-05
 24 27 -1.077478E-03 0 -1.077478E-03
 24 28 -3.302339E-03 0 -3.302339E-03
 24 29 -1.376189E-03 0 -1.376189E-03
 24 30 2.889707E-03 0 2.889707E-03
 24 31 -3.947807E-05 0 -3.947807E-05
 24 32 -3.440932E-03 0 -3.440932E-03
 24 33 -3.623779E-05 0 -3.623779E-05
 24 34 -5.410977E-05 0 -5.410977E-05
 24 35 2.075172E-03 0 2.075172E-03
 24 36 -8.960836E-05 0 -8.960836E-05
 24 37 -1.446399E-03 0 -1.446399E-03
 24 38 -1.276219E-05 0 -1.276219E-05
 24 39 -4.374953E-04 0 -4.374953E-04
 24 40 5.388089E-05 0 5.388089E-05
 24 41 -8.390089E-05 0 -8.390089E-05
 24 42 2.041528E-05 0 2.041528E-05
 24 43 5.607812E-06 0 5.607812E-06
 24 44 2.63196E-06 0 2.63196E-06
 24 45 7.937486E-06 0 7.937486E-06
 24 46 -8.238358E-07 0 -8.238358E-07
 24 47 -9.300629E-05 0 -9.300629E-05
 24 48 8.90918E-06 0 8.90918E-06
 24 49 7.08699E-06 0 7.08699E-06
 24 50 -7.509568E-05 0 -7.509568E-05
 24 51 4.662104E-05 0 4.662104E-05
 24 52 3.299564E-06 0 3.299564E-06
 24 53 3.544293E-05 0 3.544293E-05
 24 54 -1.43045E-04 0 -1.43045E-04
 24 55 1.035794E-05 0 1.035794E-05
 24 56 8.560077E-06 0 8.560077E-06
 24 57 4.201993E-05 0 4.201993E-05
 24 58 3.853337E-05 0 3.853337E-05
 24 59 -4.294105E-07 0 -4.294105E-07
 24 60 -8.130392E-05 0 -8.130392E-05
 24 61 3.81187E-06 0 3.81187E-06
 24 62 4.959646E-06 0 4.959646E-06
 24 63 9.136615E-06 0 9.136615E-06
 24 64 1.112197E-05 0 1.112197E-05
 24 65 2.57502E-05 0 2.57502E-05
 24 66 6.213479E-05 0 6.213479E-05
 24 67 -6.867103E-04 0 -6.867103E-04
 24 68 -1.11946E-03 0 -1.11946E-03
 24 69 -2.270492E-03 0 -2.270492E-03
 24 70 -1.570597E-04 0 -1.570597E-04
 24 71 -6.837033E-06 0 -6.837033E-06
 24 72 2.001261E-04 0 2.001261E-04
 24 73 4.695109E-05 0 4.695109E-05
 24 74 -2.570294E-04 0 -2.570294E-04
 24 75 2.456677E-05 0 2.456677E-05
 24 76 1.03425E-05 0 1.03425E-05
 24 77 -2.343876E-07 0 -2.343876E-07
 24 78 1.189233E-05 0 1.189233E-05
 24 79 -8.909312E-07 0 -8.909312E-07
 24 80 -1.444684E-04 0 -1.444684E-04
 24 81 5.476628E-06 0 5.476628E-06
 24 82 1.378789E-05 0 1.378789E-05
 24 83 -1.051189E-04 0 -1.051189E-04
 24 84 3.218686E-05 0 3.218686E-05
 24 85 -5.71709E-04 0 -5.71709E-04
 24 86 1.535974E-04 0 1.535974E-04
 24 87 3.971291E-04 0 3.971291E-04
 24 88 5.474665E-04 0 5.474665E-04
 24 89 2.703075E-04 0 2.703075E-04
 24 90 -1.537447E-04 0 -1.537447E-04
 24 91 -3.92745E-03 0 -3.92745E-03
 24 92 -2.315907E-04 0 -2.315907E-04
 24 93 -1.482443E-03 0 -1.482443E-03
 24 94 -3.851522E-04 0 -3.851522E-04
 24 95 -2.56426E-04 0 -2.56426E-04
 24 96 2.559565E-05 0 2.559565E-05
 24 97 -8.545913E-05 0 -8.545913E-05
 24 98 8.335644E-06 0 8.335644E-06
 24 99 -1.350307E-07 0 -1.350307E-07
 24 100 -9.731375E-08 0 -9.731375E-08
