 1 25 -2.879516E-05 0 -2.879516E-05
 1 26 -1.073434E-05 0 -1.073434E-05
 1 27 -9.959264E-05 0 -9.959264E-05
 1 28 -2.018717E-04 0 -2.018717E-04
 1 29 -2.406237E-04 0 -2.406237E-04
 1 30 -8.06362E-05 0 -8.06362E-05
 1 31 -2.733413E-04 0 -2.733413E-04
 1 32 -5.185089E-03 0 -5.185089E-03
 1 33 -5.313618E-04 0 -5.313618E-04
 1 34 -1.073106E-04 0 -1.073106E-04
 1 35 -5.796174E-05 0 -5.796174E-05
 1 36 -5.108644E-05 0 -5.108644E-05
 1 37 -1.632092E-04 0 -1.632092E-04
 1 38 -1.642862E-05 0 -1.642862E-05
 1 39 -1.024276E-04 0 -1.024276E-04
 1 40 -7.694803E-06 0 -7.694803E-06
 1 41 -3.715298E-05 0 -3.715298E-05
 1 42 -5.275208E-06 0 -5.275208E-06
 1 43 -4.118591E-06 0 -4.118591E-06
 1 44 -3.302055E-06 0 -3.302055E-06
 1 45 -5.702457E-06 0 -5.702457E-06
 1 46 -1.54533E-05 0 -1.54533E-05
 1 47 -1.730236E-04 0 -1.730236E-04
 1 48 -1.971876E-05 0 -1.971876E-05
 1 49 -1.193175E-05 0 -1.193175E-05
 1 50 -9.693687E-05 0 -9.693687E-05
 1 51 -3.185021E-05 0 -3.185021E-05
 1 52 -1.449443E-05 0 -1.449443E-05
 1 53 -1.29268E-05 0 -1.29268E-05
 1 54 -2.188718E-04 0 -2.188718E-04
 1 55 -4.949497E-05 0 -4.949497E-05
 1 56 -1.338759E-05 0 -1.338759E-05
 1 57 -1.437282E-05 0 -1.437282E-05
 1 58 -3.838866E-05 0 -3.838866E-05
 1 59 -2.949898E-05 0 -2.949898E-05
 1 60 -6.289693E-04 0 -6.289693E-04
 1 61 -1.501998E-04 0 -1.501998E-04
 1 62 -1.421114E-04 0 -1.421114E-04
 1 63 -1.504386E-04 0 -1.504386E-04
 1 64 -6.246726E-04 0 -6.246726E-04
 1 65 -5.201893E-04 0 -5.201893E-04
 1 66 -1.004106E-03 0 -1.004106E-03
 1 67 -1.596424E-03 0 -1.596424E-03
 1 68 -1.576872E-03 0 -1.576872E-03
 1 69 -8.212322E-04 0 -8.212322E-04
 1 70 -8.759927E-05 0 -8.759927E-05
 1 71 -1.084785E-04 0 -1.084785E-04
 1 72 -1.192636E-04 0 -1.192636E-04
 1 73 -3.139293E-04 0 -3.139293E-04
 1 74 -6.886478E-04 0 -6.886478E-04
 1 75 -7.014675E-05 0 -7.014675E-05
 1 76 -3.882532E-05 0 -3.882532E-05
 1 77 -1.589658E-05 0 -1.589658E-05
 1 78 -4.184902E-05 0 -4.184902E-05
 1 79 -1.297552E-05 0 -1.297552E-05
 1 80 -9.192055E-05 0 -9.192055E-05
 1 81 -4.778736E-06 0 -4.778736E-06
 1 82 -7.426383E-06 0 -7.426383E-06
 1 83 -7.712255E-05 0 -7.712255E-05
 1 84 -8.021357E-06 0 -8.021357E-06
 1 85 -9.077426E-05 0 -9.077426E-05
 1 86 -1.372367E-05 0 -1.372367E-05
 1 87 -5.737091E-06 0 -5.737091E-06
 1 88 -1.017425E-05 0 -1.017425E-05
 1 89 -1.331325E-05 0 -1.331325E-05
 1 90 -4.914759E-05 0 -4.914759E-05
 1 91 -6.091563E-04 0 -6.091563E-04
 1 92 -6.157454E-04 0 -6.157454E-04
 1 93 -2.875327E-03 0 -2.875327E-03
 1 94 -6.395043E-03 0 -6.395043E-03
 1 95 -1.389607E-02 0 -1.389607E-02
 1 96 -9.454402E-03 0 -9.454402E-03
 1 97 -0.116721 0 -0.116721
 1 98 -1.09863E-02 0 -1.09863E-02
 1 99 -2.864581E-03 0 -2.864581E-03
 1 100 -1.911452E-03 0 -1.911452E-03
 2 25 -9.659796E-06 0 -9.659796E-06
 2 26 5.929087E-06 0 5.929087E-06
 2 27 -3.549199E-05 0 -3.549199E-05
 2 28 -7.857537E-05 0 -7.857537E-05
 2 29 -7.207203E-05 0 -7.207203E-05
 2 30 1.899217E-04 0 1.899217E-04
 2 31 7.531939E-05 0 7.531939E-05
 2 32 -1.393571E-03 0 -1.393571E-03
 2 33 1.053824E-04 0 1.053824E-04
 2 34 2.371895E-05 0 2.371895E-05
 2 35 1.173906E-04 0 1.173906E-04
 2 36 1.415877E-05 0 1.415877E-05
 2 37 -5.078485E-05 0 -5.078485E-05
 2 38 5.29885E-06 0 5.29885E-06
 2 39 -4.215746E-05 0 -4.215746E-05
 2 40 1.110413E-05 0 1.110413E-05
 2 41 -1.329367E-05 0 -1.329367E-05
 2 42 8.400111E-06 0 8.400111E-06
 2 43 4.593664E-06 0 4.593664E-06
 2 44 3.874441E-06 0 3.874441E-06
 2 45 9.809032E-06 0 9.809032E-06
 2 46 7.470327E-06 0 7.470327E-06
 2 47 -8.779156E-05 0 -8.779156E-05
 2 48 3.931154E-05 0 3.931154E-05
 2 49 1.692391E-05 0 1.692391E-05
 2 50 -3.882224E-05 0 -3.882224E-05
 2 51 1.221492E-04 0 1.221492E-04
 2 52 1.797837E-05 0 1.797837E-05
 2 53 4.33291E-05 0 4.33291E-05
 2 54 -9.011748E-05 0 -9.011748E-05
 2 55 3.287322E-05 0 3.287322E-05
 2 56 2.04097E-05 0 2.04097E-05
 2 57 4.222258E-05 0 4.222258E-05
 2 58 5.298733E-05 0 5.298733E-05
 2 59 1.166351E-05 0 1.166351E-05
 2 60 -2.751035E-04 0 -2.751035E-04
 2 61 8.756896E-05 0 8.756896E-05
 2 62 8.893921E-05 0 8.893921E-05
 2 63 3.973292E-04 0 3.973292E-04
 2 64 6.359262E-04 0 6.359262E-04
 2 65 4.317881E-04 0 4.317881E-04
 2 66 7.542302E-04 0 7.542302E-04
 2 67 -8.591913E-04 0 -8.591913E-04
 2 68 -6.981959E-04 0 -6.981959E-04
 2 69 -3.875017E-04 0 -3.875017E-04
 2 70 1.433483E-05 0 1.433483E-05
 2 71 4.490425E-05 0 4.490425E-05
 2 72 4.736975E-04 0 4.736975E-04
 2 73 2.753509E-04 0 2.753509E-04
 2 74 -4.2885E-04 0 -4.2885E-04
 2 75 1.679273E-04 0 1.679273E-04
 2 76 8.857785E-05 0 8.857785E-05
 2 77 9.34077E-06 0 9.34077E-06
 2 78 2.917902E-05 0 2.917902E-05
 2 79 6.167154E-06 0 6.167154E-06
 2 80 -4.71815E-05 0 -4.71815E-05
 2 81 5.533251E-06 0 5.533251E-06
 2 82 1.282201E-05 0 1.282201E-05
 2 83 -3.381435E-05 0 -3.381435E-05
 2 84 9.793592E-06 0 9.793592E-06
 2 85 -3.578645E-05 0 -3.578645E-05
 2 86 7.607379E-06 0 7.607379E-06
 2 87 1.606904E-05 0 1.606904E-05
 2 88 1.319654E-05 0 1.319654E-05
 2 89 1.197561E-05 0 1.197561E-05
 2 90 1.564734E-05 0 1.564734E-05
 2 91 -2.482981E-04 0 -2.482981E-04
 2 92 6.672326E-06 0 6.672326E-06
 2 93 -1.192762E-03 0 -1.192762E-03
 2 94 -2.39823E-03 0 -2.39823E-03
 2 95 -7.940011E-03 0 -7.940011E-03
 2 96 1.090933E-02 0 1.090933E-02
 2 97 -0.118678 0 -0.118678
 2 98 1.29769E-02 0 1.29769E-02
 2 99 4.154229E-03 0 4.154229E-03
 2 100 1.529445E-03 0 1.529445E-03
 3 25 -9.467666E-06 0 -9.467666E-06
 3 26 1.772325E-05 0 1.772325E-05
 3 27 -4.857859E-05 0 -4.857859E-05
 3 28 -1.047809E-04 0 -1.047809E-04
 3 29 -5.827037E-05 0 -5.827037E-05
 3 30 -2.80438E-02 -2.819647E-02 1.526694E-04
 3 31 2.263514E-04 0 2.263514E-04
 3 32 -2.239189E-03 0 -2.239189E-03
 3 33 2.72641E-04 0 2.72641E-04
 3 34 1.214734E-04 0 1.214734E-04
 3 35 -1.962652E-02 -1.970313E-02 7.660997E-05
 3 36 3.928202E-05 0 3.928202E-05
 3 37 -6.121025E-05 0 -6.121025E-05
 3 38 1.373189E-05 0 1.373189E-05
 3 39 -5.203163E-05 0 -5.203163E-05
 3 40 6.385981E-03 6.359324E-03 2.665678E-05
 3 41 -9.259478E-06 0 -9.259478E-06
 3 42 5.33494E-03 5.314405E-03 2.053497E-05
 3 43 1.012231E-05 0 1.012231E-05
 3 44 8.150974E-06 0 8.150974E-06
 3 45 6.919068E-03 6.895386E-03 2.368147E-05
 3 46 2.040875E-05 0 2.040875E-05
 3 47 -1.180909E-04 0 -1.180909E-04
 3 48 1.603598E-02 1.59432E-02 9.278154E-05
 3 49 2.965646E-05 0 2.965646E-05
 3 50 -2.706131E-05 0 -2.706131E-05
 3 51 -1.965285E-02 -1.972965E-02 7.680093E-05
 3 52 3.17006E-05 0 3.17006E-05
 3 53 -1.019955E-02 -1.022417E-02 2.462274E-05
 3 54 -9.814066E-05 0 -9.814066E-05
 3 55 7.401811E-05 0 7.401811E-05
 3 56 9.331868E-03 9.294324E-03 3.754395E-05
 3 57 -9.453038E-03 -9.474828E-03 2.178943E-05
 3 58 1.474812E-02 1.46466E-02 1.015171E-04
 3 59 4.000159E-05 0 4.000159E-05
 3 60 -2.42E-04 0 -2.42E-04
 3 61 2.21094E-04 0 2.21094E-04
 3 62 2.715161E-04 0 2.715161E-04
 3 63 4.770032E-02 4.690261E-02 7.977084E-04
 3 64 1.393921E-03 0 1.393921E-03
 3 65 1.272518E-03 0 1.272518E-03
 3 66 -7.775521E-02 -7.775887E-02 3.663645E-06
 3 67 -1.706005E-03 0 -1.706005E-03
 3 68 -1.714092E-03 0 -1.714092E-03
 3 69 -8.311059E-04 0 -8.311059E-04
 3 70 1.518111E-04 0 1.518111E-04
 3 71 4.966404E-04 0 4.966404E-04
 3 72 -5.499678E-02 -5.566049E-02 6.637076E-04
 3 73 1.628101E-03 0 1.628101E-03
 3 74 -8.265724E-04 0 -8.265724E-04
 3 75 3.595511E-02 3.540553E-02 5.495715E-04
 3 76 2.659698E-02 2.635965E-02 2.373283E-04
 3 77 4.829965E-05 0 4.829965E-05
 3 78 -1.465861E-02 -1.465872E-02 1.107158E-07
 3 79 1.797458E-05 0 1.797458E-05
 3 80 -6.909032E-05 0 -6.909032E-05
 3 81 1.316422E-05 0 1.316422E-05
 3 82 9.362614E-03 9.324874E-03 3.774019E-05
 3 83 -4.589634E-05 0 -4.589634E-05
 3 84 2.305914E-05 0 2.305914E-05
 3 85 -5.621189E-05 0 -5.621189E-05
 3 86 2.693893E-05 0 2.693893E-05
 3 87 -6.425786E-03 -6.437819E-03 1.203319E-05
 3 88 7.918339E-03 7.881498E-03 3.684099E-05
 3 89 3.140986E-05 0 3.140986E-05
 3 90 5.444695E-05 0 5.444695E-05
 3 91 -4.474459E-04 0 -4.474459E-04
 3 92 -2.555177E-02 -2.567309E-02 1.213178E-04
 3 93 -2.159889E-03 0 -2.159889E-03
 3 94 -2.772068E-03 0 -2.772068E-03
 3 95 -1.01321E-02 0 -1.01321E-02
 3 96 -0.170506 -0.170537 3.057979E-05
 3 97 -5.423666E-02 0 -5.423666E-02
 3 98 -0.114031 -0.114041 9.982705E-06
 3 99 3.176995E-03 0 3.176995E-03
 3 100 1.071212E-03 0 1.071212E-03
 4 25 -7.296774E-06 0 -7.296774E-06
 4 26 2.914504E-05 0 2.914504E-05
 4 27 -8.34737E-05 0 -8.34737E-05
 4 28 -2.081339E-04 0 -2.081339E-04
 4 29 -7.716643E-05 0 -7.716643E-05
 4 30 -4.86327E-02 -4.917319E-02 5.40492E-04
 4 31 6.917583E-04 0 6.917583E-04
 4 32 -8.213605E-03 0 -8.213605E-03
 4 33 7.596163E-04 0 7.596163E-04
 4 34 2.001159E-04 0 2.001159E-04
 4 35 -3.346921E-02 -3.370712E-02 2.379038E-04
 4 36 7.972473E-05 0 7.972473E-05
 4 37 -1.1994E-04 0 -1.1994E-04
 4 38 2.374226E-05 0 2.374226E-05
 4 39 -8.767081E-05 0 -8.767081E-05
 4 40 1.019606E-02 1.01528E-02 4.325192E-05
 4 41 -8.366411E-06 0 -8.366411E-06
 4 42 7.997053E-03 7.96755E-03 2.950295E-05
 4 43 1.225995E-05 0 1.225995E-05
 4 44 9.326413E-06 0 9.326413E-06
 4 45 1.00402E-02 1.000961E-02 3.058962E-05
 4 46 2.842134E-05 0 2.842134E-05
 4 47 -1.943723E-04 0 -1.943723E-04
 4 48 2.383081E-02 2.369131E-02 1.39505E-04
 4 49 4.012722E-05 0 4.012722E-05
 4 50 -2.805911E-05 0 -2.805911E-05
 4 51 -3.174438E-02 -3.195744E-02 2.130618E-04
 4 52 4.910269E-05 0 4.910269E-05
 4 53 -1.65436E-02 -1.660437E-02 6.07644E-05
 4 54 -2.013115E-04 0 -2.013115E-04
 4 55 1.540783E-04 0 1.540783E-04
 4 56 1.519728E-02 1.513601E-02 6.127173E-05
 4 57 -1.576849E-02 -1.582427E-02 5.578635E-05
 4 58 2.524133E-02 2.502694E-02 2.143824E-04
 4 59 5.595852E-05 0 5.595852E-05
 4 60 -5.577908E-04 0 -5.577908E-04
 4 61 4.821436E-04 0 4.821436E-04
 4 62 6.007813E-04 0 6.007813E-04
 4 63 7.336002E-02 7.178359E-02 1.576432E-03
 4 64 4.260008E-03 0 4.260008E-03
 4 65 4.848173E-03 0 4.848173E-03
 4 66 -0.140423 -0.140131 -2.925324E-04
 4 67 -4.890038E-03 0 -4.890038E-03
 4 68 -4.425487E-03 0 -4.425487E-03
 4 69 -1.606734E-03 0 -1.606734E-03
 4 70 1.749327E-04 0 1.749327E-04
 4 71 4.649474E-04 0 4.649474E-04
 4 72 -7.044233E-02 -7.176626E-02 1.323933E-03
 4 73 3.306065E-03 0 3.306065E-03
 4 74 -1.426022E-03 0 -1.426022E-03
 4 75 4.934828E-02 4.84885E-02 8.597772E-04
 4 76 3.769024E-02 3.733961E-02 3.506354E-04
 4 77 4.487865E-05 0 4.487865E-05
 4 78 -1.95479E-02 -1.954484E-02 -3.058281E-06
 4 79 2.298035E-05 0 2.298035E-05
 4 80 -9.170371E-05 0 -9.170371E-05
 4 81 1.46378E-05 0 1.46378E-05
 4 82 1.211603E-02 1.207441E-02 4.161854E-05
 4 83 -6.207928E-05 0 -6.207928E-05
 4 84 2.493004E-05 0 2.493004E-05
 4 85 -7.967782E-05 0 -7.967782E-05
 4 86 3.947667E-05 0 3.947667E-05
 4 87 -9.540113E-03 -9.564055E-03 2.394194E-05
 4 88 1.222383E-02 1.216558E-02 5.824123E-05
 4 89 4.591508E-05 0 4.591508E-05
 4 90 1.021588E-04 0 1.021588E-04
 4 91 -9.75194E-04 0 -9.75194E-04
 4 92 -4.510947E-02 -4.49386E-02 -1.708705E-04
 4 93 -8.400272E-03 0 -8.400272E-03
 4 94 -1.115182E-02 0 -1.115182E-02
 4 95 -5.925658E-02 0 -5.925658E-02
 4 96 -0.326286 -0.324487 -1.799261E-03
 4 97 -0.107339 0 -0.107339
 4 98 -0.147945 -0.147606 -3.387456E-04
 4 99 1.887436E-03 0 1.887436E-03
 4 100 5.953345E-04 0 5.953345E-04
 5 25 -2.589623E-05 0 -2.589623E-05
 5 26 5.033629E-05 0 5.033629E-05
 5 27 -1.584731E-04 0 -1.584731E-04
 5 28 -3.397591E-04 0 -3.397591E-04
 5 29 -2.158273E-04 0 -2.158273E-04
 5 30 -5.084237E-02 -5.139436E-02 5.519918E-04
 5 31 7.359017E-04 0 7.359017E-04
 5 32 -7.003849E-03 0 -7.003849E-03
 5 33 5.242063E-04 0 5.242063E-04
 5 34 2.633047E-04 0 2.633047E-04
 5 35 -3.028992E-02 -3.046842E-02 1.785019E-04
 5 36 1.059178E-04 0 1.059178E-04
 5 37 -1.609009E-04 0 -1.609009E-04
 5 38 3.626043E-05 0 3.626043E-05
 5 39 -1.485611E-04 0 -1.485611E-04
 5 40 1.211515E-02 1.204244E-02 7.270464E-05
 5 41 -2.71101E-05 0 -2.71101E-05
 5 42 1.047413E-02 1.041688E-02 5.725297E-05
 5 43 3.035725E-05 0 3.035725E-05
 5 44 2.289447E-05 0 2.289447E-05
 5 45 1.351522E-02 1.344623E-02 6.898938E-05
 5 46 6.772707E-05 0 6.772707E-05
 5 47 -4.711686E-04 0 -4.711686E-04
 5 48 3.037384E-02 3.00651E-02 3.087406E-04
 5 49 8.772927E-05 0 8.772927E-05
 5 50 -9.133961E-05 0 -9.133961E-05
 5 51 -3.644954E-02 -3.671248E-02 2.629366E-04
 5 52 8.495745E-05 0 8.495745E-05
 5 53 -1.788163E-02 -1.794619E-02 6.455925E-05
 5 54 -2.785449E-04 0 -2.785449E-04
 5 55 1.779637E-04 0 1.779637E-04
 5 56 1.469797E-02 1.461829E-02 7.968122E-05
 5 57 -1.498738E-02 -1.503448E-02 4.709886E-05
 5 58 2.265074E-02 2.243031E-02 2.204362E-04
 5 59 7.840689E-05 0 7.840689E-05
 5 60 -5.345067E-04 0 -5.345067E-04
 5 61 5.090717E-04 0 5.090717E-04
 5 62 8.610142E-04 0 8.610142E-04
 5 63 7.832436E-02 7.58285E-02 2.495861E-03
 5 64 3.925685E-03 0 3.925685E-03
 5 65 5.723932E-03 0 5.723932E-03
 5 66 -0.174904 -0.174937 3.284031E-05
 5 67 -1.578086E-02 0 -1.578086E-02
 5 68 -2.086326E-02 0 -2.086326E-02
 5 69 -6.258002E-03 0 -6.258002E-03
 5 70 8.860374E-04 0 8.860374E-04
 5 71 3.969888E-03 0 3.969888E-03
 5 72 -0.129063 -0.135639 6.575831E-03
 5 73 2.234422E-02 0 2.234422E-02
 5 74 -6.403296E-03 0 -6.403296E-03
 5 75 7.896691E-02 7.580314E-02 3.163779E-03
 5 76 5.301536E-02 5.200667E-02 1.008686E-03
 5 77 1.699632E-04 0 1.699632E-04
 5 78 -2.950944E-02 -2.950985E-02 4.109967E-07
 5 79 6.105144E-05 0 6.105144E-05
 5 80 -2.54116E-04 0 -2.54116E-04
 5 81 4.216855E-05 0 4.216855E-05
 5 82 1.91971E-02 1.906895E-02 1.281472E-04
 5 83 -1.85794E-04 0 -1.85794E-04
 5 84 7.982657E-05 0 7.982657E-05
 5 85 -2.122771E-04 0 -2.122771E-04
 5 86 8.832618E-05 0 8.832618E-05
 5 87 -1.276573E-02 -1.280144E-02 3.571796E-05
 5 88 1.548647E-02 1.537595E-02 1.105184E-04
 5 89 1.119735E-04 0 1.119735E-04
 5 90 2.154714E-04 0 2.154714E-04
 5 91 -2.410002E-03 0 -2.410002E-03
 5 92 -5.457793E-02 -5.541004E-02 8.321054E-04
 5 93 -1.36076E-02 0 -1.36076E-02
 5 94 -2.184442E-02 0 -2.184442E-02
 5 95 -3.656149E-02 0 -3.656149E-02
 5 96 -0.234195 -0.234266 7.106832E-05
 5 97 -3.476377E-02 0 -3.476377E-02
 5 98 -9.068266E-02 -9.068809E-02 5.428586E-06
 5 99 1.197144E-03 0 1.197144E-03
 5 100 3.6848E-04 0 3.6848E-04
 6 25 -1.750454E-05 0 -1.750454E-05
 6 26 3.344505E-05 0 3.344505E-05
 6 27 -1.019706E-04 0 -1.019706E-04
 6 28 -2.203636E-04 0 -2.203636E-04
 6 29 -1.187264E-04 0 -1.187264E-04
 6 30 -4.099291E-02 -4.133217E-02 3.392528E-04
 6 31 3.945736E-04 0 3.945736E-04
 6 32 -4.2447E-03 0 -4.2447E-03
 6 33 3.738928E-04 0 3.738928E-04
 6 34 2.104101E-04 0 2.104101E-04
 6 35 -2.538446E-02 -2.550969E-02 1.252344E-04
 6 36 7.318349E-05 0 7.318349E-05
 6 37 -1.014486E-04 0 -1.014486E-04
 6 38 2.328745E-05 0 2.328745E-05
 6 39 -8.60436E-05 0 -8.60436E-05
 6 40 8.852475E-03 8.808678E-03 4.379697E-05
 6 41 -1.544487E-05 0 -1.544487E-05
 6 42 7.566226E-03 7.531859E-03 3.436702E-05
 6 43 1.882832E-05 0 1.882832E-05
 6 44 1.37739E-05 0 1.37739E-05
 6 45 9.28897E-03 9.251699E-03 3.727098E-05
 6 46 3.276999E-05 0 3.276999E-05
 6 47 -1.955181E-04 0 -1.955181E-04
 6 48 1.861474E-02 1.849359E-02 1.211526E-04
 6 49 3.957969E-05 0 3.957969E-05
 6 50 -4.036998E-05 0 -4.036998E-05
 6 51 -2.23627E-02 -2.246066E-02 9.795934E-05
 6 52 3.560456E-05 0 3.560456E-05
 6 53 -1.156212E-02 -1.159237E-02 3.024798E-05
 6 54 -1.20625E-04 0 -1.20625E-04
 6 55 7.345109E-05 0 7.345109E-05
 6 56 9.390437E-03 9.352519E-03 3.791821E-05
 6 57 -1.002295E-02 -1.004689E-02 2.393677E-05
 6 58 1.505789E-02 1.495265E-02 1.052434E-04
 6 59 3.463086E-05 0 3.463086E-05
 6 60 -1.957535E-04 0 -1.957535E-04
 6 61 1.641534E-04 0 1.641534E-04
 6 62 2.511443E-04 0 2.511443E-04
 6 63 4.135395E-02 4.076864E-02 5.853104E-04
 6 64 8.373118E-04 0 8.373118E-04
 6 65 1.237259E-03 0 1.237259E-03
 6 66 -9.29307E-02 -9.293648E-02 5.786226E-06
 6 67 -4.469818E-03 0 -4.469818E-03
 6 68 -8.427245E-03 0 -8.427245E-03
 6 69 -4.212556E-03 0 -4.212556E-03
 6 70 8.586556E-04 0 8.586556E-04
 6 71 4.643679E-03 0 4.643679E-03
 6 72 -0.11059 -0.11473 4.140446E-03
 6 73 6.897624E-03 0 6.897624E-03
 6 74 -2.21913E-03 0 -2.21913E-03
 6 75 4.833575E-02 4.730356E-02 1.032191E-03
 6 76 3.167902E-02 3.134293E-02 3.360836E-04
 6 77 7.051488E-05 0 7.051488E-05
 6 78 -2.02349E-02 -2.02351E-02 1.977519E-07
 6 79 3.326822E-05 0 3.326822E-05
 6 80 -1.471563E-04 0 -1.471563E-04
 6 81 2.788203E-05 0 2.788203E-05
 6 82 1.536266E-02 1.52766E-02 8.605397E-05
 6 83 -1.245666E-04 0 -1.245666E-04
 6 84 5.999948E-05 0 5.999948E-05
 6 85 -1.54119E-04 0 -1.54119E-04
 6 86 7.174702E-05 0 7.174702E-05
 6 87 -1.098909E-02 -1.10169E-02 2.780997E-05
 6 88 1.317246E-02 1.308879E-02 8.366812E-05
 6 89 8.520227E-05 0 8.520227E-05
 6 90 1.567955E-04 0 1.567955E-04
 6 91 -1.368429E-03 0 -1.368429E-03
 6 92 -4.296561E-02 -4.340114E-02 4.3553E-04
 6 93 -4.713937E-03 0 -4.713937E-03
 6 94 -4.595952E-03 0 -4.595952E-03
 6 95 -6.916962E-03 0 -6.916962E-03
 6 96 -0.115844 -0.115854 1.042032E-05
 6 97 -7.829545E-03 0 -7.829545E-03
 6 98 -5.612329E-02 -5.612495E-02 1.66195E-06
 6 99 4.229232E-04 0 4.229232E-04
 6 100 1.72597E-04 0 1.72597E-04
 7 25 -1.849365E-05 0 -1.849365E-05
 7 26 3.883457E-05 0 3.883457E-05
 7 27 -1.248441E-04 0 -1.248441E-04
 7 28 -3.187062E-04 0 -3.187062E-04
 7 29 -1.863898E-04 0 -1.863898E-04
 7 30 -5.606803E-02 -5.676287E-02 6.948453E-04
 7 31 9.990152E-04 0 9.990152E-04
 7 32 -1.684126E-02 0 -1.684126E-02
 7 33 1.374504E-03 0 1.374504E-03
 7 34 6.32413E-04 0 6.32413E-04
 7 35 -3.813597E-02 -3.842577E-02 2.897942E-04
 7 36 1.405835E-04 0 1.405835E-04
 7 37 -1.668372E-04 0 -1.668372E-04
 7 38 3.331527E-05 0 3.331527E-05
 7 39 -1.099578E-04 0 -1.099578E-04
 7 40 9.694909E-03 9.644343E-03 5.056597E-05
 7 41 -1.598433E-05 0 -1.598433E-05
 7 42 7.332492E-03 7.299723E-03 3.276912E-05
 7 43 1.664209E-05 0 1.664209E-05
 7 44 1.145462E-05 0 1.145462E-05
 7 45 8.386437E-03 8.354685E-03 3.175255E-05
 7 46 2.568786E-05 0 2.568786E-05
 7 47 -1.571749E-04 0 -1.571749E-04
 7 48 1.671177E-02 1.661196E-02 9.981315E-05
 7 49 3.6271E-05 0 3.6271E-05
 7 50 -4.035E-05 0 -4.035E-05
 7 51 -2.259544E-02 -2.269535E-02 9.991883E-05
 7 52 3.68662E-05 0 3.68662E-05
 7 53 -1.250855E-02 -1.254306E-02 3.450895E-05
 7 54 -1.522217E-04 0 -1.522217E-04
 7 55 9.050149E-05 0 9.050149E-05
 7 56 1.07369E-02 1.068987E-02 4.702877E-05
 7 57 -1.214741E-02 -1.218026E-02 3.284828E-05
 7 58 1.906134E-02 1.890124E-02 1.600956E-04
 7 59 4.876371E-05 0 4.876371E-05
 7 60 -2.679192E-04 0 -2.679192E-04
 7 61 1.856242E-04 0 1.856242E-04
 7 62 2.463599E-04 0 2.463599E-04
 7 63 3.814583E-02 3.765265E-02 4.931808E-04
 7 64 8.901729E-04 0 8.901729E-04
 7 65 1.500979E-03 0 1.500979E-03
 7 66 -9.111636E-02 -9.112185E-02 5.496351E-06
 7 67 -4.499865E-03 0 -4.499865E-03
 7 68 -7.214129E-03 0 -7.214129E-03
 7 69 -3.530657E-03 0 -3.530657E-03
 7 70 6.016411E-04 0 6.016411E-04
 7 71 2.291439E-03 0 2.291439E-03
 7 72 -8.056629E-02 -8.228884E-02 1.722549E-03
 7 73 3.184869E-03 0 3.184869E-03
 7 74 -1.354381E-03 0 -1.354381E-03
 7 75 3.671243E-02 3.613858E-02 5.738517E-04
 7 76 2.586116E-02 2.563646E-02 2.247026E-04
 7 77 4.537527E-05 0 4.537527E-05
 7 78 -1.589875E-02 -1.589888E-02 1.27668E-07
 7 79 2.412202E-05 0 2.412202E-05
 7 80 -1.151219E-04 0 -1.151219E-04
 7 81 2.141018E-05 0 2.141018E-05
 7 82 1.222552E-02 1.216726E-02 5.82547E-05
 7 83 -8.59542E-05 0 -8.59542E-05
 7 84 4.684242E-05 0 4.684242E-05
 7 85 -1.35446E-04 0 -1.35446E-04
 7 86 7.103106E-05 0 7.103106E-05
 7 87 -1.150811E-02 -1.153812E-02 3.001364E-05
 7 88 1.479048E-02 1.468846E-02 1.020224E-04
 7 89 1.029497E-04 0 1.029497E-04
 7 90 2.24051E-04 0 2.24051E-04
 7 91 -1.850362E-03 0 -1.850362E-03
 7 92 -5.321597E-02 -5.39916E-02 7.756302E-04
 7 93 -9.128552E-03 0 -9.128552E-03
 7 94 -9.207763E-03 0 -9.207763E-03
 7 95 -1.205355E-02 0 -1.205355E-02
 7 96 -0.12057 -0.120582 1.162348E-05
 7 97 -1.064127E-02 0 -1.064127E-02
 7 98 -6.001914E-02 -6.002108E-02 1.946399E-06
 7 99 3.807126E-04 0 3.807126E-04
 7 100 1.845257E-04 0 1.845257E-04
 8 25 -3.254135E-04 0 -3.254135E-04
 8 26 -2.301107E-04 0 -2.301107E-04
 8 27 -1.96664E-03 0 -1.96664E-03
 8 28 -4.378366E-03 0 -4.378366E-03
 8 29 -8.581002E-03 0 -8.581002E-03
 8 30 -7.681653E-03 0 -7.681653E-03
 8 31 -1.848577E-02 0 -1.848577E-02
 8 32 -0.292348 0 -0.292348
 8 33 -1.395915E-02 0 -1.395915E-02
 8 34 -3.223816E-03 0 -3.223816E-03
 8 35 -2.005599E-03 0 -2.005599E-03
 8 36 -1.806734E-03 0 -1.806734E-03
 8 37 -2.458668E-03 0 -2.458668E-03
 8 38 -3.838862E-04 0 -3.838862E-04
 8 39 -1.301885E-03 0 -1.301885E-03
 8 40 -1.380239E-04 0 -1.380239E-04
 8 41 -4.827148E-04 0 -4.827148E-04
 8 42 -8.39211E-05 0 -8.39211E-05
 8 43 -9.394479E-05 0 -9.394479E-05
 8 44 -6.033106E-05 0 -6.033106E-05
 8 45 -7.608023E-05 0 -7.608023E-05
 8 46 -2.844004E-04 0 -2.844004E-04
 8 47 -2.47356E-03 0 -2.47356E-03
 8 48 -2.673864E-04 0 -2.673864E-04
 8 49 -1.989448E-04 0 -1.989448E-04
 8 50 -1.386759E-03 0 -1.386759E-03
 8 51 -7.838098E-04 0 -7.838098E-04
 8 52 -2.181069E-04 0 -2.181069E-04
 8 53 -2.278569E-04 0 -2.278569E-04
 8 54 -2.304291E-03 0 -2.304291E-03
 8 55 -5.246653E-04 0 -5.246653E-04
 8 56 -1.065735E-04 0 -1.065735E-04
 8 57 -1.977697E-04 0 -1.977697E-04
 8 58 -4.224318E-04 0 -4.224318E-04
 8 59 -2.225263E-04 0 -2.225263E-04
 8 60 -3.500999E-03 0 -3.500999E-03
 8 61 -9.49406E-04 0 -9.49406E-04
 8 62 -1.48053E-03 0 -1.48053E-03
 8 63 -1.280847E-03 0 -1.280847E-03
 8 64 -5.440202E-03 0 -5.440202E-03
 8 65 -1.37694E-02 0 -1.37694E-02
 8 66 -5.767569E-02 0 -5.767569E-02
 8 67 -0.134883 0 -0.134883
 8 68 -0.297641 0 -0.297641
 8 69 -7.823348E-02 0 -7.823348E-02
 8 70 -7.989171E-03 0 -7.989171E-03
 8 71 -1.619153E-02 0 -1.619153E-02
 8 72 -1.691366E-02 0 -1.691366E-02
 8 73 -3.70904E-02 0 -3.70904E-02
 8 74 -2.384669E-02 0 -2.384669E-02
 8 75 -1.903837E-03 0 -1.903837E-03
 8 76 -6.370293E-04 0 -6.370293E-04
 8 77 -2.239474E-04 0 -2.239474E-04
 8 78 -5.86845E-04 0 -5.86845E-04
 8 79 -2.573924E-04 0 -2.573924E-04
 8 80 -1.3187E-03 0 -1.3187E-03
 8 81 -1.174655E-04 0 -1.174655E-04
 8 82 -1.347337E-04 0 -1.347337E-04
 8 83 -1.635049E-03 0 -1.635049E-03
 8 84 -2.46185E-04 0 -2.46185E-04
 8 85 -1.999919E-03 0 -1.999919E-03
 8 86 -4.20298E-04 0 -4.20298E-04
 8 87 -1.919178E-04 0 -1.919178E-04
 8 88 -2.916964E-04 0 -2.916964E-04
 8 89 -7.450268E-04 0 -7.450268E-04
 8 90 -3.694734E-03 0 -3.694734E-03
 8 91 -4.214667E-02 0 -4.214667E-02
 8 92 -0.130337 0 -0.130337
 8 93 -0.289491 0 -0.289491
 8 94 -0.213336 0 -0.213336
 8 95 -0.183736 0 -0.183736
 8 96 -4.80694E-02 0 -4.80694E-02
 8 97 -5.356677E-02 0 -5.356677E-02
 8 98 -3.993526E-03 0 -3.993526E-03
 8 99 -7.234939E-04 0 -7.234939E-04
 8 100 -3.189828E-04 0 -3.189828E-04
 9 25 -3.11742E-04 0 -3.11742E-04
 9 26 -1.770357E-04 0 -1.770357E-04
 9 27 -1.673678E-03 0 -1.673678E-03
 9 28 -3.211446E-03 0 -3.211446E-03
 9 29 -4.76369E-03 0 -4.76369E-03
 9 30 -2.600341E-03 0 -2.600341E-03
 9 31 -4.75899E-03 0 -4.75899E-03
 9 32 -5.465072E-02 0 -5.465072E-02
 9 33 -3.050283E-03 0 -3.050283E-03
 9 34 -1.000248E-03 0 -1.000248E-03
 9 35 -6.198689E-04 0 -6.198689E-04
 9 36 -9.020067E-04 0 -9.020067E-04
 9 37 -1.367022E-03 0 -1.367022E-03
 9 38 -2.412105E-04 0 -2.412105E-04
 9 39 -9.226652E-04 0 -9.226652E-04
 9 40 -8.975643E-05 0 -8.975643E-05
 9 41 -3.980368E-04 0 -3.980368E-04
 9 42 -6.479767E-05 0 -6.479767E-05
 9 43 -8.261429E-05 0 -8.261429E-05
 9 44 -5.200084E-05 0 -5.200084E-05
 9 45 -6.1618E-05 0 -6.1618E-05
 9 46 -2.477878E-04 0 -2.477878E-04
 9 47 -2.04677E-03 0 -2.04677E-03
 9 48 -1.698063E-04 0 -1.698063E-04
 9 49 -1.051971E-04 0 -1.051971E-04
 9 50 -9.467182E-04 0 -9.467182E-04
 9 51 -3.295201E-04 0 -3.295201E-04
 9 52 -1.063901E-04 0 -1.063901E-04
 9 53 -9.997944E-05 0 -9.997944E-05
 9 54 -1.14325E-03 0 -1.14325E-03
 9 55 -2.147854E-04 0 -2.147854E-04
 9 56 -4.861093E-05 0 -4.861093E-05
 9 57 -7.40412E-05 0 -7.40412E-05
 9 58 -1.499015E-04 0 -1.499015E-04
 9 59 -8.155072E-05 0 -8.155072E-05
 9 60 -1.266423E-03 0 -1.266423E-03
 9 61 -3.2464E-04 0 -3.2464E-04
 9 62 -5.734878E-04 0 -5.734878E-04
 9 63 -4.902366E-04 0 -4.902366E-04
 9 64 -1.472439E-03 0 -1.472439E-03
 9 65 -3.418891E-03 0 -3.418891E-03
 9 66 -1.722398E-02 0 -1.722398E-02
 9 67 -7.740217E-02 0 -7.740217E-02
 9 68 -0.333217 0 -0.333217
 9 69 -0.170161 0 -0.170161
 9 70 -2.777943E-02 0 -2.777943E-02
 9 71 -9.757244E-02 0 -9.757244E-02
 9 72 -4.124835E-02 0 -4.124835E-02
 9 73 -5.022622E-02 0 -5.022622E-02
 9 74 -2.837484E-02 0 -2.837484E-02
 9 75 -1.608506E-03 0 -1.608506E-03
 9 76 -4.472864E-04 0 -4.472864E-04
 9 77 -1.859108E-04 0 -1.859108E-04
 9 78 -5.573355E-04 0 -5.573355E-04
 9 79 -2.71386E-04 0 -2.71386E-04
 9 80 -1.616094E-03 0 -1.616094E-03
 9 81 -1.266719E-04 0 -1.266719E-04
 9 82 -1.73403E-04 0 -1.73403E-04
 9 83 -2.554509E-03 0 -2.554509E-03
 9 84 -2.773185E-04 0 -2.773185E-04
 9 85 -2.865818E-03 0 -2.865818E-03
 9 86 -5.10099E-04 0 -5.10099E-04
 9 87 -1.651978E-04 0 -1.651978E-04
 9 88 -2.472744E-04 0 -2.472744E-04
 9 89 -7.079368E-04 0 -7.079368E-04
 9 90 -3.298576E-03 0 -3.298576E-03
 9 91 -3.563009E-02 0 -3.563009E-02
 9 92 -6.41799E-02 0 -6.41799E-02
 9 93 -7.734562E-02 0 -7.734562E-02
 9 94 -0.107723 0 -0.107723
 9 95 -2.935259E-02 0 -2.935259E-02
 9 96 -8.118089E-03 0 -8.118089E-03
 9 97 -1.129728E-02 0 -1.129728E-02
 9 98 -9.886852E-04 0 -9.886852E-04
 9 99 -2.363348E-04 0 -2.363348E-04
 9 100 -1.082634E-04 0 -1.082634E-04
 10 25 -5.307601E-05 0 -5.307601E-05
 10 26 4.559685E-05 0 4.559685E-05
 10 27 -3.831946E-04 0 -3.831946E-04
 10 28 -9.362556E-04 0 -9.362556E-04
 10 29 -6.854741E-04 0 -6.854741E-04
 10 30 6.990094E-02 6.511191E-02 4.789028E-03
 10 31 8.333242E-04 0 8.333242E-04
 10 32 -2.021998E-02 0 -2.021998E-02
 10 33 8.700896E-04 0 8.700896E-04
 10 34 5.384883E-04 0 5.384883E-04
 10 35 4.1921E-02 4.032045E-02 1.60055E-03
 10 36 1.921524E-04 0 1.921524E-04
 10 37 -3.854299E-04 0 -3.854299E-04
 10 38 4.330986E-05 0 4.330986E-05
 10 39 -2.484693E-04 0 -2.484693E-04
 10 40 -1.107744E-02 -1.107751E-02 6.894323E-08
 10 41 -5.536866E-05 0 -5.536866E-05
 10 42 -8.512309E-03 -8.512354E-03 4.520947E-08
 10 43 2.753962E-05 0 2.753962E-05
 10 44 1.708835E-05 0 1.708835E-05
 10 45 -8.995112E-03 -8.994299E-03 -8.129375E-07
 10 46 2.701632E-05 0 2.701632E-05
 10 47 -2.945333E-04 0 -2.945333E-04
 10 48 -1.47919E-02 -1.479005E-02 -1.85459E-06
 10 49 3.835277E-05 0 3.835277E-05
 10 50 -1.085967E-04 0 -1.085967E-04
 10 51 1.999458E-02 1.961606E-02 3.785261E-04
 10 52 3.290234E-05 0 3.290234E-05
 10 53 1.148423E-02 1.133894E-02 1.452848E-04
 10 54 -2.266008E-04 0 -2.266008E-04
 10 55 4.610238E-05 0 4.610238E-05
 10 56 -8.732904E-03 -8.732128E-03 -7.759633E-07
 10 57 1.060554E-02 1.047789E-02 1.276496E-04
 10 58 -1.533193E-02 -1.533205E-02 1.197557E-07
 10 59 2.223391E-05 0 2.223391E-05
 10 60 -2.567979E-04 0 -2.567979E-04
 10 61 7.099211E-05 0 7.099211E-05
 10 62 1.060509E-04 0 1.060509E-04
 10 63 -2.483376E-02 -2.482894E-02 -4.813736E-06
 10 64 2.306211E-04 0 2.306211E-04
 10 65 4.770387E-04 0 4.770387E-04
 10 66 7.06868E-02 6.817434E-02 2.51246E-03
 10 67 -7.603346E-03 0 -7.603346E-03
 10 68 -2.230116E-02 0 -2.230116E-02
 10 69 -1.952359E-02 0 -1.952359E-02
 10 70 2.182916E-03 0 2.182916E-03
 10 71 9.12209E-03 0 9.12209E-03
 10 72 0.128582 0.110233 1.834896E-02
 10 73 2.789841E-03 0 2.789841E-03
 10 74 -2.809018E-03 0 -2.809018E-03
 10 75 -3.378288E-02 -3.378342E-02 5.423627E-07
 10 76 -2.241504E-02 -2.241108E-02 -3.952679E-06
 10 77 3.10065E-05 0 3.10065E-05
 10 78 1.682415E-02 1.669157E-02 1.325738E-04
 10 79 2.964081E-05 0 2.964081E-05
 10 80 -3.110314E-04 0 -3.110314E-04
 10 81 3.951201E-05 0 3.951201E-05
 10 82 -1.592801E-02 -1.592589E-02 -2.111946E-06
 10 83 -3.741307E-04 0 -3.741307E-04
 10 84 1.103279E-04 0 1.103279E-04
 10 85 -5.486044E-04 0 -5.486044E-04
 10 86 1.28629E-04 0 1.28629E-04
 10 87 1.759785E-02 1.729695E-02 3.008975E-04
 10 88 -2.131737E-02 -2.131759E-02 2.180097E-07
 10 89 2.841137E-04 0 2.841137E-04
 10 90 5.231266E-04 0 5.231266E-04
 10 91 -6.545657E-03 0 -6.545657E-03
 10 92 6.681166E-02 6.515641E-02 1.655255E-03
 10 93 -1.223391E-02 0 -1.223391E-02
 10 94 -7.815828E-03 0 -7.815828E-03
 10 95 -4.952023E-03 0 -4.952023E-03
 10 96 6.125576E-02 5.944693E-02 1.808831E-03
 10 97 -2.497222E-03 0 -2.497222E-03
 10 98 2.828655E-02 2.793599E-02 3.505539E-04
 10 99 6.06886E-05 0 6.06886E-05
 10 100 3.300643E-05 0 3.300643E-05
 11 25 -1.742661E-05 0 -1.742661E-05
 11 26 1.440313E-04 0 1.440313E-04
 11 27 -3.538061E-04 0 -3.538061E-04
 11 28 -1.283578E-03 0 -1.283578E-03
 11 29 -4.836219E-04 0 -4.836219E-04
 11 30 0.1373 0.113878 2.342135E-02
 11 31 9.872045E-03 0 9.872045E-03
 11 32 -8.187389E-02 0 -8.187389E-02
 11 33 1.220369E-02 0 1.220369E-02
 11 34 5.568914E-03 0 5.568914E-03
 11 35 8.087571E-02 7.33873E-02 7.48841E-03
 11 36 1.504963E-03 0 1.504963E-03
 11 37 -5.039502E-04 0 -5.039502E-04
 11 38 2.218365E-04 0 2.218365E-04
 11 39 -2.770255E-04 0 -2.770255E-04
 11 40 -1.505398E-02 -1.510144E-02 4.746647E-05
 11 41 -2.10966E-05 0 -2.10966E-05
 11 42 -1.028384E-02 -1.03088E-02 2.49536E-05
 11 43 5.792085E-05 0 5.792085E-05
 11 44 3.383869E-05 0 3.383869E-05
 11 45 -1.030639E-02 -1.03335E-02 2.711676E-05
 11 46 7.614952E-05 0 7.614952E-05
 11 47 -1.897541E-04 0 -1.897541E-04
 11 48 -1.726386E-02 -1.732947E-02 6.56048E-05
 11 49 8.270459E-05 0 8.270459E-05
 11 50 -4.306554E-05 0 -4.306554E-05
 11 51 2.635374E-02 2.56201E-02 7.336381E-04
 11 52 8.909889E-05 0 8.909889E-05
 11 53 1.597318E-02 1.567864E-02 2.945417E-04
 11 54 -2.234344E-04 0 -2.234344E-04
 11 55 1.633347E-04 0 1.633347E-04
 11 56 -1.253823E-02 -1.257575E-02 3.751976E-05
 11 57 1.61345E-02 1.583476E-02 2.997397E-04
 11 58 -2.377617E-02 -2.388639E-02 1.102185E-04
 11 59 8.227914E-05 0 8.227914E-05
 11 60 -2.57819E-04 0 -2.57819E-04
 11 61 2.517655E-04 0 2.517655E-04
 11 62 3.504908E-04 0 3.504908E-04
 11 63 -2.934082E-02 -2.952209E-02 1.812704E-04
 11 64 7.262764E-04 0 7.262764E-04
 11 65 1.816828E-03 0 1.816828E-03
 11 66 9.464457E-02 8.528092E-02 9.363657E-03
 11 67 -8.144955E-03 0 -8.144955E-03
 11 68 -1.598415E-02 0 -1.598415E-02
 11 69 -1.30773E-02 0 -1.30773E-02
 11 70 3.065752E-03 0 3.065752E-03
 11 71 6.965655E-03 0 6.965655E-03
 11 72 0.102646 9.006315E-02 1.258243E-02
 11 73 4.51406E-03 0 4.51406E-03
 11 74 -1.706897E-03 0 -1.706897E-03
 11 75 -3.343927E-02 -3.365835E-02 2.190831E-04
 11 76 -2.394389E-02 -2.406493E-02 1.210446E-04
 11 77 5.904204E-05 0 5.904204E-05
 11 78 1.700688E-02 1.672364E-02 2.83243E-04
 11 79 7.446451E-05 0 7.446451E-05
 11 80 -2.007426E-04 0 -2.007426E-04
 11 81 6.982899E-05 0 6.982899E-05
 11 82 -1.508546E-02 -1.513706E-02 5.159464E-05
 11 83 -1.180849E-04 0 -1.180849E-04
 11 84 1.677424E-04 0 1.677424E-04
 11 85 -3.175559E-04 0 -3.175559E-04
 11 86 3.071281E-04 0 3.071281E-04
 11 87 2.149173E-02 2.099097E-02 5.007596E-04
 11 88 -2.799122E-02 -2.814332E-02 1.520945E-04
 11 89 8.421749E-04 0 8.421749E-04
 11 90 2.935363E-03 0 2.935363E-03
 11 91 -9.213803E-03 0 -9.213803E-03
 11 92 0.150809 0.104239 4.656973E-02
 11 93 -2.637708E-02 0 -2.637708E-02
 11 94 -5.994853E-03 0 -5.994853E-03
 11 95 -6.6643E-03 0 -6.6643E-03
 11 96 7.772454E-02 7.167252E-02 6.052024E-03
 11 97 -2.116959E-03 0 -2.116959E-03
 11 98 3.380731E-02 3.277481E-02 1.032499E-03
 11 99 1.259553E-04 0 1.259553E-04
 11 100 7.195529E-05 0 7.195529E-05
 12 25 -1.526037E-04 0 -1.526037E-04
 12 26 6.319251E-05 0 6.319251E-05
 12 27 -1.48974E-03 0 -1.48974E-03
 12 28 -4.008143E-03 0 -4.008143E-03
 12 29 -4.690436E-03 0 -4.690436E-03
 12 30 1.211534E-02 0 1.211534E-02
 12 31 -2.92821E-04 0 -2.92821E-04
 12 32 -6.694773E-02 0 -6.694773E-02
 12 33 -1.537986E-04 0 -1.537986E-04
 12 34 -7.277376E-05 0 -7.277376E-05
 12 35 2.025406E-03 0 2.025406E-03
 12 36 -6.777306E-05 0 -6.777306E-05
 12 37 -1.375629E-03 0 -1.375629E-03
 12 38 -1.072715E-05 0 -1.072715E-05
 12 39 -6.580357E-04 0 -6.580357E-04
 12 40 7.454673E-05 0 7.454673E-05
 12 41 -1.7017E-04 0 -1.7017E-04
 12 42 3.982188E-05 0 3.982188E-05
 12 43 1.272654E-05 0 1.272654E-05
 12 44 6.674072E-06 0 6.674072E-06
 12 45 2.393593E-05 0 2.393593E-05
 12 46 -3.674681E-06 0 -3.674681E-06
 12 47 -5.900937E-04 0 -5.900937E-04
 12 48 5.023664E-05 0 5.023664E-05
 12 49 2.732156E-05 0 2.732156E-05
 12 50 -3.157229E-04 0 -3.157229E-04
 12 51 2.645585E-04 0 2.645585E-04
 12 52 1.284746E-05 0 1.284746E-05
 12 53 1.011376E-04 0 1.011376E-04
 12 54 -5.144366E-04 0 -5.144366E-04
 12 55 3.891638E-05 0 3.891638E-05
 12 56 2.180302E-05 0 2.180302E-05
 12 57 8.62933E-05 0 8.62933E-05
 12 58 1.007321E-04 0 1.007321E-04
 12 59 -1.371306E-06 0 -1.371306E-06
 12 60 -4.09739E-04 0 -4.09739E-04
 12 61 2.346184E-05 0 2.346184E-05
 12 62 3.871355E-05 0 3.871355E-05
 12 63 9.253676E-05 0 9.253676E-05
 12 64 1.269323E-04 0 1.269323E-04
 12 65 3.818338E-04 0 3.818338E-04
 12 66 1.803845E-03 0 1.803845E-03
 12 67 -2.518121E-02 0 -2.518121E-02
 12 68 -0.115378 0 -0.115378
 12 69 -0.112005 0 -0.112005
 12 70 -4.359487E-03 0 -4.359487E-03
 12 71 -6.037946E-04 0 -6.037946E-04
 12 72 9.918386E-03 0 9.918386E-03
 12 73 2.279123E-03 0 2.279123E-03
 12 74 -5.232694E-03 0 -5.232694E-03
 12 75 3.300433E-04 0 3.300433E-04
 12 76 9.442381E-05 0 9.442381E-05
 12 77 -1.599484E-06 0 -1.599484E-06
 12 78 7.489196E-05 0 7.489196E-05
 12 79 -3.925435E-06 0 -3.925435E-06
 12 80 -5.950052E-04 0 -5.950052E-04
 12 81 1.643224E-05 0 1.643224E-05
 12 82 5.683089E-05 0 5.683089E-05
 12 83 -5.71722E-04 0 -5.71722E-04
 12 84 9.495462E-05 0 9.495462E-05
 12 85 -1.683177E-03 0 -1.683177E-03
 12 86 1.952782E-04 0 1.952782E-04
 12 87 3.196482E-04 0 3.196482E-04
 12 88 3.462938E-04 0 3.462938E-04
 12 89 3.300487E-04 0 3.300487E-04
 12 90 -3.472545E-04 0 -3.472545E-04
 12 91 -5.47831E-02 0 -5.47831E-02
 12 92 -1.311516E-02 0 -1.311516E-02
 12 93 -5.335017E-02 0 -5.335017E-02
 12 94 -2.045413E-02 0 -2.045413E-02
 12 95 -5.41019E-03 0 -5.41019E-03
 12 96 5.156892E-04 0 5.156892E-04
 12 97 -1.249861E-03 0 -1.249861E-03
 12 98 7.834404E-05 0 7.834404E-05
 12 99 -1.183205E-06 0 -1.183205E-06
 12 100 -6.48639E-07 0 -6.48639E-07
 13 25 -3.466781E-04 0 -3.466781E-04
 13 26 -2.084292E-04 0 -2.084292E-04
 13 27 -2.004967E-03 0 -2.004967E-03
 13 28 -4.220523E-03 0 -4.220523E-03
 13 29 -4.361151E-03 0 -4.361151E-03
 13 30 -2.91904E-03 0 -2.91904E-03
 13 31 -3.366524E-03 0 -3.366524E-03
 13 32 -3.237174E-02 0 -3.237174E-02
 13 33 -2.618202E-03 0 -2.618202E-03
 13 34 -1.468421E-03 0 -1.468421E-03
 13 35 -8.053911E-04 0 -8.053911E-04
 13 36 -1.305682E-03 0 -1.305682E-03
 13 37 -1.570462E-03 0 -1.570462E-03
 13 38 -2.828754E-04 0 -2.828754E-04
 13 39 -8.560449E-04 0 -8.560449E-04
 13 40 -8.418827E-05 0 -8.418827E-05
 13 41 -3.19633E-04 0 -3.19633E-04
 13 42 -5.278149E-05 0 -5.278149E-05
 13 43 -6.797385E-05 0 -6.797385E-05
 13 44 -3.743082E-05 0 -3.743082E-05
 13 45 -3.858564E-05 0 -3.858564E-05
 13 46 -1.251743E-04 0 -1.251743E-04
 13 47 -8.600572E-04 0 -8.600572E-04
 13 48 -6.710603E-05 0 -6.710603E-05
 13 49 -5.308207E-05 0 -5.308207E-05
 13 50 -4.962055E-04 0 -4.962055E-04
 13 51 -1.353739E-04 0 -1.353739E-04
 13 52 -5.037276E-05 0 -5.037276E-05
 13 53 -5.826632E-05 0 -5.826632E-05
 13 54 -6.142406E-04 0 -6.142406E-04
 13 55 -1.023338E-04 0 -1.023338E-04
 13 56 -2.794235E-05 0 -2.794235E-05
 13 57 -4.90502E-05 0 -4.90502E-05
 13 58 -9.009298E-05 0 -9.009298E-05
 13 59 -4.137764E-05 0 -4.137764E-05
 13 60 -5.00525E-04 0 -5.00525E-04
 13 61 -1.070707E-04 0 -1.070707E-04
 13 62 -1.691357E-04 0 -1.691357E-04
 13 63 -1.09789E-04 0 -1.09789E-04
 13 64 -3.087134E-04 0 -3.087134E-04
 13 65 -7.234424E-04 0 -7.234424E-04
 13 66 -2.43259E-03 0 -2.43259E-03
 13 67 -1.602425E-02 0 -1.602425E-02
 13 68 -6.845203E-02 0 -6.845203E-02
 13 69 -0.108422 0 -0.108422
 13 70 -3.307918E-02 0 -3.307918E-02
 13 71 -4.166923E-02 0 -4.166923E-02
 13 72 -7.766264E-03 0 -7.766264E-03
 13 73 -5.554138E-03 0 -5.554138E-03
 13 74 -6.513138E-03 0 -6.513138E-03
 13 75 -3.722633E-04 0 -3.722633E-04
 13 76 -1.27418E-04 0 -1.27418E-04
 13 77 -6.540754E-05 0 -6.540754E-05
 13 78 -2.340258E-04 0 -2.340258E-04
 13 79 -1.510207E-04 0 -1.510207E-04
 13 80 -1.079414E-03 0 -1.079414E-03
 13 81 -1.008003E-04 0 -1.008003E-04
 13 82 -1.208667E-04 0 -1.208667E-04
 13 83 -1.844801E-03 0 -1.844801E-03
 13 84 -2.887312E-04 0 -2.887312E-04
 13 85 -3.357237E-03 0 -3.357237E-03
 13 86 -8.700261E-04 0 -8.700261E-04
 13 87 -2.685874E-04 0 -2.685874E-04
 13 88 -4.244759E-04 0 -4.244759E-04
 13 89 -1.323672E-03 0 -1.323672E-03
 13 90 -6.17696E-03 0 -6.17696E-03
 13 91 -3.148158E-02 0 -3.148158E-02
 13 92 -3.573321E-02 0 -3.573321E-02
 13 93 -2.292067E-02 0 -2.292067E-02
 13 94 -1.348187E-02 0 -1.348187E-02
 13 95 -4.74156E-03 0 -4.74156E-03
 13 96 -1.010965E-03 0 -1.010965E-03
 13 97 -1.781834E-03 0 -1.781834E-03
 13 98 -2.131023E-04 0 -2.131023E-04
 13 99 -5.140683E-05 0 -5.140683E-05
 13 100 -2.979237E-05 0 -2.979237E-05
 14 25 -3.565048E-05 0 -3.565048E-05
 14 26 8.361299E-05 0 8.361299E-05
 14 27 -2.967075E-04 0 -2.967075E-04
 14 28 -8.840323E-04 0 -8.840323E-04
 14 29 -3.253648E-04 0 -3.253648E-04
 14 30 -7.931348E-02 -8.09665E-02 1.653016E-03
 14 31 9.885772E-04 0 9.885772E-04
 14 32 -1.021644E-02 0 -1.021644E-02
 14 33 1.221435E-03 0 1.221435E-03
 14 34 1.796955E-03 0 1.796955E-03
 14 35 -5.591096E-02 -5.660118E-02 6.90218E-04
 14 36 4.304898E-04 0 4.304898E-04
 14 37 -3.430149E-04 0 -3.430149E-04
 14 38 7.035521E-05 0 7.035521E-05
 14 39 -1.684323E-04 0 -1.684323E-04
 14 40 1.250954E-02 1.243284E-02 7.670045E-05
 14 41 -2.002346E-05 0 -2.002346E-05
 14 42 8.461912E-03 8.421093E-03 4.081889E-05
 14 43 2.183225E-05 0 2.183225E-05
 14 44 1.202379E-05 0 1.202379E-05
 14 45 7.691809E-03 7.664014E-03 2.779419E-05
 14 46 1.781328E-05 0 1.781328E-05
 14 47 -9.212541E-05 0 -9.212541E-05
 14 48 1.069426E-02 1.064754E-02 4.67253E-05
 14 49 2.285807E-05 0 2.285807E-05
 14 50 -2.88792E-05 0 -2.88792E-05
 14 51 -1.5213E-02 -1.526135E-02 4.835066E-05
 14 52 1.931571E-05 0 1.931571E-05
 14 53 -1.01856E-02 -1.021016E-02 2.456818E-05
 14 54 -9.768124E-05 0 -9.768124E-05
 14 55 4.316472E-05 0 4.316472E-05
 14 56 7.834294E-03 7.805709E-03 2.858586E-05
 14 57 -1.030579E-02 -1.033083E-02 2.504011E-05
 14 58 1.476236E-02 1.466067E-02 1.016868E-04
 14 59 2.224687E-05 0 2.224687E-05
 14 60 -8.50709E-05 0 -8.50709E-05
 14 61 4.657788E-05 0 4.657788E-05
 14 62 6.422822E-05 0 6.422822E-05
 14 63 1.478706E-02 1.470654E-02 8.052003E-05
 14 64 1.091944E-04 0 1.091944E-04
 14 65 2.446851E-04 0 2.446851E-04
 14 66 -4.073132E-02 -4.073213E-02 8.072516E-07
 14 67 -1.638722E-03 0 -1.638722E-03
 14 68 -3.7457E-03 0 -3.7457E-03
 14 69 -6.119395E-03 0 -6.119395E-03
 14 70 1.642087E-03 0 1.642087E-03
 14 71 2.795919E-03 0 2.795919E-03
 14 72 -6.125399E-02 -6.211401E-02 8.60023E-04
 14 73 8.033256E-04 0 8.033256E-04
 14 74 -5.618863E-04 0 -5.618863E-04
 14 75 2.043511E-02 2.025322E-02 1.818974E-04
 14 76 1.427601E-02 1.420024E-02 7.577238E-05
 14 77 1.933829E-05 0 1.933829E-05
 14 78 -1.158484E-02 -1.158491E-02 7.423496E-08
 14 79 1.974078E-05 0 1.974078E-05
 14 80 -1.271694E-04 0 -1.271694E-04
 14 81 2.76616E-05 0 2.76616E-05
 14 82 1.305797E-02 1.299289E-02 6.50745E-05
 14 83 -1.114521E-04 0 -1.114521E-04
 14 84 8.870725E-05 0 8.870725E-05
 14 85 -3.155746E-04 0 -3.155746E-04
 14 86 2.532633E-04 0 2.532633E-04
 14 87 -2.26335E-02 -2.273374E-02 1.002415E-04
 14 88 3.007064E-02 2.968853E-02 3.821107E-04
 14 89 4.553292E-04 0 4.553292E-04
 14 90 1.091429E-03 0 1.091429E-03
 14 91 -3.888591E-03 0 -3.888591E-03
 14 92 -5.85032E-02 -5.951499E-02 1.011786E-03
 14 93 -3.581624E-03 0 -3.581624E-03
 14 94 -7.448605E-04 0 -7.448605E-04
 14 95 -8.14777E-04 0 -8.14777E-04
 14 96 -3.050804E-02 -3.050847E-02 4.396862E-07
 14 97 -3.242898E-04 0 -3.242898E-04
 14 98 -1.491514E-02 -1.491525E-02 1.141143E-07
 14 99 2.298184E-05 0 2.298184E-05
 14 100 1.485184E-05 0 1.485184E-05
 15 25 -6.094961E-04 0 -6.094961E-04
 15 26 -5.192101E-04 0 -5.192101E-04
 15 27 -5.004306E-03 0 -5.004306E-03
 15 28 -1.529273E-02 0 -1.529273E-02
 15 29 -1.497311E-02 0 -1.497311E-02
 15 30 -2.241609E-02 0 -2.241609E-02
 15 31 -1.537343E-02 0 -1.537343E-02
 15 32 -0.118464 0 -0.118464
 15 33 -1.319779E-02 0 -1.319779E-02
 15 34 -1.517913E-02 0 -1.517913E-02
 15 35 -7.246574E-03 0 -7.246574E-03
 15 36 -8.853446E-03 0 -8.853446E-03
 15 37 -6.38655E-03 0 -6.38655E-03
 15 38 -9.701379E-04 0 -9.701379E-04
 15 39 -1.992647E-03 0 -1.992647E-03
 15 40 -2.025542E-04 0 -2.025542E-04
 15 41 -5.206107E-04 0 -5.206107E-04
 15 42 -8.830439E-05 0 -8.830439E-05
 15 43 -9.895123E-05 0 -9.895123E-05
 15 44 -4.909442E-05 0 -4.909442E-05
 15 45 -5.009328E-05 0 -5.009328E-05
 15 46 -1.329284E-04 0 -1.329284E-04
 15 47 -8.773103E-04 0 -8.773103E-04
 15 48 -7.966304E-05 0 -7.966304E-05
 15 49 -8.99513E-05 0 -8.99513E-05
 15 50 -6.996102E-04 0 -6.996102E-04
 15 51 -2.427806E-04 0 -2.427806E-04
 15 52 -8.369696E-05 0 -8.369696E-05
 15 53 -1.30806E-04 0 -1.30806E-04
 15 54 -1.135626E-03 0 -1.135626E-03
 15 55 -1.912343E-04 0 -1.912343E-04
 15 56 -5.544635E-05 0 -5.544635E-05
 15 57 -1.383497E-04 0 -1.383497E-04
 15 58 -2.371835E-04 0 -2.371835E-04
 15 59 -8.490734E-05 0 -8.490734E-05
 15 60 -8.028779E-04 0 -8.028779E-04
 15 61 -1.599711E-04 0 -1.599711E-04
 15 62 -2.256272E-04 0 -2.256272E-04
 15 63 -1.157074E-04 0 -1.157074E-04
 15 64 -3.612886E-04 0 -3.612886E-04
 15 65 -9.58233E-04 0 -9.58233E-04
 15 66 -2.463818E-03 0 -2.463818E-03
 15 67 -1.471878E-02 0 -1.471878E-02
 15 68 -3.82769E-02 0 -3.82769E-02
 15 69 -5.686644E-02 0 -5.686644E-02
 15 70 -9.912759E-03 0 -9.912759E-03
 15 71 -5.564354E-03 0 -5.564354E-03
 15 72 -2.581619E-03 0 -2.581619E-03
 15 73 -2.478825E-03 0 -2.478825E-03
 15 74 -3.85659E-03 0 -3.85659E-03
 15 75 -2.789997E-04 0 -2.789997E-04
 15 76 -1.155218E-04 0 -1.155218E-04
 15 77 -5.72952E-05 0 -5.72952E-05
 15 78 -2.064309E-04 0 -2.064309E-04
 15 79 -1.407421E-04 0 -1.407421E-04
 15 80 -9.998992E-04 0 -9.998992E-04
 15 81 -1.108005E-04 0 -1.108005E-04
 15 82 -1.001746E-04 0 -1.001746E-04
 15 83 -1.330135E-03 0 -1.330135E-03
 15 84 -3.41925E-04 0 -3.41925E-04
 15 85 -3.675365E-03 0 -3.675365E-03
 15 86 -1.448343E-03 0 -1.448343E-03
 15 87 -6.868147E-04 0 -6.868147E-04
 15 88 -1.353505E-03 0 -1.353505E-03
 15 89 -4.061716E-03 0 -4.061716E-03
 15 90 -2.593389E-02 0 -2.593389E-02
 15 91 -6.770825E-02 0 -6.770825E-02
 15 92 -8.017594E-02 0 -8.017594E-02
 15 93 -4.062832E-02 0 -4.062832E-02
 15 94 -1.437634E-02 0 -1.437634E-02
 15 95 -5.033735E-03 0 -5.033735E-03
 15 96 -9.418719E-04 0 -9.418719E-04
 15 97 -1.40775E-03 0 -1.40775E-03
 15 98 -2.201662E-04 0 -2.201662E-04
 15 99 -4.49139E-05 0 -4.49139E-05
 15 100 -2.893388E-05 0 -2.893388E-05
 16 25 -9.424898E-05 0 -9.424898E-05
 16 26 1.744901E-04 0 1.744901E-04
 16 27 -9.843901E-04 0 -9.843901E-04
 16 28 -3.048367E-03 0 -3.048367E-03
 16 29 -1.130838E-03 0 -1.130838E-03
 16 30 6.341108E-03 0 6.341108E-03
 16 31 4.199603E-04 0 4.199603E-04
 16 32 -4.865475E-03 0 -4.865475E-03
 16 33 2.513597E-04 0 2.513597E-04
 16 34 4.002981E-04 0 4.002981E-04
 16 35 1.636796E-03 0 1.636796E-03
 16 36 3.794364E-04 0 3.794364E-04
 16 37 -6.520702E-04 0 -6.520702E-04
 16 38 7.270922E-05 0 7.270922E-05
 16 39 -3.627168E-04 0 -3.627168E-04
 16 40 7.820617E-05 0 7.820617E-05
 16 41 -6.710333E-05 0 -6.710333E-05
 16 42 4.046777E-05 0 4.046777E-05
 16 43 3.02807E-05 0 3.02807E-05
 16 44 1.417553E-05 0 1.417553E-05
 16 45 2.062123E-05 0 2.062123E-05
 16 46 1.421989E-05 0 1.421989E-05
 16 47 -1.551578E-04 0 -1.551578E-04
 16 48 2.644557E-05 0 2.644557E-05
 16 49 2.5143E-05 0 2.5143E-05
 16 50 -7.539999E-05 0 -7.539999E-05
 16 51 1.383853E-04 0 1.383853E-04
 16 52 1.48588E-05 0 1.48588E-05
 16 53 7.417261E-05 0 7.417261E-05
 16 54 -1.321061E-04 0 -1.321061E-04
 16 55 3.562185E-05 0 3.562185E-05
 16 56 1.361015E-05 0 1.361015E-05
 16 57 6.480581E-05 0 6.480581E-05
 16 58 5.079172E-05 0 5.079172E-05
 16 59 6.969376E-06 0 6.969376E-06
 16 60 -7.700197E-05 0 -7.700197E-05
 16 61 2.29487E-05 0 2.29487E-05
 16 62 3.587994E-05 0 3.587994E-05
 16 63 2.851456E-05 0 2.851456E-05
 16 64 5.991597E-05 0 5.991597E-05
 16 65 1.528698E-04 0 1.528698E-04
 16 66 3.823409E-04 0 3.823409E-04
 16 67 -2.310495E-03 0 -2.310495E-03
 16 68 -6.306428E-03 0 -6.306428E-03
 16 69 -2.437236E-02 0 -2.437236E-02
 16 70 1.938385E-03 0 1.938385E-03
 16 71 1.71534E-03 0 1.71534E-03
 16 72 2.885508E-03 0 2.885508E-03
 16 73 7.621462E-04 0 7.621462E-04
 16 74 -9.160932E-04 0 -9.160932E-04
 16 75 1.131898E-04 0 1.131898E-04
 16 76 3.979861E-05 0 3.979861E-05
 16 77 8.716325E-06 0 8.716325E-06
 16 78 6.171012E-05 0 6.171012E-05
 16 79 1.748354E-05 0 1.748354E-05
 16 80 -3.043415E-04 0 -3.043415E-04
 16 81 3.967561E-05 0 3.967561E-05
 16 82 5.935599E-05 0 5.935599E-05
 16 83 -2.407182E-04 0 -2.407182E-04
 16 84 2.07653E-04 0 2.07653E-04
 16 85 -1.306295E-03 0 -1.306295E-03
 16 86 9.612888E-04 0 9.612888E-04
 16 87 9.048403E-04 0 9.048403E-04
 16 88 7.877027E-04 0 7.877027E-04
 16 89 1.704794E-03 0 1.704794E-03
 16 90 3.093961E-03 0 3.093961E-03
 16 91 -1.33475E-02 0 -1.33475E-02
 16 92 1.889427E-03 0 1.889427E-03
 16 93 -3.554641E-03 0 -3.554641E-03
 16 94 -6.992688E-04 0 -6.992688E-04
 16 95 -4.695693E-04 0 -4.695693E-04
 16 96 1.183059E-04 0 1.183059E-04
 16 97 -1.436584E-04 0 -1.436584E-04
 16 98 2.840136E-05 0 2.840136E-05
 16 99 3.710114E-06 0 3.710114E-06
 16 100 2.323618E-06 0 2.323618E-06
 17 25 -3.481131E-04 0 -3.481131E-04
 17 26 -2.4218E-04 0 -2.4218E-04
 17 27 -1.819489E-03 0 -1.819489E-03
 17 28 -3.766217E-03 0 -3.766217E-03
 17 29 -2.602049E-03 0 -2.602049E-03
 17 30 -2.156542E-03 0 -2.156542E-03
 17 31 -1.496375E-03 0 -1.496375E-03
 17 32 -8.813402E-03 0 -8.813402E-03
 17 33 -1.352255E-03 0 -1.352255E-03
 17 34 -1.255266E-03 0 -1.255266E-03
 17 35 -9.192929E-04 0 -9.192929E-04
 17 36 -1.336203E-03 0 -1.336203E-03
 17 37 -1.445168E-03 0 -1.445168E-03
 17 38 -3.001061E-04 0 -3.001061E-04
 17 39 -6.725509E-04 0 -6.725509E-04
 17 40 -8.696198E-05 0 -8.696198E-05
 17 41 -2.410512E-04 0 -2.410512E-04
 17 42 -4.902961E-05 0 -4.902961E-05
 17 43 -6.082513E-05 0 -6.082513E-05
 17 44 -3.132483E-05 0 -3.132483E-05
 17 45 -2.762947E-05 0 -2.762947E-05
 17 46 -6.945152E-05 0 -6.945152E-05
 17 47 -3.82351E-04 0 -3.82351E-04
 17 48 -3.450351E-05 0 -3.450351E-05
 17 49 -3.952993E-05 0 -3.952993E-05
 17 50 -2.634205E-04 0 -2.634205E-04
 17 51 -8.203659E-05 0 -8.203659E-05
 17 52 -3.172017E-05 0 -3.172017E-05
 17 53 -4.753561E-05 0 -4.753561E-05
 17 54 -3.37804E-04 0 -3.37804E-04
 17 55 -6.143274E-05 0 -6.143274E-05
 17 56 -1.974482E-05 0 -1.974482E-05
 17 57 -4.46614E-05 0 -4.46614E-05
 17 58 -6.492897E-05 0 -6.492897E-05
 17 59 -2.5907E-05 0 -2.5907E-05
 17 60 -2.29366E-04 0 -2.29366E-04
 17 61 -5.197091E-05 0 -5.197091E-05
 17 62 -7.484235E-05 0 -7.484235E-05
 17 63 -4.074868E-05 0 -4.074868E-05
 17 64 -1.085766E-04 0 -1.085766E-04
 17 65 -2.357585E-04 0 -2.357585E-04
 17 66 -6.076923E-04 0 -6.076923E-04
 17 67 -3.265024E-03 0 -3.265024E-03
 17 68 -8.96732E-03 0 -8.96732E-03
 17 69 -2.033272E-02 0 -2.033272E-02
 17 70 -7.754573E-03 0 -7.754573E-03
 17 71 -3.968706E-03 0 -3.968706E-03
 17 72 -1.44442E-03 0 -1.44442E-03
 17 73 -9.72695E-04 0 -9.72695E-04
 17 74 -1.58015E-03 0 -1.58015E-03
 17 75 -1.308119E-04 0 -1.308119E-04
 17 76 -5.160277E-05 0 -5.160277E-05
 17 77 -3.056972E-05 0 -3.056972E-05
 17 78 -1.207313E-04 0 -1.207313E-04
 17 79 -8.637377E-05 0 -8.637377E-05
 17 80 -5.979217E-04 0 -5.979217E-04
 17 81 -8.204679E-05 0 -8.204679E-05
 17 82 -8.005675E-05 0 -8.005675E-05
 17 83 -9.901228E-04 0 -9.901228E-04
 17 84 -2.919768E-04 0 -2.919768E-04
 17 85 -2.529698E-03 0 -2.529698E-03
 17 86 -1.144524E-03 0 -1.144524E-03
 17 87 -4.634289E-04 0 -4.634289E-04
 17 88 -6.655166E-04 0 -6.655166E-04
 17 89 -1.701679E-03 0 -1.701679E-03
 17 90 -5.314869E-03 0 -5.314869E-03
 17 91 -1.145026E-02 0 -1.145026E-02
 17 92 -7.676059E-03 0 -7.676059E-03
 17 93 -5.021469E-03 0 -5.021469E-03
 17 94 -2.288862E-03 0 -2.288862E-03
 17 95 -1.078882E-03 0 -1.078882E-03
 17 96 -2.668578E-04 0 -2.668578E-04
 17 97 -4.377006E-04 0 -4.377006E-04
 17 98 -7.89317E-05 0 -7.89317E-05
 17 99 -1.88656E-05 0 -1.88656E-05
 17 100 -1.25527E-05 0 -1.25527E-05
 18 25 -1.951352E-05 0 -1.951352E-05
 18 26 1.635136E-04 0 1.635136E-04
 18 27 -3.400561E-04 0 -3.400561E-04
 18 28 -1.176255E-03 0 -1.176255E-03
 18 29 -1.834177E-04 0 -1.834177E-04
 18 30 7.641943E-02 6.980112E-02 6.618304E-03
 18 31 1.067486E-03 0 1.067486E-03
 18 32 -2.70712E-03 0 -2.70712E-03
 18 33 1.166924E-03 0 1.166924E-03
 18 34 1.856118E-03 0 1.856118E-03
 18 35 6.045298E-02 5.646892E-02 3.984054E-03
 18 36 1.27463E-03 0 1.27463E-03
 18 37 -3.871141E-04 0 -3.871141E-04
 18 38 2.179663E-04 0 2.179663E-04
 18 39 -1.907062E-04 0 -1.907062E-04
 18 40 -1.321114E-02 -1.324901E-02 3.786436E-05
 18 41 -1.356566E-05 0 -1.356566E-05
 18 42 -8.254844E-03 -8.272444E-03 1.760022E-05
 18 43 4.115092E-05 0 4.115092E-05
 18 44 2.078254E-05 0 2.078254E-05
 18 45 -6.531806E-03 -6.545155E-03 1.334898E-05
 18 46 2.781343E-05 0 2.781343E-05
 18 47 -5.092214E-05 0 -5.092214E-05
 18 48 -7.513255E-03 -7.529739E-03 1.648394E-05
 18 49 2.81656E-05 0 2.81656E-05
 18 50 -1.399012E-05 0 -1.399012E-05
 18 51 1.123237E-02 1.106953E-02 1.628367E-04
 18 52 2.535327E-05 0 2.535327E-05
 18 53 8.669569E-03 8.561691E-03 1.078772E-04
 18 54 -6.283594E-05 0 -6.283594E-05
 18 55 4.02653E-05 0 4.02653E-05
 18 56 -6.383143E-03 -6.396044E-03 1.290062E-05
 18 57 9.200896E-03 9.082525E-03 1.183715E-04
 18 58 -1.197777E-02 -1.200985E-02 3.208305E-05
 18 59 2.001699E-05 0 2.001699E-05
 18 60 -4.217545E-05 0 -4.217545E-05
 18 61 3.766714E-05 0 3.766714E-05
 18 62 4.994375E-05 0 4.994375E-05
 18 63 -8.409898E-03 -8.429515E-03 1.961746E-05
 18 64 5.852072E-05 0 5.852072E-05
 18 65 1.283712E-04 0 1.283712E-04
 18 66 2.287969E-02 2.239445E-02 4.852374E-04
 18 67 -5.61814E-04 0 -5.61814E-04
 18 68 -8.497009E-04 0 -8.497009E-04
 18 69 -2.24478E-03 0 -2.24478E-03
 18 70 1.03375E-03 0 1.03375E-03
 18 71 7.747586E-04 0 7.747586E-04
 18 72 3.507891E-02 3.379566E-02 1.283257E-03
 18 73 3.119469E-04 0 3.119469E-04
 18 74 -2.284841E-04 0 -2.284841E-04
 18 75 -1.220681E-02 -1.223993E-02 3.311847E-05
 18 76 -8.980043E-03 -9.001789E-03 2.174616E-05
 18 77 1.445858E-05 0 1.445858E-05
 18 78 8.254335E-03 8.168352E-03 8.598311E-05
 18 79 3.159401E-05 0 3.159401E-05
 18 80 -1.00752E-04 0 -1.00752E-04
 18 81 4.674533E-05 0 4.674533E-05
 18 82 -1.064546E-02 -1.067405E-02 2.858539E-05
 18 83 -6.085047E-05 0 -6.085047E-05
 18 84 1.433867E-04 0 1.433867E-04
 18 85 -2.842508E-04 0 -2.842508E-04
 18 86 5.192269E-04 0 5.192269E-04
 18 87 2.986247E-02 2.892889E-02 9.335849E-04
 18 88 -3.841991E-02 -3.871439E-02 2.944836E-04
 18 89 1.31693E-03 0 1.31693E-03
 18 90 2.874722E-03 0 2.874722E-03
 18 91 -2.300509E-03 0 -2.300509E-03
 18 92 3.961107E-02 3.680693E-02 2.804132E-03
 18 93 -1.11814E-03 0 -1.11814E-03
 18 94 -1.101134E-04 0 -1.101134E-04
 18 95 -2.312736E-04 0 -2.312736E-04
 18 96 1.501376E-02 1.478585E-02 2.279106E-04
 18 97 -8.874173E-05 0 -8.874173E-05
 18 98 7.445732E-03 7.372264E-03 7.346819E-05
 18 99 1.049807E-05 0 1.049807E-05
 18 100 7.427092E-06 0 7.427092E-06
 19 25 -9.582123E-05 0 -9.582123E-05
 19 26 2.448367E-04 0 2.448367E-04
 19 27 -8.218112E-04 0 -8.218112E-04
 19 28 -2.373626E-03 0 -2.373626E-03
 19 29 -4.166541E-04 0 -4.166541E-04
 19 30 -7.631761E-02 -7.781267E-02 1.495064E-03
 19 31 4.268786E-04 0 4.268786E-04
 19 32 -1.693694E-03 0 -1.693694E-03
 19 33 3.15893E-04 0 3.15893E-04
 19 34 9.691459E-04 0 9.691459E-04
 19 35 -5.749166E-02 -5.822943E-02 7.377685E-04
 19 36 8.456489E-04 0 8.456489E-04
 19 37 -6.686688E-04 0 -6.686688E-04
 19 38 1.76374E-04 0 1.76374E-04
 19 39 -3.18532E-04 0 -3.18532E-04
 19 40 1.886873E-02 1.871156E-02 1.571637E-04
 19 41 -3.380467E-05 0 -3.380467E-05
 19 42 1.18219E-02 1.17521E-02 6.980517E-05
 19 43 3.710667E-05 0 3.710667E-05
 19 44 1.695556E-05 0 1.695556E-05
 19 45 8.763091E-03 8.729087E-03 3.400361E-05
 19 46 1.732296E-05 0 1.732296E-05
 19 47 -7.546926E-05 0 -7.546926E-05
 19 48 8.919001E-03 8.884044E-03 3.495713E-05
 19 49 2.174023E-05 0 2.174023E-05
 19 50 -2.866118E-05 0 -2.866118E-05
 19 51 -1.275299E-02 -1.278865E-02 3.565757E-05
 19 52 1.600579E-05 0 1.600579E-05
 19 53 -1.036601E-02 -1.039129E-02 2.527828E-05
 19 54 -8.573629E-05 0 -8.573629E-05
 19 55 3.189557E-05 0 3.189557E-05
 19 56 7.332274E-03 7.306431E-03 2.584281E-05
 19 57 -1.044721E-02 -1.047281E-02 2.560123E-05
 19 58 1.30877E-02 1.300494E-02 8.275958E-05
 19 59 1.521324E-05 0 1.521324E-05
 19 60 -4.571344E-05 0 -4.571344E-05
 19 61 2.319617E-05 0 2.319617E-05
 19 62 3.258449E-05 0 3.258449E-05
 19 63 8.443659E-03 8.411569E-03 3.208977E-05
 19 64 3.640622E-05 0 3.640622E-05
 19 65 8.404716E-05 0 8.404716E-05
 19 66 -2.224097E-02 -2.224121E-02 2.3621E-07
 19 67 -6.052125E-04 0 -6.052125E-04
 19 68 -1.014007E-03 0 -1.014007E-03
 19 69 -3.082622E-03 0 -3.082622E-03
 19 70 9.619071E-04 0 9.619071E-04
 19 71 5.775302E-04 0 5.775302E-04
 19 72 -3.53963E-02 -3.564331E-02 2.470089E-04
 19 73 2.277685E-04 0 2.277685E-04
 19 74 -2.698173E-04 0 -2.698173E-04
 19 75 1.36609E-02 1.35719E-02 8.900565E-05
 19 76 1.017091E-02 1.012783E-02 4.308021E-05
 19 77 1.291323E-05 0 1.291323E-05
 19 78 -9.983518E-03 -9.983576E-03 5.821285E-08
 19 79 2.060174E-05 0 2.060174E-05
 19 80 -1.617961E-04 0 -1.617961E-04
 19 81 4.107448E-05 0 4.107448E-05
 19 82 1.43518E-02 1.427534E-02 7.646671E-05
 19 83 -1.300103E-04 0 -1.300103E-04
 19 84 1.608451E-04 0 1.608451E-04
 19 85 -6.84953E-04 0 -6.84953E-04
 19 86 1.029679E-03 0 1.029679E-03
 19 87 -4.735065E-02 -4.781925E-02 4.686057E-04
 19 88 6.535356E-02 6.331974E-02 2.033818E-03
 19 89 2.093565E-03 0 2.093565E-03
 19 90 3.223923E-03 0 3.223923E-03
 19 91 -3.630008E-03 0 -3.630008E-03
 19 92 -3.806159E-02 -3.838003E-02 3.184385E-04
 19 93 -1.015149E-03 0 -1.015149E-03
 19 94 -1.244024E-04 0 -1.244024E-04
 19 95 -1.733733E-04 0 -1.733733E-04
 19 96 -1.276394E-02 -1.276403E-02 8.731934E-08
 19 97 -5.937861E-05 0 -5.937861E-05
 19 98 -6.070317E-03 -6.070344E-03 2.7112E-08
 19 99 5.577978E-06 0 5.577978E-06
 19 100 3.866202E-06 0 3.866202E-06
 20 25 -5.617165E-05 0 -5.617165E-05
 20 26 8.925755E-05 0 8.925755E-05
 20 27 -3.569332E-04 0 -3.569332E-04
 20 28 -8.511209E-04 0 -8.511209E-04
 20 29 -2.143978E-04 0 -2.143978E-04
 20 30 8.219386E-04 0 8.219386E-04
 20 31 5.995421E-05 0 5.995421E-05
 20 32 -5.463344E-04 0 -5.463344E-04
 20 33 4.47021E-05 0 4.47021E-05
 20 34 7.31604E-05 0 7.31604E-05
 20 35 3.842422E-04 0 3.842422E-04
 20 36 9.417493E-05 0 9.417493E-05
 20 37 -2.107971E-04 0 -2.107971E-04
 20 38 2.971967E-05 0 2.971967E-05
 20 39 -1.383054E-04 0 -1.383054E-04
 20 40 3.649472E-05 0 3.649472E-05
 20 41 -2.963099E-05 0 -2.963099E-05
 20 42 2.069238E-05 0 2.069238E-05
 20 43 1.545406E-05 0 1.545406E-05
 20 44 7.388582E-06 0 7.388582E-06
 20 45 9.330268E-06 0 9.330268E-06
 20 46 5.492998E-06 0 5.492998E-06
 20 47 -4.81777E-05 0 -4.81777E-05
 20 48 8.837709E-06 0 8.837709E-06
 20 49 9.40901E-06 0 9.40901E-06
 20 50 -2.446307E-05 0 -2.446307E-05
 20 51 4.022751E-05 0 4.022751E-05
 20 52 5.204165E-06 0 5.204165E-06
 20 53 2.718547E-05 0 2.718547E-05
 20 54 -4.041936E-05 0 -4.041936E-05
 20 55 1.163301E-05 0 1.163301E-05
 20 56 5.227217E-06 0 5.227217E-06
 20 57 2.451132E-05 0 2.451132E-05
 20 58 1.652124E-05 0 1.652124E-05
 20 59 2.341206E-06 0 2.341206E-06
 20 60 -2.234447E-05 0 -2.234447E-05
 20 61 6.792208E-06 0 6.792208E-06
 20 62 9.898229E-06 0 9.898229E-06
 20 63 7.678235E-06 0 7.678235E-06
 20 64 1.470334E-05 0 1.470334E-05
 20 65 3.127933E-05 0 3.127933E-05
 20 66 6.429194E-05 0 6.429194E-05
 20 67 -3.133401E-04 0 -3.133401E-04
 20 68 -5.829911E-04 0 -5.829911E-04
 20 69 -2.241133E-03 0 -2.241133E-03
 20 70 2.541607E-04 0 2.541607E-04
 20 71 1.851947E-04 0 1.851947E-04
 20 72 4.480122E-04 0 4.480122E-04
 20 73 1.190918E-04 0 1.190918E-04
 20 74 -1.857552E-04 0 -1.857552E-04
 20 75 2.957456E-05 0 2.957456E-05
 20 76 1.17036E-05 0 1.17036E-05
 20 77 3.060579E-06 0 3.060579E-06
 20 78 2.26196E-05 0 2.26196E-05
 20 79 7.28614E-06 0 7.28614E-06
 20 80 -1.211379E-04 0 -1.211379E-04
 20 81 2.040938E-05 0 2.040938E-05
 20 82 2.843177E-05 0 2.843177E-05
 20 83 -9.273004E-05 0 -9.273004E-05
 20 84 1.080217E-04 0 1.080217E-04
 20 85 -5.375294E-04 0 -5.375294E-04
 20 86 5.785035E-04 0 5.785035E-04
 20 87 6.121397E-04 0 6.121397E-04
 20 88 4.232422E-04 0 4.232422E-04
 20 89 5.402504E-04 0 5.402504E-04
 20 90 4.532489E-04 0 4.532489E-04
 20 91 -1.405786E-03 0 -1.405786E-03
 20 92 1.248871E-04 0 1.248871E-04
 20 93 -4.046561E-04 0 -4.046561E-04
 20 94 -9.03707E-05 0 -9.03707E-05
 20 95 -8.637987E-05 0 -8.637987E-05
 20 96 2.493774E-05 0 2.493774E-05
 20 97 -3.440061E-05 0 -3.440061E-05
 20 98 8.124869E-06 0 8.124869E-06
 20 99 1.160954E-06 0 1.160954E-06
 20 100 7.954437E-07 0 7.954437E-07
 21 25 -5.773595E-05 0 -5.773595E-05
 21 26 4.91221E-05 0 4.91221E-05
 21 27 -3.156664E-04 0 -3.156664E-04
 21 28 -7.049409E-04 0 -7.049409E-04
 21 29 -2.07499E-04 0 -2.07499E-04
 21 30 3.49097E-02 3.380851E-02 1.101189E-03
 21 31 8.874383E-05 0 8.874383E-05
 21 32 -7.595987E-04 0 -7.595987E-04
 21 33 8.706468E-05 0 8.706468E-05
 21 34 1.520319E-04 0 1.520319E-04
 21 35 2.803626E-02 2.732211E-02 7.141501E-04
 21 36 1.315664E-04 0 1.315664E-04
 21 37 -2.595189E-04 0 -2.595189E-04
 21 38 3.903743E-05 0 3.903743E-05
 21 39 -1.50461E-04 0 -1.50461E-04
 21 40 -9.074289E-03 -9.074339E-03 4.998615E-08
 21 41 -3.0255E-05 0 -3.0255E-05
 21 42 -6.122414E-03 -6.122441E-03 2.745384E-08
 21 43 1.620426E-05 0 1.620426E-05
 21 44 8.376913E-06 0 8.376913E-06
 21 45 -4.651434E-03 -4.651129E-03 -3.055307E-07
 21 46 6.74384E-06 0 6.74384E-06
 21 47 -5.09605E-05 0 -5.09605E-05
 21 48 -4.67224E-03 -4.671932E-03 -3.074408E-07
 21 49 9.566946E-06 0 9.566946E-06
 21 50 -2.614638E-05 0 -2.614638E-05
 21 51 6.481469E-03 6.421738E-03 5.973128E-05
 21 52 7.009192E-06 0 7.009192E-06
 21 53 5.15337E-03 5.110475E-03 4.289512E-05
 21 54 -5.090508E-05 0 -5.090508E-05
 21 55 8.866616E-06 0 8.866616E-06
 21 56 -3.649133E-03 -3.648914E-03 -2.193015E-07
 21 57 5.191399E-03 5.148056E-03 4.334394E-05
 21 58 -6.438857E-03 -6.438886E-03 2.95711E-08
 21 59 4.372556E-06 0 4.372556E-06
 21 60 -3.202724E-05 0 -3.202724E-05
 21 61 7.386174E-06 0 7.386174E-06
 21 62 9.917898E-06 0 9.917898E-06
 21 63 -4.628981E-03 -4.628678E-03 -3.034749E-07
 21 64 1.142316E-05 0 1.142316E-05
 21 65 2.24799E-05 0 2.24799E-05
 21 66 1.197914E-02 1.190515E-02 7.398364E-05
 21 67 -3.038664E-04 0 -3.038664E-04
 21 68 -4.991574E-04 0 -4.991574E-04
 21 69 -1.312566E-03 0 -1.312566E-03
 21 70 2.436284E-04 0 2.436284E-04
 21 71 1.714781E-04 0 1.714781E-04
 21 72 2.263458E-02 2.215898E-02 4.755924E-04
 21 73 6.373179E-05 0 6.373179E-05
 21 74 -1.729321E-04 0 -1.729321E-04
 21 75 -7.744339E-03 -7.744378E-03 3.905638E-08
 21 76 -5.58067E-03 -5.580275E-03 -3.956368E-07
 21 77 4.373751E-06 0 4.373751E-06
 21 78 5.742154E-03 5.718482E-03 2.367182E-05
 21 79 8.416742E-06 0 8.416742E-06
 21 80 -1.085479E-04 0 -1.085479E-04
 21 81 1.998951E-05 0 1.998951E-05
 21 82 -8.74497E-03 -8.744193E-03 -7.776463E-07
 21 83 -1.182949E-04 0 -1.182949E-04
 21 84 7.157416E-05 0 7.157416E-05
 21 85 -3.697895E-04 0 -3.697895E-04
 21 86 2.034931E-04 0 2.034931E-04
 21 87 2.510464E-02 2.45268E-02 5.778425E-04
 21 88 -2.945355E-02 -2.945396E-02 4.094259E-07
 21 89 3.549345E-04 0 3.549345E-04
 21 90 3.4325E-04 0 3.4325E-04
 21 91 -1.067487E-03 0 -1.067487E-03
 21 92 1.805414E-02 1.798277E-02 7.136979E-05
 21 93 -4.462058E-04 0 -4.462058E-04
 21 94 -1.089799E-04 0 -1.089799E-04
 21 95 -1.186895E-04 0 -1.186895E-04
 21 96 7.591866E-03 7.556041E-03 3.582477E-05
 21 97 -5.379443E-05 0 -5.379443E-05
 21 98 3.805995E-03 3.792655E-03 1.333955E-05
 21 99 2.439221E-06 0 2.439221E-06
 21 100 1.770303E-06 0 1.770303E-06
 22 25 -2.600229E-05 0 -2.600229E-05
 22 26 2.982876E-05 0 2.982876E-05
 22 27 -1.009693E-04 0 -1.009693E-04
 22 28 -2.371852E-04 0 -2.371852E-04
 22 29 -4.938953E-05 0 -4.938953E-05
 22 30 1.999142E-04 0 1.999142E-04
 22 31 2.579567E-05 0 2.579567E-05
 22 32 -1.581924E-04 0 -1.581924E-04
 22 33 2.324025E-05 0 2.324025E-05
 22 34 3.384857E-05 0 3.384857E-05
 22 35 1.335128E-04 0 1.335128E-04
 22 36 4.353793E-05 0 4.353793E-05
 22 37 -6.995889E-05 0 -6.995889E-05
 22 38 1.739176E-05 0 1.739176E-05
 22 39 -5.595619E-05 0 -5.595619E-05
 22 40 1.772509E-05 0 1.772509E-05
 22 41 -1.045334E-05 0 -1.045334E-05
 22 42 1.058941E-05 0 1.058941E-05
 22 43 9.070725E-06 0 9.070725E-06
 22 44 4.720451E-06 0 4.720451E-06
 22 45 4.54228E-06 0 4.54228E-06
 22 46 3.381586E-06 0 3.381586E-06
 22 47 -1.623678E-05 0 -1.623678E-05
 22 48 3.97689E-06 0 3.97689E-06
 22 49 4.098602E-06 0 4.098602E-06
 22 50 -7.994102E-06 0 -7.994102E-06
 22 51 1.579731E-05 0 1.579731E-05
 22 52 3.148353E-06 0 3.148353E-06
 22 53 1.208215E-05 0 1.208215E-05
 22 54 -1.480832E-05 0 -1.480832E-05
 22 55 4.321251E-06 0 4.321251E-06
 22 56 2.751806E-06 0 2.751806E-06
 22 57 1.166804E-05 0 1.166804E-05
 22 58 8.307666E-06 0 8.307666E-06
 22 59 1.571138E-06 0 1.571138E-06
 22 60 -8.762756E-06 0 -8.762756E-06
 22 61 3.709062E-06 0 3.709062E-06
 22 62 5.016742E-06 0 5.016742E-06
 22 63 3.434085E-06 0 3.434085E-06
 22 64 4.978285E-06 0 4.978285E-06
 22 65 9.369649E-06 0 9.369649E-06
 22 66 2.255547E-05 0 2.255547E-05
 22 67 -8.550823E-05 0 -8.550823E-05
 22 68 -1.119642E-04 0 -1.119642E-04
 22 69 -3.784216E-04 0 -3.784216E-04
 22 70 8.166534E-05 0 8.166534E-05
 22 71 4.987783E-05 0 4.987783E-05
 22 72 1.096004E-04 0 1.096004E-04
 22 73 2.701774E-05 0 2.701774E-05
 22 74 -5.690078E-05 0 -5.690078E-05
 22 75 1.176069E-05 0 1.176069E-05
 22 76 4.925608E-06 0 4.925608E-06
 22 77 1.826017E-06 0 1.826017E-06
 22 78 1.010857E-05 0 1.010857E-05
 22 79 4.419312E-06 0 4.419312E-06
 22 80 -4.582509E-05 0 -4.582509E-05
 22 81 1.143953E-05 0 1.143953E-05
 22 82 1.224547E-05 0 1.224547E-05
 22 83 -3.329707E-05 0 -3.329707E-05
 22 84 3.716693E-05 0 3.716693E-05
 22 85 -1.352104E-04 0 -1.352104E-04
 22 86 1.366379E-04 0 1.366379E-04
 22 87 2.137616E-04 0 2.137616E-04
 22 88 1.480325E-04 0 1.480325E-04
 22 89 1.552279E-04 0 1.552279E-04
 22 90 1.173022E-04 0 1.173022E-04
 22 91 -2.84936E-04 0 -2.84936E-04
 22 92 3.336961E-05 0 3.336961E-05
 22 93 -1.099813E-04 0 -1.099813E-04
 22 94 -2.244377E-05 0 -2.244377E-05
 22 95 -3.199902E-05 0 -3.199902E-05
 22 96 1.076076E-05 0 1.076076E-05
 22 97 -1.519777E-05 0 -1.519777E-05
 22 98 4.276453E-06 0 4.276453E-06
 22 99 8.226674E-07 0 8.226674E-07
 22 100 6.041276E-07 0 6.041276E-07
 23 25 -2.240787E-05 0 -2.240787E-05
 23 26 2.963513E-05 0 2.963513E-05
 23 27 -9.48129E-05 0 -9.48129E-05
 23 28 -1.861196E-04 0 -1.861196E-04
 23 29 -4.785476E-05 0 -4.785476E-05
 23 30 1.531822E-04 0 1.531822E-04
 23 31 1.363874E-05 0 1.363874E-05
 23 32 -1.253417E-04 0 -1.253417E-04
 23 33 1.138209E-05 0 1.138209E-05
 23 34 1.532617E-05 0 1.532617E-05
 23 35 8.557141E-05 0 8.557141E-05
 23 36 1.922645E-05 0 1.922645E-05
 23 37 -5.369161E-05 0 -5.369161E-05
 23 38 8.402706E-06 0 8.402706E-06
 23 39 -4.336942E-05 0 -4.336942E-05
 23 40 1.31884E-05 0 1.31884E-05
 23 41 -1.147314E-05 0 -1.147314E-05
 23 42 9.144253E-06 0 9.144253E-06
 23 43 7.005902E-06 0 7.005902E-06
 23 44 3.71816E-06 0 3.71816E-06
 23 45 4.3576E-06 0 4.3576E-06
 23 46 2.491476E-06 0 2.491476E-06
 23 47 -1.944775E-05 0 -1.944775E-05
 23 48 3.804597E-06 0 3.804597E-06
 23 49 4.019581E-06 0 4.019581E-06
 23 50 -9.156074E-06 0 -9.156074E-06
 23 51 1.508085E-05 0 1.508085E-05
 23 52 2.133998E-06 0 2.133998E-06
 23 53 1.053756E-05 0 1.053756E-05
 23 54 -1.417346E-05 0 -1.417346E-05
 23 55 4.492565E-06 0 4.492565E-06
 23 56 2.122803E-06 0 2.122803E-06
 23 57 9.196139E-06 0 9.196139E-06
 23 58 5.83762E-06 0 5.83762E-06
 23 59 9.091468E-07 0 9.091468E-07
 23 60 -8.485151E-06 0 -8.485151E-06
 23 61 2.767871E-06 0 2.767871E-06
 23 62 3.942005E-06 0 3.942005E-06
 23 63 3.236305E-06 0 3.236305E-06
 23 64 5.846481E-06 0 5.846481E-06
 23 65 1.089741E-05 0 1.089741E-05
 23 66 2.140151E-05 0 2.140151E-05
 23 67 -8.930774E-05 0 -8.930774E-05
 23 68 -1.512795E-04 0 -1.512795E-04
 23 69 -5.247055E-04 0 -5.247055E-04
 23 70 7.114876E-05 0 7.114876E-05
 23 71 6.045011E-05 0 6.045011E-05
 23 72 1.660312E-04 0 1.660312E-04
 23 73 4.241484E-05 0 4.241484E-05
 23 74 -6.803007E-05 0 -6.803007E-05
 23 75 1.27272E-05 0 1.27272E-05
 23 76 5.112986E-06 0 5.112986E-06
 23 77 1.482127E-06 0 1.482127E-06
 23 78 1.09608E-05 0 1.09608E-05
 23 79 3.515077E-06 0 3.515077E-06
 23 80 -5.212072E-05 0 -5.212072E-05
 23 81 1.024901E-05 0 1.024901E-05
 23 82 1.519012E-05 0 1.519012E-05
 23 83 -4.162738E-05 0 -4.162738E-05
 23 84 5.017908E-05 0 5.017908E-05
 23 85 -1.864272E-04 0 -1.864272E-04
 23 86 1.862544E-04 0 1.862544E-04
 23 87 1.996722E-04 0 1.996722E-04
 23 88 1.070439E-04 0 1.070439E-04
 23 89 1.051238E-04 0 1.051238E-04
 23 90 6.901966E-05 0 6.901966E-05
 23 91 -2.708847E-04 0 -2.708847E-04
 23 92 2.387281E-05 0 2.387281E-05
 23 93 -9.984767E-05 0 -9.984767E-05
 23 94 -2.661876E-05 0 -2.661876E-05
 23 95 -2.981917E-05 0 -2.981917E-05
 23 96 9.865953E-06 0 9.865953E-06
 23 97 -1.466431E-05 0 -1.466431E-05
 23 98 3.757137E-06 0 3.757137E-06
 23 99 5.85612E-07 0 5.85612E-07
 23 100 4.143006E-07 0 4.143006E-07
 24 25 -1.030593E-04 0 -1.030593E-04
 24 26 3.049162E-05 0 3.049162E-05
 24 27 -3.819977E-04 0 -3.819977E-04
 24 28 -5.489008E-04 0 -5.489008E-04
 24 29 -1.900759E-04 0 -1.900759E-04
 24 30 1.937287E-04 0 1.937287E-04
 24 31 -2.972151E-06 0 -2.972151E-06
 24 32 -2.399853E-04 0 -2.399853E-04
 24 33 -2.045773E-06 0 -2.045773E-06
 24 34 -1.631797E-06 0 -1.631797E-06
 24 35 9.301023E-05 0 9.301023E-05
 24 36 -5.02038E-06 0 -5.02038E-06
 24 37 -1.651383E-04 0 -1.651383E-04
 24 38 -2.444053E-06 0 -2.444053E-06
 24 39 -1.248256E-04 0 -1.248256E-04
 24 40 2.334411E-05 0 2.334411E-05
 24 41 -4.749476E-05 0 -4.749476E-05
 24 42 1.605534E-05 0 1.605534E-05
 24 43 5.777734E-06 0 5.777734E-06
 24 44 2.791164E-06 0 2.791164E-06
 24 45 6.476893E-06 0 6.476893E-06
 24 46 -6.500577E-07 0 -6.500577E-07
 24 47 -5.790086E-05 0 -5.790086E-05
 24 48 5.025066E-06 0 5.025066E-06
 24 49 3.861952E-06 0 3.861952E-06
 24 50 -3.363027E-05 0 -3.363027E-05
 24 51 1.776395E-05 0 1.776395E-05
 24 52 1.329339E-06 0 1.329339E-06
 24 53 1.258086E-05 0 1.258086E-05
 24 54 -3.894891E-05 0 -3.894891E-05
 24 55 3.013268E-06 0 3.013268E-06
 24 56 2.604107E-06 0 2.604107E-06
 24 57 1.025652E-05 0 1.025652E-05
 24 58 7.613117E-06 0 7.613117E-06
 24 59 -1.028895E-07 0 -1.028895E-07
 24 60 -2.013861E-05 0 -2.013861E-05
 24 61 1.203646E-06 0 1.203646E-06
 24 62 1.802413E-06 0 1.802413E-06
 24 63 3.627356E-06 0 3.627356E-06
 24 64 3.46774E-06 0 3.46774E-06
 24 65 6.888437E-06 0 6.888437E-06
 24 66 1.959773E-05 0 1.959773E-05
 24 67 -2.169186E-04 0 -2.169186E-04
 24 68 -4.351473E-04 0 -4.351473E-04
 24 69 -1.43935E-03 0 -1.43935E-03
 24 70 -2.417384E-04 0 -2.417384E-04
 24 71 -7.710935E-06 0 -7.710935E-06
 24 72 1.936788E-04 0 1.936788E-04
 24 73 2.962879E-05 0 2.962879E-05
 24 74 -1.704759E-04 0 -1.704759E-04
 24 75 1.776461E-05 0 1.776461E-05
 24 76 6.532312E-06 0 6.532312E-06
 24 77 -1.889698E-07 0 -1.889698E-07
 24 78 1.169941E-05 0 1.169941E-05
 24 79 -9.579045E-07 0 -9.579045E-07
 24 80 -1.583784E-04 0 -1.583784E-04
 24 81 8.531766E-06 0 8.531766E-06
 24 82 2.460576E-05 0 2.460576E-05
 24 83 -1.773332E-04 0 -1.773332E-04
 24 84 7.142207E-05 0 7.142207E-05
 24 85 -8.722606E-04 0 -8.722606E-04
 24 86 2.838512E-04 0 2.838512E-04
 24 87 4.458542E-04 0 4.458542E-04
 24 88 2.738614E-04 0 2.738614E-04
 24 89 1.27817E-04 0 1.27817E-04
 24 90 -2.59089E-05 0 -2.59089E-05
 24 91 -8.309112E-04 0 -8.309112E-04
 24 92 -3.281478E-05 0 -3.281478E-05
 24 93 -2.236029E-04 0 -2.236029E-04
 24 94 -7.448609E-05 0 -7.448609E-05
 24 95 -5.613866E-05 0 -5.613866E-05
 24 96 7.509276E-06 0 7.509276E-06
 24 97 -2.435241E-05 0 -2.435241E-05
 24 98 2.638573E-06 0 2.638573E-06
 24 99 -5.143207E-08 0 -5.143207E-08
 24 100 -3.534137E-08 0 -3.534137E-08
