 1 25 -2.459303E-05 0 -2.459303E-05
 1 26 -7.193136E-06 0 -7.193136E-06
 1 27 -5.682859E-05 0 -5.682859E-05
 1 28 -8.063159E-05 0 -8.063159E-05
 1 29 -8.086069E-05 0 -8.086069E-05
 1 30 -1.669999E-05 0 -1.669999E-05
 1 31 -3.667838E-05 0 -3.667838E-05
 1 32 -3.587581E-04 0 -3.587581E-04
 1 33 -3.076653E-05 0 -3.076653E-05
 1 34 -1.006733E-05 0 -1.006733E-05
 1 35 -8.611373E-06 0 -8.611373E-06
 1 36 -1.142648E-05 0 -1.142648E-05
 1 37 -4.972838E-05 0 -4.972838E-05
 1 38 -6.862345E-06 0 -6.862345E-06
 1 39 -5.608404E-05 0 -5.608404E-05
 1 40 -5.468705E-06 0 -5.468705E-06
 1 41 -3.472953E-05 0 -3.472953E-05
 1 42 -6.202475E-06 0 -6.202475E-06
 1 43 -5.545508E-06 0 -5.545508E-06
 1 44 -5.681876E-06 0 -5.681876E-06
 1 45 -9.460104E-06 0 -9.460104E-06
 1 46 -3.082823E-05 0 -3.082823E-05
 1 47 -2.880572E-04 0 -2.880572E-04
 1 48 -3.630592E-05 0 -3.630592E-05
 1 49 -1.677509E-05 0 -1.677509E-05
 1 50 -9.809752E-05 0 -9.809752E-05
 1 51 -3.027788E-05 0 -3.027788E-05
 1 52 -1.468566E-05 0 -1.468566E-05
 1 53 -9.885543E-06 0 -9.885543E-06
 1 54 -1.226309E-04 0 -1.226309E-04
 1 55 -2.95541E-05 0 -2.95541E-05
 1 56 -8.150171E-06 0 -8.150171E-06
 1 57 -6.560475E-06 0 -6.560475E-06
 1 58 -1.286206E-05 0 -1.286206E-05
 1 59 -1.160141E-05 0 -1.160141E-05
 1 60 -2.515929E-04 0 -2.515929E-04
 1 61 -1.039237E-04 0 -1.039237E-04
 1 62 -1.453204E-04 0 -1.453204E-04
 1 63 -2.249325E-04 0 -2.249325E-04
 1 64 -3.737783E-04 0 -3.737783E-04
 1 65 -2.265149E-04 0 -2.265149E-04
 1 66 -6.052962E-04 0 -6.052962E-04
 1 67 -9.206339E-04 0 -9.206339E-04
 1 68 -8.920788E-04 0 -8.920788E-04
 1 69 -5.486926E-04 0 -5.486926E-04
 1 70 -7.284787E-05 0 -7.284787E-05
 1 71 -9.062051E-05 0 -9.062051E-05
 1 72 -1.777471E-04 0 -1.777471E-04
 1 73 -4.738992E-04 0 -4.738992E-04
 1 74 -1.191457E-03 0 -1.191457E-03
 1 75 -2.297376E-04 0 -2.297376E-04
 1 76 -1.11049E-04 0 -1.11049E-04
 1 77 -5.920721E-05 0 -5.920721E-05
 1 78 -1.294616E-04 0 -1.294616E-04
 1 79 -2.92357E-05 0 -2.92357E-05
 1 80 -1.484038E-04 0 -1.484038E-04
 1 81 -8.373154E-06 0 -8.373154E-06
 1 82 -1.662209E-05 0 -1.662209E-05
 1 83 -1.341965E-04 0 -1.341965E-04
 1 84 -1.114691E-05 0 -1.114691E-05
 1 85 -9.249353E-05 0 -9.249353E-05
 1 86 -1.106494E-05 0 -1.106494E-05
 1 87 -4.154889E-06 0 -4.154889E-06
 1 88 -5.690804E-06 0 -5.690804E-06
 1 89 -7.111019E-06 0 -7.111019E-06
 1 90 -1.886884E-05 0 -1.886884E-05
 1 91 -2.469519E-04 0 -2.469519E-04
 1 92 -1.523593E-04 0 -1.523593E-04
 1 93 -5.887367E-04 0 -5.887367E-04
 1 94 -9.136613E-04 0 -9.136613E-04
 1 95 -1.883271E-03 0 -1.883271E-03
 1 96 -2.033942E-03 0 -2.033942E-03
 1 97 -6.934735E-03 0 -6.934735E-03
 1 98 -1.724304E-03 0 -1.724304E-03
 1 99 -1.408178E-03 0 -1.408178E-03
 1 100 -4.311763E-04 0 -4.311763E-04
 2 25 -6.029772E-06 0 -6.029772E-06
 2 26 3.142893E-06 0 3.142893E-06
 2 27 -1.62037E-05 0 -1.62037E-05
 2 28 -2.861499E-05 0 -2.861499E-05
 2 29 -2.25012E-05 0 -2.25012E-05
 2 30 4.325391E-05 0 4.325391E-05
 2 31 1.297345E-05 0 1.297345E-05
 2 32 -1.516817E-04 0 -1.516817E-04
 2 33 1.203588E-05 0 1.203588E-05
 2 34 3.718283E-06 0 3.718283E-06
 2 35 2.460246E-05 0 2.460246E-05
 2 36 3.736132E-06 0 3.736132E-06
 2 37 -1.663338E-05 0 -1.663338E-05
 2 38 2.135656E-06 0 2.135656E-06
 2 39 -1.978419E-05 0 -1.978419E-05
 2 40 6.25916E-06 0 6.25916E-06
 2 41 -8.705838E-06 0 -8.705838E-06
 2 42 6.431744E-06 0 6.431744E-06
 2 43 3.681779E-06 0 3.681779E-06
 2 44 3.715667E-06 0 3.715667E-06
 2 45 9.216412E-06 0 9.216412E-06
 2 46 7.504723E-06 0 7.504723E-06
 2 47 -7.434195E-05 0 -7.434195E-05
 2 48 3.828082E-05 0 3.828082E-05
 2 49 1.452402E-05 0 1.452402E-05
 2 50 -2.56604E-05 0 -2.56604E-05
 2 51 7.689988E-05 0 7.689988E-05
 2 52 1.299008E-05 0 1.299008E-05
 2 53 2.622664E-05 0 2.622664E-05
 2 54 -4.280407E-05 0 -4.280407E-05
 2 55 1.718084E-05 0 1.718084E-05
 2 56 1.147226E-05 0 1.147226E-05
 2 57 1.938736E-05 0 1.938736E-05
 2 58 1.942854E-05 0 1.942854E-05
 2 59 4.900343E-06 0 4.900343E-06
 2 60 -1.081629E-04 0 -1.081629E-04
 2 61 4.912838E-05 0 4.912838E-05
 2 62 5.860303E-05 0 5.860303E-05
 2 63 3.248761E-04 0 3.248761E-04
 2 64 2.622268E-04 0 2.622268E-04
 2 65 1.33519E-04 0 1.33519E-04
 2 66 2.470872E-04 0 2.470872E-04
 2 67 -2.910087E-04 0 -2.910087E-04
 2 68 -2.184098E-04 0 -2.184098E-04
 2 69 -1.480129E-04 0 -1.480129E-04
 2 70 6.379752E-06 0 6.379752E-06
 2 71 1.769592E-05 0 1.769592E-05
 2 72 2.567898E-04 0 2.567898E-04
 2 73 1.466254E-04 0 1.466254E-04
 2 74 -2.947005E-04 0 -2.947005E-04
 2 75 1.837807E-04 0 1.837807E-04
 2 76 1.021389E-04 0 1.021389E-04
 2 77 1.338412E-05 0 1.338412E-05
 2 78 3.577608E-05 0 3.577608E-05
 2 79 6.452683E-06 0 6.452683E-06
 2 80 -3.901189E-05 0 -3.901189E-05
 2 81 4.961008E-06 0 4.961008E-06
 2 82 1.277831E-05 0 1.277831E-05
 2 83 -2.728471E-05 0 -2.728471E-05
 2 84 7.267278E-06 0 7.267278E-06
 2 85 -2.1669E-05 0 -2.1669E-05
 2 86 4.160534E-06 0 4.160534E-06
 2 87 8.613897E-06 0 8.613897E-06
 2 88 6.039834E-06 0 6.039834E-06
 2 89 5.009812E-06 0 5.009812E-06
 2 90 5.170546E-06 0 5.170546E-06
 2 91 -7.820098E-05 0 -7.820098E-05
 2 92 1.427903E-06 0 1.427903E-06
 2 93 -2.230714E-04 0 -2.230714E-04
 2 94 -2.931371E-04 0 -2.931371E-04
 2 95 -9.6458E-04 0 -9.6458E-04
 2 96 1.397504E-03 0 1.397504E-03
 2 97 -5.963075E-03 0 -5.963075E-03
 2 98 2.172146E-03 0 2.172146E-03
 2 99 2.248142E-03 0 2.248142E-03
 2 100 6.002511E-04 0 6.002511E-04
 3 25 -6.28533E-06 0 -6.28533E-06
 3 26 1.037549E-05 0 1.037549E-05
 3 27 -2.448699E-05 0 -2.448699E-05
 3 28 -4.408189E-05 0 -4.408189E-05
 3 29 -2.241163E-05 0 -2.241163E-05
 3 30 -1.415813E-02 -1.420079E-02 4.265176E-05
 3 31 5.536205E-05 0 5.536205E-05
 3 32 -3.341692E-04 0 -3.341692E-04
 3 33 4.982655E-05 0 4.982655E-05
 3 34 2.63679E-05 0 2.63679E-05
 3 35 -9.618396E-03 -9.640798E-03 2.240209E-05
 3 36 1.321526E-05 0 1.321526E-05
 3 37 -2.623673E-05 0 -2.623673E-05
 3 38 6.851031E-06 0 6.851031E-06
 3 39 -3.015892E-05 0 -3.015892E-05
 3 40 4.798262E-03 4.780586E-03 1.767601E-05
 3 41 -6.918086E-06 0 -6.918086E-06
 3 42 4.66025E-03 4.64328E-03 1.696978E-05
 3 43 8.223382E-06 0 8.223382E-06
 3 44 7.886072E-06 0 7.886072E-06
 3 45 6.97583E-03 6.951857E-03 2.397325E-05
 3 46 2.218735E-05 0 2.218735E-05
 3 47 -1.158028E-04 0 -1.158028E-04
 3 48 1.8083E-02 1.796804E-02 1.149577E-04
 3 49 3.180407E-05 0 3.180407E-05
 3 50 -2.267886E-05 0 -2.267886E-05
 3 51 -1.860952E-02 -1.867896E-02 6.944267E-05
 3 52 3.318973E-05 0 3.318973E-05
 3 53 -9.207136E-03 -9.22803E-03 2.089395E-05
 3 54 -7.002026E-05 0 -7.002026E-05
 3 55 6.463195E-05 0 6.463195E-05
 3 56 8.625737E-03 8.592563E-03 3.317414E-05
 3 57 -7.601654E-03 -7.617153E-03 1.549883E-05
 3 58 1.111976E-02 1.105665E-02 6.310838E-05
 3 59 3.126008E-05 0 3.126008E-05
 3 60 -1.942839E-04 0 -1.942839E-04
 3 61 2.59312E-04 0 2.59312E-04
 3 62 3.228005E-04 0 3.228005E-04
 3 63 6.130115E-02 5.98979E-02 1.403255E-03
 3 64 1.578529E-03 0 1.578529E-03
 3 65 7.831926E-04 0 7.831926E-04
 3 66 -5.826504E-02 -5.826686E-02 1.814587E-06
 3 67 -6.695043E-04 0 -6.695043E-04
 3 68 -4.817145E-04 0 -4.817145E-04
 3 69 -2.651606E-04 0 -2.651606E-04
 3 70 5.082566E-05 0 5.082566E-05
 3 71 1.292621E-04 0 1.292621E-04
 3 72 -3.648828E-02 -3.675181E-02 2.635346E-04
 3 73 7.72544E-04 0 7.72544E-04
 3 74 -5.752449E-04 0 -5.752449E-04
 3 75 3.91052E-02 3.845035E-02 6.548516E-04
 3 76 3.167966E-02 3.134356E-02 3.360973E-04
 3 77 7.446453E-05 0 7.446453E-05
 3 78 -1.629605E-02 -1.629619E-02 1.333809E-07
 3 79 1.837089E-05 0 1.837089E-05
 3 80 -5.546232E-05 0 -5.546232E-05
 3 81 1.086572E-05 0 1.086572E-05
 3 82 8.529513E-03 8.496914E-03 3.259892E-05
 3 83 -3.208913E-05 0 -3.208913E-05
 3 84 1.499199E-05 0 1.499199E-05
 3 85 -3.1151E-05 0 -3.1151E-05
 3 86 1.365611E-05 0 1.365611E-05
 3 87 -4.107563E-03 -4.113928E-03 6.364927E-06
 3 88 4.765534E-03 4.748027E-03 1.750747E-05
 3 89 1.305926E-05 0 1.305926E-05
 3 90 1.848431E-05 0 1.848431E-05
 3 91 -1.469698E-04 0 -1.469698E-04
 3 92 -1.254623E-02 -1.257304E-02 2.681172E-05
 3 93 -5.242561E-04 0 -5.242561E-04
 3 94 -4.880026E-04 0 -4.880026E-04
 3 95 -3.046963E-03 0 -3.046963E-03
 3 96 -0.137188 -0.137205 1.661405E-05
 3 97 -2.631852E-02 0 -2.631852E-02
 3 98 -0.138102 -0.138119 1.692474E-05
 3 99 2.140884E-02 0 2.140884E-02
 3 100 3.439167E-03 0 3.439167E-03
 4 25 -2.35163E-06 0 -2.35163E-06
 4 26 7.865866E-06 0 7.865866E-06
 4 27 -1.822279E-05 0 -1.822279E-05
 4 28 -3.619167E-05 0 -3.619167E-05
 4 29 -1.007935E-05 0 -1.007935E-05
 4 30 -1.517215E-02 -1.522427E-02 5.211665E-05
 4 31 4.766868E-05 0 4.766868E-05
 4 32 -3.315011E-04 0 -3.315011E-04
 4 33 5.017675E-05 0 5.017675E-05
 4 34 1.859161E-05 0 1.859161E-05
 4 35 -1.050661E-02 -1.053459E-02 2.79792E-05
 4 36 1.101284E-05 0 1.101284E-05
 4 37 -2.030943E-05 0 -2.030943E-05
 4 38 4.980372E-06 0 4.980372E-06
 4 39 -1.975366E-05 0 -1.975366E-05
 4 40 4.314062E-03 4.302039E-03 1.20225E-05
 4 41 -2.547125E-06 0 -2.547125E-06
 4 42 3.985832E-03 3.975041E-03 1.079085E-05
 4 43 4.660841E-06 0 4.660841E-06
 4 44 4.182047E-06 0 4.182047E-06
 4 45 5.62802E-03 5.615353E-03 1.266657E-05
 4 46 1.15937E-05 0 1.15937E-05
 4 47 -6.147872E-05 0 -6.147872E-05
 4 48 1.361924E-02 1.356854E-02 5.070335E-05
 4 49 1.411102E-05 0 1.411102E-05
 4 50 -7.428259E-06 0 -7.428259E-06
 4 51 -1.489085E-02 -1.494128E-02 5.043329E-05
 4 52 1.488693E-05 0 1.488693E-05
 4 53 -7.522622E-03 -7.539138E-03 1.651533E-05
 4 54 -4.10795E-05 0 -4.10795E-05
 4 55 3.648318E-05 0 3.648318E-05
 4 56 6.95204E-03 6.934757E-03 1.728384E-05
 4 57 -6.524534E-03 -6.537861E-03 1.332688E-05
 4 58 9.789638E-03 9.749121E-03 4.051777E-05
 4 59 1.244575E-05 0 1.244575E-05
 4 60 -1.028694E-04 0 -1.028694E-04
 4 61 1.166914E-04 0 1.166914E-04
 4 62 1.425093E-04 0 1.425093E-04
 4 63 4.22319E-02 4.178491E-02 4.469866E-04
 4 64 6.617614E-04 0 6.617614E-04
 4 65 4.351644E-04 0 4.351644E-04
 4 66 -5.136003E-02 -5.133772E-02 -2.231313E-05
 4 67 -4.424859E-04 0 -4.424859E-04
 4 68 -4.07505E-04 0 -4.07505E-04
 4 69 -2.452427E-04 0 -2.452427E-04
 4 70 3.955723E-05 0 3.955723E-05
 4 71 9.680239E-05 0 9.680239E-05
 4 72 -3.830303E-02 -3.86202E-02 3.171755E-04
 4 73 5.791278E-04 0 5.791278E-04
 4 74 -3.309343E-04 0 -3.309343E-04
 4 75 3.098426E-02 3.066291E-02 3.213538E-04
 4 76 2.361025E-02 2.347321E-02 1.370448E-04
 4 77 2.360169E-05 0 2.360169E-05
 4 78 -1.301562E-02 -1.301413E-02 -1.488269E-06
 4 79 1.028833E-05 0 1.028833E-05
 4 80 -3.33834E-05 0 -3.33834E-05
 4 81 6.31474E-06 0 6.31474E-06
 4 82 7.641655E-03 7.621712E-03 1.994333E-05
 4 83 -2.358623E-05 0 -2.358623E-05
 4 84 9.437694E-06 0 9.437694E-06
 4 85 -2.36168E-05 0 -2.36168E-05
 4 86 1.15482E-05 0 1.15482E-05
 4 87 -4.126614E-03 -4.133548E-03 6.934739E-06
 4 88 4.850784E-03 4.836634E-03 1.415015E-05
 4 89 9.585944E-06 0 9.585944E-06
 4 90 1.560136E-05 0 1.560136E-05
 4 91 -1.15657E-04 0 -1.15657E-04
 4 92 -1.371722E-02 -1.370584E-02 -1.137516E-05
 4 93 -4.09571E-04 0 -4.09571E-04
 4 94 -2.379617E-04 0 -2.379617E-04
 4 95 -1.920615E-03 0 -1.920615E-03
 4 96 -0.116746 -0.11657 -1.754266E-04
 4 97 -1.506587E-02 0 -1.506587E-02
 4 98 -0.107677 -0.107537 -1.409045E-04
 4 99 3.538002E-03 0 3.538002E-03
 4 100 9.631811E-04 0 9.631811E-04
 5 25 -8.17615E-06 0 -8.17615E-06
 5 26 1.494723E-05 0 1.494723E-05
 5 27 -3.881479E-05 0 -3.881479E-05
 5 28 -8.07002E-05 0 -8.07002E-05
 5 29 -4.555821E-05 0 -4.555821E-05
 5 30 -2.332951E-02 -2.343576E-02 1.062513E-04
 5 31 1.659282E-04 0 1.659282E-04
 5 32 -1.353411E-03 0 -1.353411E-03
 5 33 1.871015E-04 0 1.871015E-04
 5 34 8.087075E-05 0 8.087075E-05
 5 35 -1.67776E-02 -1.683514E-02 5.753543E-05
 5 36 2.951358E-05 0 2.951358E-05
 5 37 -5.110851E-05 0 -5.110851E-05
 5 38 1.17072E-05 0 1.17072E-05
 5 39 -4.687758E-05 0 -4.687758E-05
 5 40 6.023947E-03 5.999478E-03 2.446955E-05
 5 41 -8.705112E-06 0 -8.705112E-06
 5 42 5.122215E-03 5.102834E-03 1.938027E-05
 5 43 9.123153E-06 0 9.123153E-06
 5 44 7.816864E-06 0 7.816864E-06
 5 45 6.969724E-03 6.945782E-03 2.394178E-05
 5 46 2.103188E-05 0 2.103188E-05
 5 47 -1.214331E-04 0 -1.214331E-04
 5 48 1.760599E-02 1.749643E-02 1.095545E-04
 5 49 3.332221E-05 0 3.332221E-05
 5 50 -2.814694E-05 0 -2.814694E-05
 5 51 -2.117965E-02 -2.1268E-02 8.835103E-05
 5 52 3.869156E-05 0 3.869156E-05
 5 53 -1.090441E-02 -1.093186E-02 2.745861E-05
 5 54 -1.075742E-04 0 -1.075742E-04
 5 55 9.276154E-05 0 9.276154E-05
 5 56 1.052628E-02 1.048074E-02 4.55391E-05
 5 57 -1.010042E-02 -1.012466E-02 2.423649E-05
 5 58 1.575061E-02 1.563677E-02 1.138391E-04
 5 59 5.141538E-05 0 5.141538E-05
 5 60 -3.341744E-04 0 -3.341744E-04
 5 61 3.494588E-04 0 3.494588E-04
 5 62 3.907238E-04 0 3.907238E-04
 5 63 6.144283E-02 6.00321E-02 1.410736E-03
 5 64 2.601723E-03 0 2.601723E-03
 5 65 1.629745E-03 0 1.629745E-03
 5 66 -7.778946E-02 -7.779313E-02 3.667705E-06
 5 67 -1.316993E-03 0 -1.316993E-03
 5 68 -9.995577E-04 0 -9.995577E-04
 5 69 -4.748469E-04 0 -4.748469E-04
 5 70 8.176348E-05 0 8.176348E-05
 5 71 2.246457E-04 0 2.246457E-04
 5 72 -4.257598E-02 -4.294488E-02 3.688966E-04
 5 73 1.090121E-03 0 1.090121E-03
 5 74 -6.840695E-04 0 -6.840695E-04
 5 75 3.624607E-02 3.568724E-02 5.588239E-04
 5 76 2.889677E-02 2.86173E-02 2.794707E-04
 5 77 5.489325E-05 0 5.489325E-05
 5 78 -1.462581E-02 -1.462592E-02 1.102853E-07
 5 79 1.704602E-05 0 1.704602E-05
 5 80 -5.994455E-05 0 -5.994455E-05
 5 81 1.122408E-05 0 1.122408E-05
 5 82 8.326575E-03 8.295174E-03 3.140159E-05
 5 83 -3.521204E-05 0 -3.521204E-05
 5 84 1.745552E-05 0 1.745552E-05
 5 85 -4.124411E-05 0 -4.124411E-05
 5 86 1.930287E-05 0 1.930287E-05
 5 87 -5.308613E-03 -5.317725E-03 9.111178E-06
 5 88 6.549254E-03 6.521583E-03 2.767036E-05
 5 89 2.18905E-05 0 2.18905E-05
 5 90 3.612375E-05 0 3.612375E-05
 5 91 -2.992648E-04 0 -2.992648E-04
 5 92 -2.016105E-02 -2.023239E-02 7.134258E-05
 5 93 -1.549448E-03 0 -1.549448E-03
 5 94 -2.039638E-03 0 -2.039638E-03
 5 95 -1.271909E-02 0 -1.271909E-02
 5 96 -0.224519 -0.224583 6.420252E-05
 5 97 -0.124053 0 -0.124053
 5 98 -0.195228 -0.195273 4.451494E-05
 5 99 2.224845E-02 0 2.224845E-02
 5 100 4.790274E-03 0 4.790274E-03
 6 25 -1.487227E-05 0 -1.487227E-05
 6 26 2.698955E-05 0 2.698955E-05
 6 27 -7.346092E-05 0 -7.346092E-05
 6 28 -1.454334E-04 0 -1.454334E-04
 6 29 -8.79533E-05 0 -8.79533E-05
 6 30 -3.08608E-02 -3.104627E-02 1.854723E-04
 6 31 2.713796E-04 0 2.713796E-04
 6 32 -1.95088E-03 0 -1.95088E-03
 6 33 2.147264E-04 0 2.147264E-04
 6 34 1.007945E-04 0 1.007945E-04
 6 35 -2.000154E-02 -2.008089E-02 7.935592E-05
 6 36 4.541506E-05 0 4.541506E-05
 6 37 -8.235311E-05 0 -8.235311E-05
 6 38 1.953258E-05 0 1.953258E-05
 6 39 -8.5843E-05 0 -8.5843E-05
 6 40 8.987085E-03 8.942238E-03 4.484678E-05
 6 41 -1.730315E-05 0 -1.730315E-05
 6 42 8.099341E-03 8.061197E-03 3.814411E-05
 6 43 1.869187E-05 0 1.869187E-05
 6 44 1.614693E-05 0 1.614693E-05
 6 45 1.140129E-02 1.13494E-02 5.188721E-05
 6 46 5.158605E-05 0 5.158605E-05
 6 47 -3.342282E-04 0 -3.342282E-04
 6 48 2.954816E-02 2.9256E-02 2.921625E-04
 6 49 7.628988E-05 0 7.628988E-05
 6 50 -6.566182E-05 0 -6.566182E-05
 6 51 -3.360457E-02 -3.382593E-02 2.213596E-04
 6 52 8.378762E-05 0 8.378762E-05
 6 53 -1.622113E-02 -1.62753E-02 5.416683E-05
 6 54 -2.17E-04 0 -2.17E-04
 6 55 1.793418E-04 0 1.793418E-04
 6 56 1.459585E-02 1.451713E-02 7.872561E-05
 6 57 -1.36192E-02 -1.365909E-02 3.988963E-05
 6 58 2.059397E-02 2.040945E-02 1.845204E-04
 6 59 8.334651E-05 0 8.334651E-05
 6 60 -6.206146E-04 0 -6.206146E-04
 6 61 7.682748E-04 0 7.682748E-04
 6 62 1.105541E-03 0 1.105541E-03
 6 63 0.104739 9.967377E-02 5.065266E-03
 6 64 8.080185E-03 0 8.080185E-03
 6 65 5.237361E-03 0 5.237361E-03
 6 66 -0.13691 -0.136926 1.65202E-05
 6 67 -4.550715E-03 0 -4.550715E-03
 6 68 -3.256117E-03 0 -3.256117E-03
 6 69 -1.22574E-03 0 -1.22574E-03
 6 70 1.87011E-04 0 1.87011E-04
 6 71 5.580528E-04 0 5.580528E-04
 6 72 -7.031959E-02 -7.153167E-02 1.212073E-03
 6 73 4.89852E-03 0 4.89852E-03
 6 74 -2.566222E-03 0 -2.566222E-03
 6 75 6.779338E-02 6.557981E-02 2.213562E-03
 6 76 5.188185E-02 5.092081E-02 9.610382E-04
 6 77 1.614598E-04 0 1.614598E-04
 6 78 -2.528922E-02 -2.528952E-02 3.024948E-07
 6 79 4.107914E-05 0 4.107914E-05
 6 80 -1.403823E-04 0 -1.403823E-04
 6 81 2.403833E-05 0 2.403833E-05
 6 82 1.373488E-02 1.366397E-02 7.091312E-05
 6 83 -8.325658E-05 0 -8.325658E-05
 6 84 3.644429E-05 0 3.644429E-05
 6 85 -8.664212E-05 0 -8.664212E-05
 6 86 3.62446E-05 0 3.62446E-05
 6 87 -7.86349E-03 -7.879816E-03 1.632592E-05
 6 88 9.457952E-03 9.409338E-03 4.861399E-05
 6 89 4.100335E-05 0 4.100335E-05
 6 90 6.814682E-05 0 6.814682E-05
 6 91 -6.688918E-04 0 -6.688918E-04
 6 92 -2.889918E-02 -2.906099E-02 1.618145E-04
 6 93 -3.729069E-03 0 -3.729069E-03
 6 94 -5.928148E-03 0 -5.928148E-03
 6 95 -3.221124E-02 0 -3.221124E-02
 6 96 -0.345072 -0.345235 1.633277E-04
 6 97 -0.125883 0 -0.125883
 6 98 -0.176698 -0.176731 3.379041E-05
 6 99 1.214323E-02 0 1.214323E-02
 6 100 2.00702E-03 0 2.00702E-03
 7 25 -1.328842E-05 0 -1.328842E-05
 7 26 2.304439E-05 0 2.304439E-05
 7 27 -6.238293E-05 0 -6.238293E-05
 7 28 -1.16658E-04 0 -1.16658E-04
 7 29 -6.246523E-05 0 -6.246523E-05
 7 30 -2.619734E-02 -2.633061E-02 1.332693E-04
 7 31 1.597996E-04 0 1.597996E-04
 7 32 -1.16986E-03 0 -1.16986E-03
 7 33 1.268528E-04 0 1.268528E-04
 7 34 7.010533E-05 0 7.010533E-05
 7 35 -1.610219E-02 -1.615565E-02 5.346151E-05
 7 36 3.317363E-05 0 3.317363E-05
 7 37 -5.758888E-05 0 -5.758888E-05
 7 38 1.456739E-05 0 1.456739E-05
 7 39 -6.237876E-05 0 -6.237876E-05
 7 40 7.610896E-03 7.57622E-03 3.467643E-05
 7 41 -1.367468E-05 0 -1.367468E-05
 7 42 7.280058E-03 7.247643E-03 3.24155E-05
 7 43 1.743495E-05 0 1.743495E-05
 7 44 1.485921E-05 0 1.485921E-05
 7 45 1.016751E-02 1.012445E-02 4.305699E-05
 7 46 4.23247E-05 0 4.23247E-05
 7 47 -2.489905E-04 0 -2.489905E-04
 7 48 2.344331E-02 2.325727E-02 1.860435E-04
 7 49 5.076097E-05 0 5.076097E-05
 7 50 -4.331959E-05 0 -4.331959E-05
 7 51 -2.490367E-02 -2.50243E-02 1.20624E-04
 7 52 4.613062E-05 0 4.613062E-05
 7 53 -1.19863E-02 -1.201842E-02 3.212133E-05
 7 54 -1.174922E-04 0 -1.174922E-04
 7 55 8.565692E-05 0 8.565692E-05
 7 56 9.991362E-03 9.949498E-03 4.186376E-05
 7 57 -9.558805E-03 -9.580986E-03 2.218033E-05
 7 58 1.399882E-02 1.390602E-02 9.280062E-05
 7 59 3.745648E-05 0 3.745648E-05
 7 60 -2.366532E-04 0 -2.366532E-04
 7 61 2.67937E-04 0 2.67937E-04
 7 62 4.306764E-04 0 4.306764E-04
 7 63 6.325321E-02 6.174461E-02 1.508601E-03
 7 64 1.775465E-03 0 1.775465E-03
 7 65 1.612924E-03 0 1.612924E-03
 7 66 -9.905667E-02 -9.906352E-02 6.843623E-06
 7 67 -3.077394E-03 0 -3.077394E-03
 7 68 -3.429991E-03 0 -3.429991E-03
 7 69 -1.578883E-03 0 -1.578883E-03
 7 70 3.037909E-04 0 3.037909E-04
 7 71 1.188519E-03 0 1.188519E-03
 7 72 -9.01278E-02 -9.245431E-02 2.326502E-03
 7 73 6.338452E-03 0 6.338452E-03
 7 74 -2.50404E-03 0 -2.50404E-03
 7 75 6.415979E-02 6.221044E-02 1.949347E-03
 7 76 4.351885E-02 4.28657E-02 6.531432E-04
 7 77 1.323459E-04 0 1.323459E-04
 7 78 -2.486562E-02 -2.486591E-02 2.926974E-07
 7 79 3.99496E-05 0 3.99496E-05
 7 80 -1.407783E-04 0 -1.407783E-04
 7 81 2.613975E-05 0 2.613975E-05
 7 82 1.533041E-02 1.524467E-02 8.573865E-05
 7 83 -1.034799E-04 0 -1.034799E-04
 7 84 4.409386E-05 0 4.409386E-05
 7 85 -9.796616E-05 0 -9.796616E-05
 7 86 4.053932E-05 0 4.053932E-05
 7 87 -7.94782E-03 -7.964417E-03 1.659664E-05
 7 88 9.138916E-03 9.092871E-03 4.604535E-05
 7 89 4.100897E-05 0 4.100897E-05
 7 90 6.383701E-05 0 6.383701E-05
 7 91 -5.825966E-04 0 -5.825966E-04
 7 92 -2.653917E-02 -2.667162E-02 1.324502E-04
 7 93 -2.08086E-03 0 -2.08086E-03
 7 94 -2.309159E-03 0 -2.309159E-03
 7 95 -7.125725E-03 0 -7.125725E-03
 7 96 -0.160403 -0.160429 2.575794E-05
 7 97 -1.899304E-02 0 -1.899304E-02
 7 98 -8.704558E-02 -8.705046E-02 4.882972E-06
 7 99 1.930788E-03 0 1.930788E-03
 7 100 5.06299E-04 0 5.06299E-04
 8 25 -8.850836E-05 0 -8.850836E-05
 8 26 -5.123995E-05 0 -5.123995E-05
 8 27 -3.289224E-04 0 -3.289224E-04
 8 28 -5.612472E-04 0 -5.612472E-04
 8 29 -8.346899E-04 0 -8.346899E-04
 8 30 -4.784789E-04 0 -4.784789E-04
 8 31 -1.077464E-03 0 -1.077464E-03
 8 32 -1.026162E-02 0 -1.026162E-02
 8 33 -1.137079E-03 0 -1.137079E-03
 8 34 -2.629277E-04 0 -2.629277E-04
 8 35 -2.126644E-04 0 -2.126644E-04
 8 36 -1.969449E-04 0 -1.969449E-04
 8 37 -3.663172E-04 0 -3.663172E-04
 8 38 -6.981437E-05 0 -6.981437E-05
 8 39 -2.629949E-04 0 -2.629949E-04
 8 40 -3.450341E-05 0 -3.450341E-05
 8 41 -1.33467E-04 0 -1.33467E-04
 8 42 -2.775403E-05 0 -2.775403E-05
 8 43 -3.116613E-05 0 -3.116613E-05
 8 44 -2.470951E-05 0 -2.470951E-05
 8 45 -3.012538E-05 0 -3.012538E-05
 8 46 -1.152237E-04 0 -1.152237E-04
 8 47 -8.135684E-04 0 -8.135684E-04
 8 48 -1.128798E-04 0 -1.128798E-04
 8 49 -7.555237E-05 0 -7.555237E-05
 8 50 -3.809252E-04 0 -3.809252E-04
 8 51 -2.270119E-04 0 -2.270119E-04
 8 52 -8.08976E-05 0 -8.08976E-05
 8 53 -6.98831E-05 0 -6.98831E-05
 8 54 -5.591649E-04 0 -5.591649E-04
 8 55 -1.722963E-04 0 -1.722963E-04
 8 56 -3.820044E-05 0 -3.820044E-05
 8 57 -5.734465E-05 0 -5.734465E-05
 8 58 -1.07341E-04 0 -1.07341E-04
 8 59 -7.615002E-05 0 -7.615002E-05
 8 60 -1.174794E-03 0 -1.174794E-03
 8 61 -4.383E-04 0 -4.383E-04
 8 62 -6.027224E-04 0 -6.027224E-04
 8 63 -8.076404E-04 0 -8.076404E-04
 8 64 -2.849425E-03 0 -2.849425E-03
 8 65 -3.01069E-03 0 -3.01069E-03
 8 66 -8.640823E-03 0 -8.640823E-03
 8 67 -1.055983E-02 0 -1.055983E-02
 8 68 -1.587878E-02 0 -1.587878E-02
 8 69 -6.241033E-03 0 -6.241033E-03
 8 70 -1.092933E-03 0 -1.092933E-03
 8 71 -2.215227E-03 0 -2.215227E-03
 8 72 -3.613066E-03 0 -3.613066E-03
 8 73 -7.225297E-03 0 -7.225297E-03
 8 74 -5.65839E-03 0 -5.65839E-03
 8 75 -8.826536E-04 0 -8.826536E-04
 8 76 -3.129111E-04 0 -3.129111E-04
 8 77 -1.306938E-04 0 -1.306938E-04
 8 78 -2.870111E-04 0 -2.870111E-04
 8 79 -1.075669E-04 0 -1.075669E-04
 8 80 -4.152882E-04 0 -4.152882E-04
 8 81 -4.335768E-05 0 -4.335768E-05
 8 82 -5.617919E-05 0 -5.617919E-05
 8 83 -5.103295E-04 0 -5.103295E-04
 8 84 -7.366215E-05 0 -7.366215E-05
 8 85 -4.364582E-04 0 -4.364582E-04
 8 86 -8.868538E-05 0 -8.868538E-05
 8 87 -4.187028E-05 0 -4.187028E-05
 8 88 -5.211173E-05 0 -5.211173E-05
 8 89 -1.019659E-04 0 -1.019659E-04
 8 90 -3.264569E-04 0 -3.264569E-04
 8 91 -2.716195E-03 0 -2.716195E-03
 8 92 -3.661681E-03 0 -3.661681E-03
 8 93 -1.139458E-02 0 -1.139458E-02
 8 94 -3.715701E-02 0 -3.715701E-02
 8 95 -3.677621E-02 0 -3.677621E-02
 8 96 -4.079337E-02 0 -4.079337E-02
 8 97 -0.107928 0 -0.107928
 8 98 -9.248298E-03 0 -9.248298E-03
 8 99 -3.166045E-03 0 -3.166045E-03
 8 100 -1.092299E-03 0 -1.092299E-03
 9 25 -1.541042E-04 0 -1.541042E-04
 9 26 -8.473496E-05 0 -8.473496E-05
 9 27 -6.872416E-04 0 -6.872416E-04
 9 28 -1.315781E-03 0 -1.315781E-03
 9 29 -2.32678E-03 0 -2.32678E-03
 9 30 -1.099161E-03 0 -1.099161E-03
 9 31 -3.696693E-03 0 -3.696693E-03
 9 32 -4.6134E-02 0 -4.6134E-02
 9 33 -3.284205E-03 0 -3.284205E-03
 9 34 -6.1865E-04 0 -6.1865E-04
 9 35 -4.052283E-04 0 -4.052283E-04
 9 36 -4.559335E-04 0 -4.559335E-04
 9 37 -8.43856E-04 0 -8.43856E-04
 9 38 -1.390453E-04 0 -1.390453E-04
 9 39 -5.827084E-04 0 -5.827084E-04
 9 40 -5.578531E-05 0 -5.578531E-05
 9 41 -2.515487E-04 0 -2.515487E-04
 9 42 -3.999353E-05 0 -3.999353E-05
 9 43 -4.361611E-05 0 -4.361611E-05
 9 44 -3.254869E-05 0 -3.254869E-05
 9 45 -4.493661E-05 0 -4.493661E-05
 9 46 -1.914755E-04 0 -1.914755E-04
 9 47 -1.67297E-03 0 -1.67297E-03
 9 48 -1.9857E-04 0 -1.9857E-04
 9 49 -1.067195E-04 0 -1.067195E-04
 9 50 -8.335669E-04 0 -8.335669E-04
 9 51 -4.120675E-04 0 -4.120675E-04
 9 52 -1.426623E-04 0 -1.426623E-04
 9 53 -1.101654E-04 0 -1.101654E-04
 9 54 -1.357577E-03 0 -1.357577E-03
 9 55 -3.492878E-04 0 -3.492878E-04
 9 56 -6.896125E-05 0 -6.896125E-05
 9 57 -9.130238E-05 0 -9.130238E-05
 9 58 -2.149241E-04 0 -2.149241E-04
 9 59 -1.533276E-04 0 -1.533276E-04
 9 60 -3.046191E-03 0 -3.046191E-03
 9 61 -9.219671E-04 0 -9.219671E-04
 9 62 -1.341548E-03 0 -1.341548E-03
 9 63 -1.821597E-03 0 -1.821597E-03
 9 64 -8.161627E-03 0 -8.161627E-03
 9 65 -1.129343E-02 0 -1.129343E-02
 9 66 -3.718138E-02 0 -3.718138E-02
 9 67 -4.618111E-02 0 -4.618111E-02
 9 68 -5.989834E-02 0 -5.989834E-02
 9 69 -1.579327E-02 0 -1.579327E-02
 9 70 -1.907362E-03 0 -1.907362E-03
 9 71 -3.393021E-03 0 -3.393021E-03
 9 72 -5.155921E-03 0 -5.155921E-03
 9 73 -1.767182E-02 0 -1.767182E-02
 9 74 -1.442152E-02 0 -1.442152E-02
 9 75 -1.48948E-03 0 -1.48948E-03
 9 76 -5.553075E-04 0 -5.553075E-04
 9 77 -1.912053E-04 0 -1.912053E-04
 9 78 -3.974328E-04 0 -3.974328E-04
 9 79 -1.638783E-04 0 -1.638783E-04
 9 80 -7.467358E-04 0 -7.467358E-04
 9 81 -5.581089E-05 0 -5.581089E-05
 9 82 -7.164964E-05 0 -7.164964E-05
 9 83 -7.935153E-04 0 -7.935153E-04
 9 84 -8.335693E-05 0 -8.335693E-05
 9 85 -7.61672E-04 0 -7.61672E-04
 9 86 -1.319888E-04 0 -1.319888E-04
 9 87 -5.396926E-05 0 -5.396926E-05
 9 88 -8.266281E-05 0 -8.266281E-05
 9 89 -1.743095E-04 0 -1.743095E-04
 9 90 -7.386593E-04 0 -7.386593E-04
 9 91 -8.399009E-03 0 -8.399009E-03
 9 92 -1.37382E-02 0 -1.37382E-02
 9 93 -6.174065E-02 0 -6.174065E-02
 9 94 -0.289153 0 -0.289153
 9 95 -0.23333 0 -0.23333
 9 96 -0.127243 0 -0.127243
 9 97 -0.289288 0 -0.289288
 9 98 -1.337408E-02 0 -1.337408E-02
 9 99 -2.922483E-03 0 -2.922483E-03
 9 100 -9.410875E-04 0 -9.410875E-04
 10 25 -6.610913E-05 0 -6.610913E-05
 10 26 5.138649E-05 0 5.138649E-05
 10 27 -4.100875E-04 0 -4.100875E-04
 10 28 -8.116962E-04 0 -8.116962E-04
 10 29 -7.629433E-04 0 -7.629433E-04
 10 30 5.86224E-02 5.536152E-02 3.260881E-03
 10 31 7.26393E-04 0 7.26393E-04
 10 32 -1.148952E-02 0 -1.148952E-02
 10 33 4.288666E-04 0 4.288666E-04
 10 34 1.953608E-04 0 1.953608E-04
 10 35 3.152941E-02 3.063072E-02 8.98687E-04
 10 36 1.186365E-04 0 1.186365E-04
 10 37 -3.452944E-04 0 -3.452944E-04
 10 38 4.270112E-05 0 4.270112E-05
 10 39 -3.373067E-04 0 -3.373067E-04
 10 40 -1.370163E-02 -1.370173E-02 9.852695E-08
 10 41 -9.929941E-05 0 -9.929941E-05
 10 42 -1.232722E-02 -1.23273E-02 8.234348E-08
 10 43 5.078497E-05 0 5.078497E-05
 10 44 3.730224E-05 0 3.730224E-05
 10 45 -1.587022E-02 -1.586812E-02 -2.098411E-06
 10 46 9.357499E-05 0 9.357499E-05
 10 47 -1.270023E-03 0 -1.270023E-03
 10 48 -3.351795E-02 -3.350916E-02 -8.79595E-06
 10 49 1.263658E-04 0 1.263658E-04
 10 50 -3.246314E-04 0 -3.246314E-04
 10 51 4.083816E-02 3.932196E-02 1.516196E-03
 10 52 1.09984E-04 0 1.09984E-04
 10 53 1.931708E-02 1.89615E-02 3.555887E-04
 10 54 -5.680491E-04 0 -5.680491E-04
 10 55 1.356633E-04 0 1.356633E-04
 10 56 -1.45481E-02 -1.45463E-02 -1.801736E-06
 10 57 1.526636E-02 1.503179E-02 2.345688E-04
 10 58 -2.175054E-02 -2.175077E-02 2.264395E-07
 10 59 5.410441E-05 0 5.410441E-05
 10 60 -8.716969E-04 0 -8.716969E-04
 10 61 3.530169E-04 0 3.530169E-04
 10 62 6.822998E-04 0 6.822998E-04
 10 63 -7.260815E-02 -7.255726E-02 -5.088974E-05
 10 64 2.240735E-03 0 2.240735E-03
 10 65 3.905004E-03 0 3.905004E-03
 10 66 0.221251 0.185942 3.53094E-02
 10 67 -4.743832E-02 0 -4.743832E-02
 10 68 -8.590492E-02 0 -8.590492E-02
 10 69 -2.631863E-02 0 -2.631863E-02
 10 70 1.734306E-03 0 1.734306E-03
 10 71 9.307429E-03 0 9.307429E-03
 10 72 0.299222 0.203211 9.601042E-02
 10 73 4.03888E-02 0 4.03888E-02
 10 74 -2.410977E-02 0 -2.410977E-02
 10 75 -9.334797E-02 -9.335383E-02 5.854369E-06
 10 76 -5.979488E-02 -5.976309E-02 -3.17951E-05
 10 77 1.849891E-04 0 1.849891E-04
 10 78 3.694767E-02 3.634576E-02 6.019081E-04
 10 79 9.11428E-05 0 9.11428E-05
 10 80 -7.433425E-04 0 -7.433425E-04
 10 81 7.694304E-05 0 7.694304E-05
 10 82 -2.474308E-02 -2.47383E-02 -4.779628E-06
 10 83 -7.860041E-04 0 -7.860041E-04
 10 84 1.552795E-04 0 1.552795E-04
 10 85 -6.69575E-04 0 -6.69575E-04
 10 86 1.067102E-04 0 1.067102E-04
 10 87 1.601798E-02 1.576299E-02 2.549851E-04
 10 88 -1.842547E-02 -1.842564E-02 1.664017E-07
 10 89 1.992747E-04 0 1.992747E-04
 10 90 3.159079E-04 0 3.159079E-04
 10 91 -7.088241E-03 0 -7.088241E-03
 10 92 6.616566E-02 6.455239E-02 1.613274E-03
 10 93 -2.872099E-02 0 -2.872099E-02
 10 94 -4.866669E-02 0 -4.866669E-02
 10 95 -4.022739E-02 0 -4.022739E-02
 10 96 0.21053 0.178703 3.182705E-02
 10 97 -2.412832E-02 0 -2.412832E-02
 10 98 6.982774E-02 6.73854E-02 2.442335E-03
 10 99 4.547932E-04 0 4.547932E-04
 10 100 1.515405E-04 0 1.515405E-04
 11 25 -8.475358E-06 0 -8.475358E-06
 11 26 5.330458E-05 0 5.330458E-05
 11 27 -1.032804E-04 0 -1.032804E-04
 11 28 -2.364312E-04 0 -2.364312E-04
 11 29 -7.919132E-05 0 -7.919132E-05
 11 30 4.033773E-02 3.863508E-02 1.702656E-03
 11 31 6.932133E-04 0 6.932133E-04
 11 32 -2.874995E-03 0 -2.874995E-03
 11 33 5.610365E-04 0 5.610365E-04
 11 34 2.165293E-04 0 2.165293E-04
 11 35 2.320236E-02 2.262534E-02 5.770231E-04
 11 36 1.494995E-04 0 1.494995E-04
 11 37 -8.688153E-05 0 -8.688153E-05
 11 38 5.267569E-05 0 5.267569E-05
 11 39 -9.166401E-05 0 -9.166401E-05
 11 40 -9.057437E-03 -9.077794E-03 2.03579E-05
 11 41 -1.195886E-05 0 -1.195886E-05
 11 42 -8.190696E-03 -8.208084E-03 1.73882E-05
 11 43 4.569044E-05 0 4.569044E-05
 11 44 3.359682E-05 0 3.359682E-05
 11 45 -1.020405E-02 -1.023073E-02 2.668126E-05
 11 46 9.286099E-05 0 9.286099E-05
 11 47 -2.191103E-04 0 -2.191103E-04
 11 48 -1.955924E-02 -1.96417E-02 8.24542E-05
 11 49 7.728615E-05 0 7.728615E-05
 11 50 -3.039651E-05 0 -3.039651E-05
 11 51 2.314527E-02 2.257089E-02 5.743801E-04
 11 52 7.105203E-05 0 7.105203E-05
 11 53 1.161559E-02 1.144358E-02 1.720093E-04
 11 54 -1.059582E-04 0 -1.059582E-04
 11 55 9.756235E-05 0 9.756235E-05
 11 56 -8.803714E-03 -8.824791E-03 2.10764E-05
 11 57 9.490686E-03 9.366394E-03 1.242916E-04
 11 58 -1.350728E-02 -1.354661E-02 3.932852E-05
 11 59 4.091522E-05 0 4.091522E-05
 11 60 -1.512437E-04 0 -1.512437E-04
 11 61 2.344853E-04 0 2.344853E-04
 11 62 3.917105E-04 0 3.917105E-04
 11 63 -3.908766E-02 -3.941912E-02 3.314586E-04
 11 64 9.881989E-04 0 9.881989E-04
 11 65 1.501994E-03 0 1.501994E-03
 11 66 0.101929 9.08958E-02 1.103332E-02
 11 67 -5.113363E-03 0 -5.113363E-03
 11 68 -1.03274E-02 0 -1.03274E-02
 11 69 -6.565617E-03 0 -6.565617E-03
 11 70 2.386502E-03 0 2.386502E-03
 11 71 1.424694E-02 0 1.424694E-02
 11 72 0.200123 0.150083 5.004048E-02
 11 73 1.699877E-02 0 1.699877E-02
 11 74 -3.362949E-03 0 -3.362949E-03
 11 75 -5.398536E-02 -5.462056E-02 6.352035E-04
 11 76 -3.422263E-02 -3.447194E-02 2.493065E-04
 11 77 1.271412E-04 0 1.271412E-04
 11 78 2.421296E-02 2.367333E-02 5.396274E-04
 11 79 1.012803E-04 0 1.012803E-04
 11 80 -2.033575E-04 0 -2.033575E-04
 11 81 7.411222E-05 0 7.411222E-05
 11 82 -1.850498E-02 -1.857942E-02 7.444182E-05
 11 83 -1.460934E-04 0 -1.460934E-04
 11 84 1.483249E-04 0 1.483249E-04
 11 85 -1.911621E-04 0 -1.911621E-04
 11 86 1.320055E-04 0 1.320055E-04
 11 87 1.227954E-02 1.209104E-02 1.88502E-04
 11 88 -1.380933E-02 -1.385019E-02 4.085268E-05
 11 89 1.954961E-04 0 1.954961E-04
 11 90 3.905052E-04 0 3.905052E-04
 11 91 -1.557621E-03 0 -1.557621E-03
 11 92 4.64771E-02 4.24566E-02 4.020506E-03
 11 93 -4.033842E-03 0 -4.033842E-03
 11 94 -2.152786E-03 0 -2.152786E-03
 11 95 -4.642443E-03 0 -4.642443E-03
 11 96 0.110555 9.735802E-02 1.319692E-02
 11 97 -4.454054E-03 0 -4.454054E-03
 11 98 4.787749E-02 4.576366E-02 2.113827E-03
 11 99 4.029747E-04 0 4.029747E-04
 11 100 1.62812E-04 0 1.62812E-04
 12 25 -3.983527E-05 0 -3.983527E-05
 12 26 1.338746E-05 0 1.338746E-05
 12 27 -2.302267E-04 0 -2.302267E-04
 12 28 -4.709978E-04 0 -4.709978E-04
 12 29 -5.68493E-04 0 -5.68493E-04
 12 30 9.211702E-04 0 9.211702E-04
 12 31 -4.589422E-05 0 -4.589422E-05
 12 32 -1.334321E-02 0 -1.334321E-02
 12 33 -4.545577E-05 0 -4.545577E-05
 12 34 -1.033262E-05 0 -1.033262E-05
 12 35 3.115402E-04 0 3.115402E-04
 12 36 -7.952852E-06 0 -7.952852E-06
 12 37 -2.410717E-04 0 -2.410717E-04
 12 38 -2.071588E-06 0 -2.071588E-06
 12 39 -1.537549E-04 0 -1.537549E-04
 12 40 2.035944E-05 0 2.035944E-05
 12 41 -5.345705E-05 0 -5.345705E-05
 12 42 1.433082E-05 0 1.433082E-05
 12 43 4.471574E-06 0 4.471574E-06
 12 44 3.013696E-06 0 3.013696E-06
 12 45 1.130639E-05 0 1.130639E-05
 12 46 -1.952759E-06 0 -1.952759E-06
 12 47 -2.982962E-04 0 -2.982962E-04
 12 48 3.286276E-05 0 3.286276E-05
 12 49 1.454039E-05 0 1.454039E-05
 12 50 -1.286718E-04 0 -1.286718E-04
 12 51 1.38185E-04 0 1.38185E-04
 12 52 7.452977E-06 0 7.452977E-06
 12 53 4.555562E-05 0 4.555562E-05
 12 54 -2.142769E-04 0 -2.142769E-04
 12 55 2.270231E-05 0 2.270231E-05
 12 56 1.197974E-05 0 1.197974E-05
 12 57 3.827835E-05 0 3.827835E-05
 12 58 4.625257E-05 0 4.625257E-05
 12 59 -8.677987E-07 0 -8.677987E-07
 12 60 -3.055476E-04 0 -3.055476E-04
 12 61 2.245236E-05 0 2.245236E-05
 12 62 3.401225E-05 0 3.401225E-05
 12 63 1.269439E-04 0 1.269439E-04
 12 64 1.907188E-04 0 1.907188E-04
 12 65 3.526049E-04 0 3.526049E-04
 12 66 1.609273E-03 0 1.609273E-03
 12 67 -7.908388E-03 0 -7.908388E-03
 12 68 -2.183795E-02 0 -2.183795E-02
 12 69 -1.00166E-02 0 -1.00166E-02
 12 70 -5.48633E-04 0 -5.48633E-04
 12 71 -1.880706E-04 0 -1.880706E-04
 12 72 6.357447E-03 0 6.357447E-03
 12 73 1.93648E-03 0 1.93648E-03
 12 74 -2.90751E-03 0 -2.90751E-03
 12 75 3.008598E-04 0 3.008598E-04
 12 76 8.103948E-05 0 8.103948E-05
 12 77 -1.344219E-06 0 -1.344219E-06
 12 78 4.984317E-05 0 4.984317E-05
 12 79 -2.003451E-06 0 -2.003451E-06
 12 80 -2.161356E-04 0 -2.161356E-04
 12 81 6.386425E-06 0 6.386425E-06
 12 82 2.627846E-05 0 2.627846E-05
 12 83 -1.990682E-04 0 -1.990682E-04
 12 84 2.697021E-05 0 2.697021E-05
 12 85 -3.214855E-04 0 -3.214855E-04
 12 86 3.082232E-05 0 3.082232E-05
 12 87 5.464105E-05 0 5.464105E-05
 12 88 4.710996E-05 0 4.710996E-05
 12 89 2.978085E-05 0 2.978085E-05
 12 90 -1.822828E-05 0 -1.822828E-05
 12 91 -3.383924E-03 0 -3.383924E-03
 12 92 -7.85038E-04 0 -7.85038E-04
 12 93 -1.112359E-02 0 -1.112359E-02
 12 94 -1.906225E-02 0 -1.906225E-02
 12 95 -8.921411E-03 0 -8.921411E-03
 12 96 1.829624E-03 0 1.829624E-03
 12 97 -5.934108E-03 0 -5.934108E-03
 12 98 2.757523E-04 0 2.757523E-04
 12 99 -4.927509E-06 0 -4.927509E-06
 12 100 -2.301964E-06 0 -2.301964E-06
 13 25 -3.864349E-04 0 -3.864349E-04
 13 26 -2.260626E-04 0 -2.260626E-04
 13 27 -2.238622E-03 0 -2.238622E-03
 13 28 -4.424456E-03 0 -4.424456E-03
 13 29 -7.35419E-03 0 -7.35419E-03
 13 30 -4.027238E-03 0 -4.027238E-03
 13 31 -7.823763E-03 0 -7.823763E-03
 13 32 -8.96689E-02 0 -8.96689E-02
 13 33 -4.258502E-03 0 -4.258502E-03
 13 34 -1.322001E-03 0 -1.322001E-03
 13 35 -8.447832E-04 0 -8.447832E-04
 13 36 -1.231422E-03 0 -1.231422E-03
 13 37 -1.878573E-03 0 -1.878573E-03
 13 38 -3.21147E-04 0 -3.21147E-04
 13 39 -1.268573E-03 0 -1.268573E-03
 13 40 -1.184014E-04 0 -1.184014E-04
 13 41 -5.306392E-04 0 -5.306392E-04
 13 42 -8.283366E-05 0 -8.283366E-05
 13 43 -1.037775E-04 0 -1.037775E-04
 13 44 -6.48234E-05 0 -6.48234E-05
 13 45 -8.055566E-05 0 -8.055566E-05
 13 46 -3.364793E-04 0 -3.364793E-04
 13 47 -3.018673E-03 0 -3.018673E-03
 13 48 -2.478001E-04 0 -2.478001E-04
 13 49 -1.481861E-04 0 -1.481861E-04
 13 50 -1.396696E-03 0 -1.396696E-03
 13 51 -5.129661E-04 0 -5.129661E-04
 13 52 -1.54502E-04 0 -1.54502E-04
 13 53 -1.426593E-04 0 -1.426593E-04
 13 54 -1.724625E-03 0 -1.724625E-03
 13 55 -3.181991E-04 0 -3.181991E-04
 13 56 -6.800875E-05 0 -6.800875E-05
 13 57 -1.034527E-04 0 -1.034527E-04
 13 58 -2.173711E-04 0 -2.173711E-04
 13 59 -1.178058E-04 0 -1.178058E-04
 13 60 -1.944297E-03 0 -1.944297E-03
 13 61 -4.997478E-04 0 -4.997478E-04
 13 62 -9.21712E-04 0 -9.21712E-04
 13 63 -7.918088E-04 0 -7.918088E-04
 13 64 -2.480975E-03 0 -2.480975E-03
 13 65 -6.43462E-03 0 -6.43462E-03
 13 66 -3.700178E-02 0 -3.700178E-02
 13 67 -0.165411 0 -0.165411
 13 68 -0.32941 0 -0.32941
 13 69 -0.239869 0 -0.239869
 13 70 -2.895698E-02 0 -2.895698E-02
 13 71 -8.772429E-02 0 -8.772429E-02
 13 72 -5.050499E-02 0 -5.050499E-02
 13 73 -8.639795E-02 0 -8.639795E-02
 13 74 -4.718591E-02 0 -4.718591E-02
 13 75 -2.456496E-03 0 -2.456496E-03
 13 76 -6.745306E-04 0 -6.745306E-04
 13 77 -2.555159E-04 0 -2.555159E-04
 13 78 -7.393221E-04 0 -7.393221E-04
 13 79 -3.496337E-04 0 -3.496337E-04
 13 80 -2.09261E-03 0 -2.09261E-03
 13 81 -1.522597E-04 0 -1.522597E-04
 13 82 -2.036548E-04 0 -2.036548E-04
 13 83 -3.077524E-03 0 -3.077524E-03
 13 84 -3.190531E-04 0 -3.190531E-04
 13 85 -3.469081E-03 0 -3.469081E-03
 13 86 -5.871973E-04 0 -5.871973E-04
 13 87 -1.94936E-04 0 -1.94936E-04
 13 88 -3.029451E-04 0 -3.029451E-04
 13 89 -8.876828E-04 0 -8.876828E-04
 13 90 -4.486943E-03 0 -4.486943E-03
 13 91 -5.841487E-02 0 -5.841487E-02
 13 92 -0.119173 0 -0.119173
 13 93 -0.163422 0 -0.163422
 13 94 -0.241433 0 -0.241433
 13 95 -5.647095E-02 0 -5.647095E-02
 13 96 -1.426578E-02 0 -1.426578E-02
 13 97 -1.688839E-02 0 -1.688839E-02
 13 98 -1.368133E-03 0 -1.368133E-03
 13 99 -3.049173E-04 0 -3.049173E-04
 13 100 -1.335073E-04 0 -1.335073E-04
 14 25 -4.810484E-05 0 -4.810484E-05
 14 26 9.153049E-05 0 9.153049E-05
 14 27 -3.186198E-04 0 -3.186198E-04
 14 28 -6.238096E-04 0 -6.238096E-04
 14 29 -2.881824E-04 0 -2.881824E-04
 14 30 -5.815213E-02 -5.891043E-02 7.582923E-04
 14 31 5.133468E-04 0 5.133468E-04
 14 32 -3.903676E-03 0 -3.903676E-03
 14 33 2.914563E-04 0 2.914563E-04
 14 34 2.593221E-04 0 2.593221E-04
 14 35 -3.032119E-02 -3.050007E-02 1.788793E-04
 14 36 1.433105E-04 0 1.433105E-04
 14 37 -1.888456E-04 0 -1.888456E-04
 14 38 4.896827E-05 0 4.896827E-05
 14 39 -1.832273E-04 0 -1.832273E-04
 14 40 1.439134E-02 1.429402E-02 9.731455E-05
 14 41 -3.620051E-05 0 -3.620051E-05
 14 42 1.311768E-02 1.30346E-02 8.308035E-05
 14 43 5.430135E-05 0 5.430135E-05
 14 44 3.434634E-05 0 3.434634E-05
 14 45 1.502257E-02 1.493981E-02 8.276032E-05
 14 46 7.372729E-05 0 7.372729E-05
 14 47 -4.381762E-04 0 -4.381762E-04
 14 48 2.397462E-02 2.378045E-02 1.941732E-04
 14 49 6.707834E-05 0 6.707834E-05
 14 50 -7.711199E-05 0 -7.711199E-05
 14 51 -2.717788E-02 -2.732125E-02 1.433701E-04
 14 52 4.640986E-05 0 4.640986E-05
 14 53 -1.439538E-02 -1.443928E-02 4.389952E-05
 14 54 -1.641097E-04 0 -1.641097E-04
 14 55 7.773437E-05 0 7.773437E-05
 14 56 1.005474E-02 1.001244E-02 4.229112E-05
 14 57 -1.116701E-02 -1.119556E-02 2.85556E-05
 14 58 1.543604E-02 1.532615E-02 1.098904E-04
 14 59 3.027184E-05 0 3.027184E-05
 14 60 -1.526424E-04 0 -1.526424E-04
 14 61 1.213398E-04 0 1.213398E-04
 14 62 2.333511E-04 0 2.333511E-04
 14 63 3.454839E-02 3.414714E-02 4.01242E-04
 14 64 4.280923E-04 0 4.280923E-04
 14 65 9.270512E-04 0 9.270512E-04
 14 66 -9.601012E-02 -9.601643E-02 6.302316E-06
 14 67 -1.22606E-02 0 -1.22606E-02
 14 68 -6.390161E-02 0 -6.390161E-02
 14 69 -6.715453E-02 0 -6.715453E-02
 14 70 2.462349E-02 0 2.462349E-02
 14 71 1.17197 0 1.17197
 14 72 -0.274934 -0.323432 4.84978E-02
 14 73 3.857855E-02 0 3.857855E-02
 14 74 -8.852626E-03 0 -8.852626E-03
 14 75 6.960026E-02 6.724733E-02 2.352923E-03
 14 76 4.043628E-02 3.987833E-02 5.579502E-04
 14 77 1.305261E-04 0 1.305261E-04
 14 78 -3.27351E-02 -3.273561E-02 5.080475E-07
 14 79 9.431096E-05 0 9.431096E-05
 14 80 -5.293353E-04 0 -5.293353E-04
 14 81 1.00374E-04 0 1.00374E-04
 14 82 3.218391E-02 3.183687E-02 3.470405E-04
 14 83 -6.952399E-04 0 -6.952399E-04
 14 84 3.114028E-04 0 3.114028E-04
 14 85 -8.703109E-04 0 -8.703109E-04
 14 86 3.692541E-04 0 3.692541E-04
 14 87 -2.355544E-02 -2.366369E-02 1.08247E-04
 14 88 2.658351E-02 2.628388E-02 2.996292E-04
 14 89 4.123446E-04 0 4.123446E-04
 14 90 7.349551E-04 0 7.349551E-04
 14 91 -6.564402E-03 0 -6.564402E-03
 14 92 -7.003011E-02 -7.173588E-02 1.705768E-03
 14 93 -7.231928E-03 0 -7.231928E-03
 14 94 -2.883592E-03 0 -2.883592E-03
 14 95 -2.580428E-03 0 -2.580428E-03
 14 96 -6.392249E-02 -6.392475E-02 2.262614E-06
 14 97 -1.119016E-03 0 -1.119016E-03
 14 98 -2.664452E-02 -2.664486E-02 3.351537E-07
 14 99 7.970945E-05 0 7.970945E-05
 14 100 3.686681E-05 0 3.686681E-05
 15 25 -2.126626E-04 0 -2.126626E-04
 15 26 -1.294611E-04 0 -1.294611E-04
 15 27 -9.683938E-04 0 -9.683938E-04
 15 28 -1.698001E-03 0 -1.698001E-03
 15 29 -1.95128E-03 0 -1.95128E-03
 15 30 -1.363022E-03 0 -1.363022E-03
 15 31 -1.662155E-03 0 -1.662155E-03
 15 32 -1.509756E-02 0 -1.509756E-02
 15 33 -1.390171E-03 0 -1.390171E-03
 15 34 -5.894407E-04 0 -5.894407E-04
 15 35 -4.281896E-04 0 -4.281896E-04
 15 36 -5.093586E-04 0 -5.093586E-04
 15 37 -7.306202E-04 0 -7.306202E-04
 15 38 -1.478071E-04 0 -1.478071E-04
 15 39 -4.742563E-04 0 -4.742563E-04
 15 40 -6.267813E-05 0 -6.267813E-05
 15 41 -2.26269E-04 0 -2.26269E-04
 15 42 -4.792692E-05 0 -4.792692E-05
 15 43 -6.336954E-05 0 -6.336954E-05
 15 44 -3.997422E-05 0 -3.997422E-05
 15 45 -3.998459E-05 0 -3.998459E-05
 15 46 -1.347735E-04 0 -1.347735E-04
 15 47 -8.736761E-04 0 -8.736761E-04
 15 48 -8.255893E-05 0 -8.255893E-05
 15 49 -6.868505E-05 0 -6.868505E-05
 15 50 -4.163983E-04 0 -4.163983E-04
 15 51 -1.686344E-04 0 -1.686344E-04
 15 52 -5.623347E-05 0 -5.623347E-05
 15 53 -6.326041E-05 0 -6.326041E-05
 15 54 -4.79604E-04 0 -4.79604E-04
 15 55 -1.035772E-04 0 -1.035772E-04
 15 56 -2.673723E-05 0 -2.673723E-05
 15 57 -4.897355E-05 0 -4.897355E-05
 15 58 -7.989463E-05 0 -7.989463E-05
 15 59 -4.066439E-05 0 -4.066439E-05
 15 60 -4.835184E-04 0 -4.835184E-04
 15 61 -1.400531E-04 0 -1.400531E-04
 15 62 -2.273414E-04 0 -2.273414E-04
 15 63 -1.760216E-04 0 -1.760216E-04
 15 64 -4.807908E-04 0 -4.807908E-04
 15 65 -9.408323E-04 0 -9.408323E-04
 15 66 -3.602351E-03 0 -3.602351E-03
 15 67 -1.403784E-02 0 -1.403784E-02
 15 68 -6.169755E-02 0 -6.169755E-02
 15 69 -6.284827E-02 0 -6.284827E-02
 15 70 -2.251228E-02 0 -2.251228E-02
 15 71 -8.206792E-02 0 -8.206792E-02
 15 72 -2.094415E-02 0 -2.094415E-02
 15 73 -1.156786E-02 0 -1.156786E-02
 15 74 -8.055229E-03 0 -8.055229E-03
 15 75 -6.705919E-04 0 -6.705919E-04
 15 76 -1.920776E-04 0 -1.920776E-04
 15 77 -9.838268E-05 0 -9.838268E-05
 15 78 -3.359699E-04 0 -3.359699E-04
 15 79 -1.658491E-04 0 -1.658491E-04
 15 80 -9.065285E-04 0 -9.065285E-04
 15 81 -1.057534E-04 0 -1.057534E-04
 15 82 -1.409898E-04 0 -1.409898E-04
 15 83 -1.758262E-03 0 -1.758262E-03
 15 84 -2.986437E-04 0 -2.986437E-04
 15 85 -2.03258E-03 0 -2.03258E-03
 15 86 -4.800157E-04 0 -4.800157E-04
 15 87 -1.737592E-04 0 -1.737592E-04
 15 88 -2.110816E-04 0 -2.110816E-04
 15 89 -5.635597E-04 0 -5.635597E-04
 15 90 -1.891272E-03 0 -1.891272E-03
 15 91 -1.186407E-02 0 -1.186407E-02
 15 92 -1.53399E-02 0 -1.53399E-02
 15 93 -1.431269E-02 0 -1.431269E-02
 15 94 -1.492249E-02 0 -1.492249E-02
 15 95 -5.877887E-03 0 -5.877887E-03
 15 96 -2.124304E-03 0 -2.124304E-03
 15 97 -3.246504E-03 0 -3.246504E-03
 15 98 -4.387859E-04 0 -4.387859E-04
 15 99 -1.161516E-04 0 -1.161516E-04
 15 100 -6.129188E-05 0 -6.129188E-05
 16 25 -4.040232E-05 0 -4.040232E-05
 16 26 6.667282E-05 0 6.667282E-05
 16 27 -3.450088E-04 0 -3.450088E-04
 16 28 -9.821201E-04 0 -9.821201E-04
 16 29 -6.195514E-04 0 -6.195514E-04
 16 30 3.534295E-03 0 3.534295E-03
 16 31 4.970079E-04 0 4.970079E-04
 16 32 -1.163331E-02 0 -1.163331E-02
 16 33 3.909667E-04 0 3.909667E-04
 16 34 2.933839E-04 0 2.933839E-04
 16 35 9.251168E-04 0 9.251168E-04
 16 36 1.424723E-04 0 1.424723E-04
 16 37 -2.96703E-04 0 -2.96703E-04
 16 38 2.981339E-05 0 2.981339E-05
 16 39 -1.901537E-04 0 -1.901537E-04
 16 40 4.084572E-05 0 4.084572E-05
 16 41 -4.145626E-05 0 -4.145626E-05
 16 42 2.558703E-05 0 2.558703E-05
 16 43 1.896049E-05 0 1.896049E-05
 16 44 1.077863E-05 0 1.077863E-05
 16 45 1.7646E-05 0 1.7646E-05
 16 46 1.491058E-05 0 1.491058E-05
 16 47 -1.858645E-04 0 -1.858645E-04
 16 48 3.520301E-05 0 3.520301E-05
 16 49 2.652163E-05 0 2.652163E-05
 16 50 -7.303261E-05 0 -7.303261E-05
 16 51 1.757961E-04 0 1.757961E-04
 16 52 1.733945E-05 0 1.733945E-05
 16 53 6.97284E-05 0 6.97284E-05
 16 54 -1.357473E-04 0 -1.357473E-04
 16 55 4.391013E-05 0 4.391013E-05
 16 56 1.423067E-05 0 1.423067E-05
 16 57 5.879148E-05 0 5.879148E-05
 16 58 5.335233E-05 0 5.335233E-05
 16 59 8.878006E-06 0 8.878006E-06
 16 60 -1.225615E-04 0 -1.225615E-04
 16 61 4.162658E-05 0 4.162658E-05
 16 62 6.610243E-05 0 6.610243E-05
 16 63 6.864355E-05 0 6.864355E-05
 16 64 1.6273E-04 0 1.6273E-04
 16 65 3.887033E-04 0 3.887033E-04
 16 66 1.232407E-03 0 1.232407E-03
 16 67 -5.366186E-03 0 -5.366186E-03
 16 68 -2.060666E-02 0 -2.060666E-02
 16 69 -2.983931E-02 0 -2.983931E-02
 16 70 1.878325E-03 0 1.878325E-03
 16 71 8.586773E-03 0 8.586773E-03
 16 72 1.104783E-02 0 1.104783E-02
 16 73 3.018206E-03 0 3.018206E-03
 16 74 -1.881293E-03 0 -1.881293E-03
 16 75 2.393985E-04 0 2.393985E-04
 16 76 7.093159E-05 0 7.093159E-05
 16 77 1.346009E-05 0 1.346009E-05
 16 78 8.062952E-05 0 8.062952E-05
 16 79 1.71619E-05 0 1.71619E-05
 16 80 -2.365259E-04 0 -2.365259E-04
 16 81 2.754456E-05 0 2.754456E-05
 16 82 5.078995E-05 0 5.078995E-05
 16 83 -1.919492E-04 0 -1.919492E-04
 16 84 1.09667E-04 0 1.09667E-04
 16 85 -5.313761E-04 0 -5.313761E-04
 16 86 2.350945E-04 0 2.350945E-04
 16 87 2.272292E-04 0 2.272292E-04
 16 88 1.717767E-04 0 1.717767E-04
 16 89 3.084596E-04 0 3.084596E-04
 16 90 5.839019E-04 0 5.839019E-04
 16 91 -7.694852E-03 0 -7.694852E-03
 16 92 2.90464E-03 0 2.90464E-03
 16 93 -8.233941E-03 0 -8.233941E-03
 16 94 -3.429457E-03 0 -3.429457E-03
 16 95 -1.80942E-03 0 -1.80942E-03
 16 96 5.436464E-04 0 5.436464E-04
 16 97 -6.621745E-04 0 -6.621745E-04
 16 98 1.00916E-04 0 1.00916E-04
 16 99 1.335867E-05 0 1.335867E-05
 16 100 7.419701E-06 0 7.419701E-06
 17 25 -7.535282E-04 0 -7.535282E-04
 17 26 -5.063658E-04 0 -5.063658E-04
 17 27 -4.749118E-03 0 -4.749118E-03
 17 28 -8.503442E-03 0 -8.503442E-03
 17 29 -8.941902E-03 0 -8.941902E-03
 17 30 -6.202606E-03 0 -6.202606E-03
 17 31 -4.518326E-03 0 -4.518326E-03
 17 32 -2.874632E-02 0 -2.874632E-02
 17 33 -2.174757E-03 0 -2.174757E-03
 17 34 -1.336683E-03 0 -1.336683E-03
 17 35 -1.153256E-03 0 -1.153256E-03
 17 36 -1.866886E-03 0 -1.866886E-03
 17 37 -2.423819E-03 0 -2.423819E-03
 17 38 -5.134288E-04 0 -5.134288E-04
 17 39 -1.610029E-03 0 -1.610029E-03
 17 40 -2.022823E-04 0 -2.022823E-04
 17 41 -7.20118E-04 0 -7.20118E-04
 17 42 -1.424462E-04 0 -1.424462E-04
 17 43 -2.046578E-04 0 -2.046578E-04
 17 44 -1.068409E-04 0 -1.068409E-04
 17 45 -1.034453E-04 0 -1.034453E-04
 17 46 -3.410021E-04 0 -3.410021E-04
 17 47 -2.362624E-03 0 -2.362624E-03
 17 48 -1.763363E-04 0 -1.763363E-04
 17 49 -1.59239E-04 0 -1.59239E-04
 17 50 -1.152408E-03 0 -1.152408E-03
 17 51 -3.909784E-04 0 -3.909784E-04
 17 52 -1.156924E-04 0 -1.156924E-04
 17 53 -1.463153E-04 0 -1.463153E-04
 17 54 -1.134344E-03 0 -1.134344E-03
 17 55 -1.966598E-04 0 -1.966598E-04
 17 56 -5.085388E-05 0 -5.085388E-05
 17 57 -1.015683E-04 0 -1.015683E-04
 17 58 -1.569919E-04 0 -1.569919E-04
 17 59 -6.80712E-05 0 -6.80712E-05
 17 60 -7.705513E-04 0 -7.705513E-04
 17 61 -2.06113E-04 0 -2.06113E-04
 17 62 -3.807891E-04 0 -3.807891E-04
 17 63 -2.334466E-04 0 -2.334466E-04
 17 64 -5.826622E-04 0 -5.826622E-04
 17 65 -1.525098E-03 0 -1.525098E-03
 17 66 -6.823E-03 0 -6.823E-03
 17 67 -5.184984E-02 0 -5.184984E-02
 17 68 -0.354962 0 -0.354962
 17 69 -0.338438 0 -0.338438
 17 70 -0.244336 0 -0.244336
 17 71 0.72415 0 0.72415
 17 72 -6.925747E-02 0 -6.925747E-02
 17 73 -3.065763E-02 0 -3.065763E-02
 17 74 -2.573116E-02 0 -2.573116E-02
 17 75 -1.382378E-03 0 -1.382378E-03
 17 76 -3.750181E-04 0 -3.750181E-04
 17 77 -1.89296E-04 0 -1.89296E-04
 17 78 -7.826346E-04 0 -7.826346E-04
 17 79 -4.502685E-04 0 -4.502685E-04
 17 80 -3.248764E-03 0 -3.248764E-03
 17 81 -3.471288E-04 0 -3.471288E-04
 17 82 -4.302809E-04 0 -4.302809E-04
 17 83 -7.439874E-03 0 -7.439874E-03
 17 84 -1.349373E-03 0 -1.349373E-03
 17 85 -1.258166E-02 0 -1.258166E-02
 17 86 -3.014756E-03 0 -3.014756E-03
 17 87 -8.811807E-04 0 -8.811807E-04
 17 88 -1.134935E-03 0 -1.134935E-03
 17 89 -4.562405E-03 0 -4.562405E-03
 17 90 -1.801322E-02 0 -1.801322E-02
 17 91 -0.106256 0 -0.106256
 17 92 -0.105525 0 -0.105525
 17 93 -4.313334E-02 0 -4.313334E-02
 17 94 -2.236253E-02 0 -2.236253E-02
 17 95 -6.547459E-03 0 -6.547459E-03
 17 96 -1.694961E-03 0 -1.694961E-03
 17 97 -2.006124E-03 0 -2.006124E-03
 17 98 -2.946464E-04 0 -2.946464E-04
 17 99 -6.940703E-05 0 -6.940703E-05
 17 100 -3.708054E-05 0 -3.708054E-05
 18 25 -2.154494E-05 0 -2.154494E-05
 18 26 1.392216E-04 0 1.392216E-04
 18 27 -2.96475E-04 0 -2.96475E-04
 18 28 -6.471453E-04 0 -6.471453E-04
 18 29 -1.344487E-04 0 -1.344487E-04
 18 30 5.324545E-02 5.020749E-02 3.037953E-03
 18 31 5.83077E-04 0 5.83077E-04
 18 32 -1.653438E-03 0 -1.653438E-03
 18 33 3.760477E-04 0 3.760477E-04
 18 34 2.949848E-04 0 2.949848E-04
 18 35 2.83402E-02 2.749674E-02 8.434515E-04
 18 36 3.114123E-04 0 3.114123E-04
 18 37 -1.497068E-04 0 -1.497068E-04
 18 38 1.051169E-04 0 1.051169E-04
 18 39 -1.50175E-04 0 -1.50175E-04
 18 40 -1.272807E-02 -1.276361E-02 3.553954E-05
 18 41 -1.871531E-05 0 -1.871531E-05
 18 42 -1.117949E-02 -1.12081E-02 2.86083E-05
 18 43 8.842772E-05 0 8.842772E-05
 18 44 4.959351E-05 0 4.959351E-05
 18 45 -1.108502E-02 -1.111556E-02 3.054813E-05
 18 46 8.366365E-05 0 8.366365E-05
 18 47 -1.618573E-04 0 -1.618573E-04
 18 48 -1.382047E-02 -1.386477E-02 4.430283E-05
 18 49 5.702645E-05 0 5.702645E-05
 18 50 -2.587572E-05 0 -2.587572E-05
 18 51 1.657949E-02 1.626516E-02 3.143306E-04
 18 52 4.090245E-05 0 4.090245E-05
 18 53 9.919404E-03 9.786098E-03 1.333061E-04
 18 54 -7.291065E-05 0 -7.291065E-05
 18 55 4.949252E-05 0 4.949252E-05
 18 56 -6.503217E-03 -6.51648E-03 1.326222E-05
 18 57 7.960202E-03 7.865615E-03 9.458704E-05
 18 58 -1.026549E-02 -1.029037E-02 2.488137E-05
 18 59 1.934532E-05 0 1.934532E-05
 18 60 -5.249299E-05 0 -5.249299E-05
 18 61 6.391453E-05 0 6.391453E-05
 18 62 1.103836E-04 0 1.103836E-04
 18 63 -1.567153E-02 -1.572671E-02 5.518027E-05
 18 64 1.369351E-04 0 1.369351E-04
 18 65 2.919121E-04 0 2.919121E-04
 18 66 4.502574E-02 4.316819E-02 1.857557E-03
 18 67 -2.389121E-03 0 -2.389121E-03
 18 68 -8.673514E-03 0 -8.673514E-03
 18 69 -3.362129E-02 0 -3.362129E-02
 18 70 5.172281E-02 0 5.172281E-02
 18 71 0.10449 0 0.10449
 18 72 0.201389 0.150738 5.065027E-02
 18 73 4.743225E-03 0 4.743225E-03
 18 74 -1.838856E-03 0 -1.838856E-03
 18 75 -3.34844E-02 -3.370411E-02 2.197032E-04
 18 76 -2.071898E-02 -2.08108E-02 9.182045E-05
 18 77 6.25358E-05 0 6.25358E-05
 18 78 2.113883E-02 2.071975E-02 4.190801E-04
 18 79 1.213839E-04 0 1.213839E-04
 18 80 -3.692513E-04 0 -3.692513E-04
 18 81 1.682373E-04 0 1.682373E-04
 18 82 -2.739909E-02 -2.755697E-02 1.578831E-04
 18 83 -4.244104E-04 0 -4.244104E-04
 18 84 6.514831E-04 0 6.514831E-04
 18 85 -9.910751E-04 0 -9.910751E-04
 18 86 9.632464E-04 0 9.632464E-04
 18 87 3.051336E-02 2.953963E-02 9.73736E-04
 18 88 -3.149797E-02 -3.169142E-02 1.934508E-04
 18 89 1.266932E-03 0 1.266932E-03
 18 90 2.129999E-03 0 2.129999E-03
 18 91 -4.224559E-03 0 -4.224559E-03
 18 92 5.512613E-02 4.921929E-02 5.906841E-03
 18 93 -1.940955E-03 0 -1.940955E-03
 18 94 -2.910051E-04 0 -2.910051E-04
 18 95 -4.926873E-04 0 -4.926873E-04
 18 96 2.725169E-02 2.657565E-02 6.760442E-04
 18 97 -2.154954E-04 0 -2.154954E-04
 18 98 1.201781E-02 1.186126E-02 1.565542E-04
 18 99 2.61475E-05 0 2.61475E-05
 18 100 1.477484E-05 0 1.477484E-05
 19 25 -4.055406E-05 0 -4.055406E-05
 19 26 8.33331E-05 0 8.33331E-05
 19 27 -2.767223E-04 0 -2.767223E-04
 19 28 -6.246585E-04 0 -6.246585E-04
 19 29 -1.863374E-04 0 -1.863374E-04
 19 30 -5.37731E-02 -5.440243E-02 6.293304E-04
 19 31 2.971371E-04 0 2.971371E-04
 19 32 -2.023582E-03 0 -2.023582E-03
 19 33 2.421418E-04 0 2.421418E-04
 19 34 3.610429E-04 0 3.610429E-04
 19 35 -3.313151E-02 -3.334639E-02 2.148843E-04
 19 36 1.813067E-04 0 1.813067E-04
 19 37 -1.849359E-04 0 -1.849359E-04
 19 38 4.809141E-05 0 4.809141E-05
 19 39 -1.296221E-04 0 -1.296221E-04
 19 40 1.174517E-02 1.167611E-02 6.905649E-05
 19 41 -2.007349E-05 0 -2.007349E-05
 19 42 9.159916E-03 9.113704E-03 4.621233E-05
 19 43 2.842919E-05 0 2.842919E-05
 19 44 1.548959E-05 0 1.548959E-05
 19 45 8.431845E-03 8.399825E-03 3.202001E-05
 19 46 2.071402E-05 0 2.071402E-05
 19 47 -9.762523E-05 0 -9.762523E-05
 19 48 1.04103E-02 1.036557E-02 4.47291E-05
 19 49 2.146328E-05 0 2.146328E-05
 19 50 -2.548974E-05 0 -2.548974E-05
 19 51 -1.320103E-02 -1.323884E-02 3.781486E-05
 19 52 1.515313E-05 0 1.515313E-05
 19 53 -8.54353E-03 -8.5621E-03 1.856967E-05
 19 54 -6.462803E-05 0 -6.462803E-05
 19 55 2.795392E-05 0 2.795392E-05
 19 56 5.986243E-03 5.967124E-03 1.911893E-05
 19 57 -7.592665E-03 -7.608135E-03 1.54708E-05
 19 58 1.020024E-02 1.014538E-02 5.485543E-05
 19 59 1.259676E-05 0 1.259676E-05
 19 60 -4.766666E-05 0 -4.766666E-05
 19 61 2.958016E-05 0 2.958016E-05
 19 62 4.576076E-05 0 4.576076E-05
 19 63 1.22446E-02 1.21862E-02 5.840664E-05
 19 64 6.585329E-05 0 6.585329E-05
 19 65 1.404091E-04 0 1.404091E-04
 19 66 -3.357592E-02 -3.357645E-02 5.354732E-07
 19 67 -1.232769E-03 0 -1.232769E-03
 19 68 -3.67595E-03 0 -3.67595E-03
 19 69 -1.043777E-02 0 -1.043777E-02
 19 70 6.004312E-03 0 6.004312E-03
 19 71 9.870821E-03 0 9.870821E-03
 19 72 -8.121339E-02 -8.297268E-02 1.759291E-03
 19 73 1.018686E-03 0 1.018686E-03
 19 74 -6.913635E-04 0 -6.913635E-04
 19 75 2.241121E-02 2.219515E-02 2.160643E-04
 19 76 1.460441E-02 1.45256E-02 7.880541E-05
 19 77 2.274482E-05 0 2.274482E-05
 19 78 -1.380727E-02 -1.380737E-02 9.983489E-08
 19 79 2.724507E-05 0 2.724507E-05
 19 80 -1.837047E-04 0 -1.837047E-04
 19 81 4.483313E-05 0 4.483313E-05
 19 82 1.835316E-02 1.823508E-02 1.180823E-04
 19 83 -2.165274E-04 0 -2.165274E-04
 19 84 1.78254E-04 0 1.78254E-04
 19 85 -5.701856E-04 0 -5.701856E-04
 19 86 4.546079E-04 0 4.546079E-04
 19 87 -2.68594E-02 -2.699944E-02 1.400398E-04
 19 88 3.15873E-02 3.116552E-02 4.217787E-04
 19 89 5.523128E-04 0 5.523128E-04
 19 90 9.072969E-04 0 9.072969E-04
 19 91 -2.97217E-03 0 -2.97217E-03
 19 92 -4.469062E-02 -4.51738E-02 4.831717E-04
 19 93 -1.502824E-03 0 -1.502824E-03
 19 94 -3.064691E-04 0 -3.064691E-04
 19 95 -3.622838E-04 0 -3.622838E-04
 19 96 -2.206387E-02 -2.206411E-02 2.326539E-07
 19 97 -1.579681E-04 0 -1.579681E-04
 19 98 -1.031496E-02 -1.031503E-02 6.136709E-08
 19 99 1.395629E-05 0 1.395629E-05
 19 100 8.610417E-06 0 8.610417E-06
 20 25 -8.346294E-05 0 -8.346294E-05
 20 26 1.436652E-04 0 1.436652E-04
 20 27 -7.726436E-04 0 -7.726436E-04
 20 28 -2.106738E-03 0 -2.106738E-03
 20 29 -7.966888E-04 0 -7.966888E-04
 20 30 3.904557E-03 0 3.904557E-03
 20 31 2.835668E-04 0 2.835668E-04
 20 32 -3.383417E-03 0 -3.383417E-03
 20 33 1.697807E-04 0 1.697807E-04
 20 34 2.342461E-04 0 2.342461E-04
 20 35 9.999887E-04 0 9.999887E-04
 20 36 2.28887E-04 0 2.28887E-04
 20 37 -4.449687E-04 0 -4.449687E-04
 20 38 5.280909E-05 0 5.280909E-05
 20 39 -2.864207E-04 0 -2.864207E-04
 20 40 6.550932E-05 0 6.550932E-05
 20 41 -5.999799E-05 0 -5.999799E-05
 20 42 3.803971E-05 0 3.803971E-05
 20 43 2.992236E-05 0 2.992236E-05
 20 44 1.435948E-05 0 1.435948E-05
 20 45 2.039027E-05 0 2.039027E-05
 20 46 1.44925E-05 0 1.44925E-05
 20 47 -1.555227E-04 0 -1.555227E-04
 20 48 2.606132E-05 0 2.606132E-05
 20 49 2.385315E-05 0 2.385315E-05
 20 50 -6.888889E-05 0 -6.888889E-05
 20 51 1.264986E-04 0 1.264986E-04
 20 52 1.351036E-05 0 1.351036E-05
 20 53 6.446839E-05 0 6.446839E-05
 20 54 -1.111613E-04 0 -1.111613E-04
 20 55 3.082799E-05 0 3.082799E-05
 20 56 1.165343E-05 0 1.165343E-05
 20 57 5.289754E-05 0 5.289754E-05
 20 58 4.071079E-05 0 4.071079E-05
 20 59 5.864665E-06 0 5.864665E-06
 20 60 -6.650552E-05 0 -6.650552E-05
 20 61 2.09338E-05 0 2.09338E-05
 20 62 3.371923E-05 0 3.371923E-05
 20 63 2.799016E-05 0 2.799016E-05
 20 64 5.675546E-05 0 5.675546E-05
 20 65 1.400291E-04 0 1.400291E-04
 20 66 3.731383E-04 0 3.731383E-04
 20 67 -2.227606E-03 0 -2.227606E-03
 20 68 -6.956024E-03 0 -6.956024E-03
 20 69 -3.027972E-02 0 -3.027972E-02
 20 70 3.306076E-03 0 3.306076E-03
 20 71 3.174282E-03 0 3.174282E-03
 20 72 4.18212E-03 0 4.18212E-03
 20 73 9.339246E-04 0 9.339246E-04
 20 74 -1.033641E-03 0 -1.033641E-03
 20 75 1.26736E-04 0 1.26736E-04
 20 76 4.182482E-05 0 4.182482E-05
 20 77 9.386872E-06 0 9.386872E-06
 20 78 6.810289E-05 0 6.810289E-05
 20 79 1.87789E-05 0 1.87789E-05
 20 80 -3.223619E-04 0 -3.223619E-04
 20 81 4.324836E-05 0 4.324836E-05
 20 82 6.937979E-05 0 6.937979E-05
 20 83 -2.879002E-04 0 -2.879002E-04
 20 84 2.387125E-04 0 2.387125E-04
 20 85 -1.393154E-03 0 -1.393154E-03
 20 86 9.448361E-04 0 9.448361E-04
 20 87 7.959776E-04 0 7.959776E-04
 20 88 6.088543E-04 0 6.088543E-04
 20 89 1.323829E-03 0 1.323829E-03
 20 90 2.027511E-03 0 2.027511E-03
 20 91 -1.043154E-02 0 -1.043154E-02
 20 92 1.462452E-03 0 1.462452E-03
 20 93 -2.868066E-03 0 -2.868066E-03
 20 94 -6.309806E-04 0 -6.309806E-04
 20 95 -4.27462E-04 0 -4.27462E-04
 20 96 1.160787E-04 0 1.160787E-04
 20 97 -1.401935E-04 0 -1.401935E-04
 20 98 2.76422E-05 0 2.76422E-05
 20 99 3.74438E-06 0 3.74438E-06
 20 100 2.29813E-06 0 2.29813E-06
 21 25 -2.209507E-04 0 -2.209507E-04
 21 26 1.765503E-04 0 1.765503E-04
 21 27 -1.495914E-03 0 -1.495914E-03
 21 28 -2.61657E-03 0 -2.61657E-03
 21 29 -8.843446E-04 0 -8.843446E-04
 21 30 6.30966E-02 5.927021E-02 3.826393E-03
 21 31 2.48213E-04 0 2.48213E-04
 21 32 -2.066094E-03 0 -2.066094E-03
 21 33 1.322024E-04 0 1.322024E-04
 21 34 1.851577E-04 0 1.851577E-04
 21 35 3.339677E-02 3.238919E-02 1.007578E-03
 21 36 2.41348E-04 0 2.41348E-04
 21 37 -5.367321E-04 0 -5.367321E-04
 21 38 9.017858E-05 0 9.017858E-05
 21 39 -4.766153E-04 0 -4.766153E-04
 21 40 -1.826294E-02 -1.82631E-02 1.637359E-07
 21 41 -1.287792E-04 0 -1.287792E-04
 21 42 -1.540343E-02 -1.540356E-02 1.207385E-07
 21 43 9.347722E-05 0 9.347722E-05
 21 44 4.412004E-05 0 4.412004E-05
 21 45 -1.336566E-02 -1.336411E-02 -1.55705E-06
 21 46 4.167667E-05 0 4.167667E-05
 21 47 -3.500135E-04 0 -3.500135E-04
 21 48 -1.365958E-02 -1.365796E-02 -1.616082E-06
 21 49 4.300301E-05 0 4.300301E-05
 21 50 -1.279462E-04 0 -1.279462E-04
 21 51 1.668808E-02 1.641412E-02 2.739585E-04
 21 52 2.554074E-05 0 2.554074E-05
 21 53 1.120647E-02 1.106688E-02 1.395867E-04
 21 54 -1.690643E-04 0 -1.690643E-04
 21 55 2.635624E-05 0 2.635624E-05
 21 56 -6.989103E-03 -6.988552E-03 -5.511203E-07
 21 57 8.977273E-03 8.879322E-03 9.795125E-05
 21 58 -1.087436E-02 -1.087443E-02 6.688152E-08
 21 59 1.028248E-05 0 1.028248E-05
 21 60 -9.075313E-05 0 -9.075313E-05
 21 61 2.431956E-05 0 2.431956E-05
 21 62 4.201065E-05 0 4.201065E-05
 21 63 -1.226517E-02 -1.226382E-02 -1.346341E-06
 21 64 4.465438E-05 0 4.465438E-05
 21 65 1.027709E-04 0 1.027709E-04
 21 66 3.405569E-02 3.354685E-02 5.088396E-04
 21 67 -3.048398E-03 0 -3.048398E-03
 21 68 -9.945609E-03 0 -9.945609E-03
 21 69 -5.960055E-02 0 -5.960055E-02
 21 70 2.900093E-02 0 2.900093E-02
 21 71 1.314143E-02 0 1.314143E-02
 21 72 0.11751 0.102424 1.508552E-02
 21 73 1.079174E-03 0 1.079174E-03
 21 74 -2.315936E-03 0 -2.315936E-03
 21 75 -2.789538E-02 -2.789575E-02 3.671099E-07
 21 76 -1.824333E-02 -1.824064E-02 -2.694463E-06
 21 77 2.916665E-05 0 2.916665E-05
 21 78 2.061017E-02 2.041865E-02 1.915165E-04
 21 79 6.410823E-05 0 6.410823E-05
 21 80 -1.003363E-03 0 -1.003363E-03
 21 81 1.693009E-04 0 1.693009E-04
 21 82 -3.269309E-02 -3.268474E-02 -8.353344E-06
 21 83 -1.959362E-03 0 -1.959362E-03
 21 84 1.001539E-03 0 1.001539E-03
 21 85 -5.877898E-03 0 -5.877898E-03
 21 86 2.307694E-03 0 2.307694E-03
 21 87 5.783635E-02 5.466939E-02 3.166965E-03
 21 88 -5.726723E-02 -5.726897E-02 1.742356E-06
 21 89 3.238036E-03 0 3.238036E-03
 21 90 2.928978E-03 0 2.928978E-03
 21 91 -1.239508E-02 0 -1.239508E-02
 21 92 4.838236E-02 4.766945E-02 7.129025E-04
 21 93 -2.553026E-03 0 -2.553026E-03
 21 94 -5.829348E-04 0 -5.829348E-04
 21 95 -4.62742E-04 0 -4.62742E-04
 21 96 1.768505E-02 1.754012E-02 1.449225E-04
 21 97 -1.680683E-04 0 -1.680683E-04
 21 98 7.708275E-03 7.671609E-03 3.66656E-05
 21 99 6.800312E-06 0 6.800312E-06
 21 100 4.104802E-06 0 4.104802E-06
 22 25 -1.410094E-04 0 -1.410094E-04
 22 26 1.721661E-04 0 1.721661E-04
 22 27 -8.102912E-04 0 -8.102912E-04
 22 28 -1.731456E-03 0 -1.731456E-03
 22 29 -3.511284E-04 0 -3.511284E-04
 22 30 1.324578E-03 0 1.324578E-03
 22 31 1.22471E-04 0 1.22471E-04
 22 32 -6.980804E-04 0 -6.980804E-04
 22 33 6.731412E-05 0 6.731412E-05
 22 34 9.896622E-05 0 9.896622E-05
 22 35 4.259078E-04 0 4.259078E-04
 22 36 1.855588E-04 0 1.855588E-04
 22 37 -2.836837E-04 0 -2.836837E-04
 22 38 7.448906E-05 0 7.448906E-05
 22 39 -2.767965E-04 0 -2.767965E-04
 22 40 8.424955E-05 0 8.424955E-05
 22 41 -5.659827E-05 0 -5.659827E-05
 22 42 5.496002E-05 0 5.496002E-05
 22 43 5.728952E-05 0 5.728952E-05
 22 44 2.525328E-05 0 2.525328E-05
 22 45 2.393613E-05 0 2.393613E-05
 22 46 1.992677E-05 0 1.992677E-05
 22 47 -1.064328E-04 0 -1.064328E-04
 22 48 2.061907E-05 0 2.061907E-05
 22 49 1.981659E-05 0 1.981659E-05
 22 50 -4.454494E-05 0 -4.454494E-05
 22 51 8.054309E-05 0 8.054309E-05
 22 52 1.316447E-05 0 1.316447E-05
 22 53 4.944025E-05 0 4.944025E-05
 22 54 -6.399973E-05 0 -6.399973E-05
 22 55 1.600534E-05 0 1.600534E-05
 22 56 8.952978E-06 0 8.952978E-06
 22 57 3.729142E-05 0 3.729142E-05
 22 58 2.700428E-05 0 2.700428E-05
 22 59 4.885908E-06 0 4.885908E-06
 22 60 -3.0827E-05 0 -3.0827E-05
 22 61 1.37609E-05 0 1.37609E-05
 22 62 2.238733E-05 0 2.238733E-05
 22 63 1.491642E-05 0 1.491642E-05
 22 64 2.029761E-05 0 2.029761E-05
 22 65 4.587765E-05 0 4.587765E-05
 22 66 1.443762E-04 0 1.443762E-04
 22 67 -7.778787E-04 0 -7.778787E-04
 22 68 -1.531878E-03 0 -1.531878E-03
 22 69 -9.820886E-03 0 -9.820886E-03
 22 70 3.299471E-03 0 3.299471E-03
 22 71 1.07525E-03 0 1.07525E-03
 22 72 1.55128E-03 0 1.55128E-03
 22 73 2.794926E-04 0 2.794926E-04
 22 74 -5.514495E-04 0 -5.514495E-04
 22 75 8.384046E-05 0 8.384046E-05
 22 76 2.896228E-05 0 2.896228E-05
 22 77 1.025216E-05 0 1.025216E-05
 22 78 6.652954E-05 0 6.652954E-05
 22 79 2.965565E-05 0 2.965565E-05
 22 80 -3.926075E-04 0 -3.926075E-04
 22 81 8.879003E-05 0 8.879003E-05
 22 82 1.026326E-04 0 1.026326E-04
 22 83 -4.093594E-04 0 -4.093594E-04
 22 84 4.65877E-04 0 4.65877E-04
 22 85 -2.287021E-03 0 -2.287021E-03
 22 86 2.417781E-03 0 2.417781E-03
 22 87 2.075222E-03 0 2.075222E-03
 22 88 1.332877E-03 0 1.332877E-03
 22 89 2.907545E-03 0 2.907545E-03
 22 90 2.026319E-03 0 2.026319E-03
 22 91 -4.17606E-03 0 -4.17606E-03
 22 92 3.829916E-04 0 3.829916E-04
 22 93 -7.570071E-04 0 -7.570071E-04
 22 94 -1.271024E-04 0 -1.271024E-04
 22 95 -1.374862E-04 0 -1.374862E-04
 22 96 4.333443E-05 0 4.333443E-05
 22 97 -4.962322E-05 0 -4.962322E-05
 22 98 1.24343E-05 0 1.24343E-05
 22 99 2.298715E-06 0 2.298715E-06
 22 100 1.475925E-06 0 1.475925E-06
 23 25 -3.038048E-04 0 -3.038048E-04
 23 26 5.775231E-04 0 5.775231E-04
 23 27 -3.41036E-03 0 -3.41036E-03
 23 28 -8.091408E-03 0 -8.091408E-03
 23 29 -1.672021E-03 0 -1.672021E-03
 23 30 5.507698E-03 0 5.507698E-03
 23 31 2.41696E-04 0 2.41696E-04
 23 32 -1.64185E-03 0 -1.64185E-03
 23 33 9.916948E-05 0 9.916948E-05
 23 34 1.826875E-04 0 1.826875E-04
 23 35 1.255048E-03 0 1.255048E-03
 23 36 4.750812E-04 0 4.750812E-04
 23 37 -1.023206E-03 0 -1.023206E-03
 23 38 1.570576E-04 0 1.570576E-04
 23 39 -7.60041E-04 0 -7.60041E-04
 23 40 1.842248E-04 0 1.842248E-04
 23 41 -1.519312E-04 0 -1.519312E-04
 23 42 9.438588E-05 0 9.438588E-05
 23 43 7.707294E-05 0 7.707294E-05
 23 44 2.985854E-05 0 2.985854E-05
 23 45 3.855258E-05 0 3.855258E-05
 23 46 2.342351E-05 0 2.342351E-05
 23 47 -2.292334E-04 0 -2.292334E-04
 23 48 3.423913E-05 0 3.423913E-05
 23 49 3.722735E-05 0 3.722735E-05
 23 50 -1.166761E-04 0 -1.166761E-04
 23 51 1.681203E-04 0 1.681203E-04
 23 52 1.859186E-05 0 1.859186E-05
 23 53 1.034086E-04 0 1.034086E-04
 23 54 -1.616292E-04 0 -1.616292E-04
 23 55 3.820603E-05 0 3.820603E-05
 23 56 1.59902E-05 0 1.59902E-05
 23 57 7.810231E-05 0 7.810231E-05
 23 58 5.161965E-05 0 5.161965E-05
 23 59 6.59946E-06 0 6.59946E-06
 23 60 -6.593225E-05 0 -6.593225E-05
 23 61 1.982741E-05 0 1.982741E-05
 23 62 3.328512E-05 0 3.328512E-05
 23 63 2.304345E-05 0 2.304345E-05
 23 64 4.185529E-05 0 4.185529E-05
 23 65 1.08961E-04 0 1.08961E-04
 23 66 2.618608E-04 0 2.618608E-04
 23 67 -1.878311E-03 0 -1.878311E-03
 23 68 -4.166442E-03 0 -4.166442E-03
 23 69 -2.766995E-02 0 -2.766995E-02
 23 70 2.530557E-03 0 2.530557E-03
 23 71 8.761079E-04 0 8.761079E-04
 23 72 2.154848E-03 0 2.154848E-03
 23 73 5.650251E-04 0 5.650251E-04
 23 74 -1.001104E-03 0 -1.001104E-03
 23 75 1.201699E-04 0 1.201699E-04
 23 76 4.470777E-05 0 4.470777E-05
 23 77 1.095537E-05 0 1.095537E-05
 23 78 9.088004E-05 0 9.088004E-05
 23 79 3.190995E-05 0 3.190995E-05
 23 80 -6.945239E-04 0 -6.945239E-04
 23 81 9.89957E-05 0 9.89957E-05
 23 82 1.257929E-04 0 1.257929E-04
 23 83 -5.654634E-04 0 -5.654634E-04
 23 84 7.045526E-04 0 7.045526E-04
 23 85 -5.899852E-03 0 -5.899852E-03
 23 86 7.626798E-03 0 7.626798E-03
 23 87 5.881461E-03 0 5.881461E-03
 23 88 4.927815E-03 0 4.927815E-03
 23 89 1.42036E-02 0 1.42036E-02
 23 90 1.152525E-02 0 1.152525E-02
 23 91 -1.995377E-02 0 -1.995377E-02
 23 92 1.031032E-03 0 1.031032E-03
 23 93 -2.008806E-03 0 -2.008806E-03
 23 94 -3.137845E-04 0 -3.137845E-04
 23 95 -2.440329E-04 0 -2.440329E-04
 23 96 6.16293E-05 0 6.16293E-05
 23 97 -6.971699E-05 0 -6.971699E-05
 23 98 1.564458E-05 0 1.564458E-05
 23 99 2.089699E-06 0 2.089699E-06
 23 100 1.316203E-06 0 1.316203E-06
 24 25 -2.516551E-04 0 -2.516551E-04
 24 26 1.114942E-04 0 1.114942E-04
 24 27 -2.320317E-03 0 -2.320317E-03
 24 28 -6.084288E-03 0 -6.084288E-03
 24 29 -2.524967E-03 0 -2.524967E-03
 24 30 4.593793E-03 0 4.593793E-03
 24 31 -4.944354E-05 0 -4.944354E-05
 24 32 -4.243805E-03 0 -4.243805E-03
 24 33 -2.893311E-05 0 -2.893311E-05
 24 34 -3.370065E-05 0 -3.370065E-05
 24 35 1.507655E-03 0 1.507655E-03
 24 36 -8.59364E-05 0 -8.59364E-05
 24 37 -1.587368E-03 0 -1.587368E-03
 24 38 -1.615791E-05 0 -1.615791E-05
 24 39 -6.713042E-04 0 -6.713042E-04
 24 40 8.649478E-05 0 8.649478E-05
 24 41 -1.536042E-04 0 -1.536042E-04
 24 42 3.836965E-05 0 3.836965E-05
 24 43 1.213059E-05 0 1.213059E-05
 24 44 5.314496E-06 0 5.314496E-06
 24 45 1.54372E-05 0 1.54372E-05
 24 46 -1.716793E-06 0 -1.716793E-06
 24 47 -2.013454E-04 0 -2.013454E-04
 24 48 1.67342E-05 0 1.67342E-05
 24 49 1.252685E-05 0 1.252685E-05
 24 50 -1.39251E-04 0 -1.39251E-04
 24 51 8.128891E-05 0 8.128891E-05
 24 52 5.124124E-06 0 5.124124E-06
 24 53 5.224662E-05 0 5.224662E-05
 24 54 -2.088534E-04 0 -2.088534E-04
 24 55 1.409088E-05 0 1.409088E-05
 24 56 1.074445E-05 0 1.074445E-05
 24 57 4.908635E-05 0 4.908635E-05
 24 58 4.382957E-05 0 4.382957E-05
 24 59 -5.046581E-07 0 -5.046581E-07
 24 60 -1.055774E-04 0 -1.055774E-04
 24 61 5.428924E-06 0 5.428924E-06
 24 62 8.10665E-06 0 8.10665E-06
 24 63 1.519918E-05 0 1.519918E-05
 24 64 1.717899E-05 0 1.717899E-05
 24 65 4.320158E-05 0 4.320158E-05
 24 66 1.292156E-04 0 1.292156E-04
 24 67 -1.796144E-03 0 -1.796144E-03
 24 68 -4.062784E-03 0 -4.062784E-03
 24 69 -1.228216E-02 0 -1.228216E-02
 24 70 -1.004676E-03 0 -1.004676E-03
 24 71 -3.370194E-05 0 -3.370194E-05
 24 72 7.514395E-04 0 7.514395E-04
 24 73 1.432207E-04 0 1.432207E-04
 24 74 -7.298682E-04 0 -7.298682E-04
 24 75 5.880321E-05 0 5.880321E-05
 24 76 2.160789E-05 0 2.160789E-05
 24 77 -4.896869E-07 0 -4.896869E-07
 24 78 2.743635E-05 0 2.743635E-05
 24 79 -2.059564E-06 0 -2.059564E-06
 24 80 -3.752386E-04 0 -3.752386E-04
 24 81 1.386316E-05 0 1.386316E-05
 24 82 3.722214E-05 0 3.722214E-05
 24 83 -3.402229E-04 0 -3.402229E-04
 24 84 1.038125E-04 0 1.038125E-04
 24 85 -2.102628E-03 0 -2.102628E-03
 24 86 5.6532E-04 0 5.6532E-04
 24 87 1.0397E-03 0 1.0397E-03
 24 88 1.283154E-03 0 1.283154E-03
 24 89 1.062152E-03 0 1.062152E-03
 24 90 -6.126864E-04 0 -6.126864E-04
 24 91 -1.408736E-02 0 -1.408736E-02
 24 92 -7.160324E-04 0 -7.160324E-04
 24 93 -2.947175E-03 0 -2.947175E-03
 24 94 -7.070226E-04 0 -7.070226E-04
 24 95 -3.916839E-04 0 -3.916839E-04
 24 96 4.012781E-05 0 4.012781E-05
 24 97 -1.182188E-04 0 -1.182188E-04
 24 98 1.088683E-05 0 1.088683E-05
 24 99 -1.806352E-07 0 -1.806352E-07
 24 100 -1.193348E-07 0 -1.193348E-07
