 1 25 -2.754507E-05 0 -2.754507E-05
 1 26 -1.269064E-05 0 -1.269064E-05
 1 27 -9.566313E-05 0 -9.566313E-05
 1 28 -2.602103E-04 0 -2.602103E-04
 1 29 -2.299815E-04 0 -2.299815E-04
 1 30 -7.923999E-05 0 -7.923999E-05
 1 31 -2.597258E-04 0 -2.597258E-04
 1 32 -1.81953E-03 0 -1.81953E-03
 1 33 -1.105583E-03 0 -1.105583E-03
 1 34 -4.147131E-04 0 -4.147131E-04
 1 35 -3.278542E-04 0 -3.278542E-04
 1 36 -1.618019E-04 0 -1.618019E-04
 1 37 -5.49948E-04 0 -5.49948E-04
 1 38 -4.232912E-05 0 -4.232912E-05
 1 39 -1.580247E-04 0 -1.580247E-04
 1 40 -1.006532E-05 0 -1.006532E-05
 1 41 -2.983947E-05 0 -2.983947E-05
 1 42 -3.540943E-06 0 -3.540943E-06
 1 43 -1.975881E-06 0 -1.975881E-06
 1 44 -1.38077E-06 0 -1.38077E-06
 1 45 -2.400024E-06 0 -2.400024E-06
 1 46 -4.265591E-06 0 -4.265591E-06
 1 47 -4.033718E-05 0 -4.033718E-05
 1 48 -4.969807E-06 0 -4.969807E-06
 1 49 -5.271873E-06 0 -5.271873E-06
 1 50 -4.761303E-05 0 -4.761303E-05
 1 51 -1.242057E-05 0 -1.242057E-05
 1 52 -8.646335E-06 0 -8.646335E-06
 1 53 -1.335359E-05 0 -1.335359E-05
 1 54 -2.224533E-04 0 -2.224533E-04
 1 55 -4.860724E-05 0 -4.860724E-05
 1 56 -2.36753E-05 0 -2.36753E-05
 1 57 -4.30226E-05 0 -4.30226E-05
 1 58 -1.16417E-04 0 -1.16417E-04
 1 59 -5.848444E-05 0 -5.848444E-05
 1 60 -4.643756E-04 0 -4.643756E-04
 1 61 -4.772386E-05 0 -4.772386E-05
 1 62 -2.902347E-05 0 -2.902347E-05
 1 63 -1.268751E-05 0 -1.268751E-05
 1 64 -4.690982E-05 0 -4.690982E-05
 1 65 -5.923803E-05 0 -5.923803E-05
 1 66 -6.113617E-05 0 -6.113617E-05
 1 67 -1.689667E-04 0 -1.689667E-04
 1 68 -1.118372E-04 0 -1.118372E-04
 1 69 -9.168931E-05 0 -9.168931E-05
 1 70 -8.758176E-06 0 -8.758176E-06
 1 71 -5.029875E-06 0 -5.029875E-06
 1 72 -5.141745E-06 0 -5.141745E-06
 1 73 -1.264216E-05 0 -1.264216E-05
 1 74 -5.694395E-05 0 -5.694395E-05
 1 75 -5.220123E-06 0 -5.220123E-06
 1 76 -4.479483E-06 0 -4.479483E-06
 1 77 -2.125396E-06 0 -2.125396E-06
 1 78 -6.341784E-06 0 -6.341784E-06
 1 79 -3.006917E-06 0 -3.006917E-06
 1 80 -2.504627E-05 0 -2.504627E-05
 1 81 -1.393764E-06 0 -1.393764E-06
 1 82 -1.454413E-06 0 -1.454413E-06
 1 83 -1.392609E-05 0 -1.392609E-05
 1 84 -2.153957E-06 0 -2.153957E-06
 1 85 -2.92251E-05 0 -2.92251E-05
 1 86 -6.546074E-06 0 -6.546074E-06
 1 87 -4.329861E-06 0 -4.329861E-06
 1 88 -1.037791E-05 0 -1.037791E-05
 1 89 -8.384696E-06 0 -8.384696E-06
 1 90 -2.991072E-05 0 -2.991072E-05
 1 91 -1.977087E-04 0 -1.977087E-04
 1 92 -1.144973E-04 0 -1.144973E-04
 1 93 -5.164973E-04 0 -5.164973E-04
 1 94 -2.892131E-04 0 -2.892131E-04
 1 95 -5.827993E-04 0 -5.827993E-04
 1 96 -9.583121E-05 0 -9.583121E-05
 1 97 -3.938633E-04 0 -3.938633E-04
 1 98 -9.828347E-05 0 -9.828347E-05
 1 99 -1.364415E-05 0 -1.364415E-05
 1 100 -1.693792E-05 0 -1.693792E-05
 2 25 -6.967888E-06 0 -6.967888E-06
 2 26 5.34444E-06 0 5.34444E-06
 2 27 -2.487876E-05 0 -2.487876E-05
 2 28 -7.492815E-05 0 -7.492815E-05
 2 29 -4.992492E-05 0 -4.992492E-05
 2 30 1.346056E-04 0 1.346056E-04
 2 31 5.381468E-05 0 5.381468E-05
 2 32 -3.869542E-04 0 -3.869542E-04
 2 33 1.705643E-04 0 1.705643E-04
 2 34 6.402794E-05 0 6.402794E-05
 2 35 4.942813E-04 0 4.942813E-04
 2 36 3.395435E-05 0 3.395435E-05
 2 37 -1.398391E-04 0 -1.398391E-04
 2 38 1.118909E-05 0 1.118909E-05
 2 39 -5.189574E-05 0 -5.189574E-05
 2 40 1.151827E-05 0 1.151827E-05
 2 41 -7.928254E-06 0 -7.928254E-06
 2 42 4.106996E-06 0 4.106996E-06
 2 43 1.51313E-06 0 1.51313E-06
 2 44 1.097647E-06 0 1.097647E-06
 2 45 2.787465E-06 0 2.787465E-06
 2 46 1.273338E-06 0 1.273338E-06
 2 47 -1.209908E-05 0 -1.209908E-05
 2 48 5.981739E-06 0 5.981739E-06
 2 49 5.112409E-06 0 5.112409E-06
 2 50 -1.310083E-05 0 -1.310083E-05
 2 51 3.169631E-05 0 3.169631E-05
 2 52 7.987127E-06 0 7.987127E-06
 2 53 3.653972E-05 0 3.653972E-05
 2 54 -7.382597E-05 0 -7.382597E-05
 2 55 2.755201E-05 0 2.755201E-05
 2 56 3.516685E-05 0 3.516685E-05
 2 57 1.293409E-04 0 1.293409E-04
 2 58 1.650831E-04 0 1.650831E-04
 2 59 2.436476E-05 0 2.436476E-05
 2 60 -1.730107E-04 0 -1.730107E-04
 2 61 1.933393E-05 0 1.933393E-05
 2 62 1.07306E-05 0 1.07306E-05
 2 63 1.560951E-05 0 1.560951E-05
 2 64 2.322162E-05 0 2.322162E-05
 2 65 2.68762E-05 0 2.68762E-05
 2 66 2.163476E-05 0 2.163476E-05
 2 67 -4.922789E-05 0 -4.922789E-05
 2 68 -2.67178E-05 0 -2.67178E-05
 2 69 -2.52671E-05 0 -2.52671E-05
 2 70 8.510238E-07 0 8.510238E-07
 2 71 1.159941E-06 0 1.159941E-06
 2 72 9.984352E-06 0 9.984352E-06
 2 73 4.939081E-06 0 4.939081E-06
 2 74 -1.739674E-05 0 -1.739674E-05
 2 75 5.732954E-06 0 5.732954E-06
 2 76 5.111297E-06 0 5.111297E-06
 2 77 6.548084E-07 0 6.548084E-07
 2 78 2.421347E-06 0 2.421347E-06
 2 79 8.600267E-07 0 8.600267E-07
 2 80 -7.977049E-06 0 -7.977049E-06
 2 81 1.027751E-06 0 1.027751E-06
 2 82 1.502183E-06 0 1.502183E-06
 2 83 -3.609271E-06 0 -3.609271E-06
 2 84 1.671633E-06 0 1.671633E-06
 2 85 -7.459274E-06 0 -7.459274E-06
 2 86 2.483664E-06 0 2.483664E-06
 2 87 8.710893E-06 0 8.710893E-06
 2 88 9.846145E-06 0 9.846145E-06
 2 89 5.238899E-06 0 5.238899E-06
 2 90 6.57534E-06 0 6.57534E-06
 2 91 -5.251148E-05 0 -5.251148E-05
 2 92 8.046639E-07 0 8.046639E-07
 2 93 -1.383762E-04 0 -1.383762E-04
 2 94 -6.165653E-05 0 -6.165653E-05
 2 95 -1.793206E-04 0 -1.793206E-04
 2 96 3.524831E-05 0 3.524831E-05
 2 97 -1.273248E-04 0 -1.273248E-04
 2 98 4.130311E-05 0 4.130311E-05
 2 99 4.443315E-06 0 4.443315E-06
 2 100 5.814794E-06 0 5.814794E-06
 3 25 -3.132817E-06 0 -3.132817E-06
 3 26 6.940723E-06 0 6.940723E-06
 3 27 -1.399336E-05 0 -1.399336E-05
 3 28 -3.917645E-05 0 -3.917645E-05
 3 29 -1.610488E-05 0 -1.610488E-05
 3 30 -1.393926E-02 -1.398078E-02 4.151794E-05
 3 31 7.03666E-05 0 7.03666E-05
 3 32 -2.795004E-04 0 -2.795004E-04
 3 33 2.390764E-04 0 2.390764E-04
 3 34 1.383407E-04 0 1.383407E-04
 3 35 -2.533243E-02 -2.545716E-02 1.247304E-04
 3 36 3.551818E-05 0 3.551818E-05
 3 37 -6.624326E-05 0 -6.624326E-05
 3 38 1.18121E-05 0 1.18121E-05
 3 39 -2.815461E-05 0 -2.815461E-05
 3 40 3.779223E-03 3.766483E-03 1.273969E-05
 3 41 -2.66417E-06 0 -2.66417E-06
 3 42 1.813858E-03 1.80882E-03 5.037174E-06
 3 43 1.628741E-06 0 1.628741E-06
 3 44 1.218405E-06 0 1.218405E-06
 3 45 1.680569E-03 1.676942E-03 3.626984E-06
 3 46 1.86557E-06 0 1.86557E-06
 3 47 -8.313049E-06 0 -8.313049E-06
 3 48 3.292206E-03 3.283845E-03 8.361204E-06
 3 49 5.164223E-06 0 5.164223E-06
 3 50 -4.734098E-06 0 -4.734098E-06
 3 51 -6.168032E-03 -6.179359E-03 1.132725E-05
 3 52 8.833049E-06 0 8.833049E-06
 3 53 -6.276654E-03 -6.288276E-03 1.162241E-05
 3 54 -4.374621E-05 0 -4.374621E-05
 3 55 4.066329E-05 0 4.066329E-05
 3 56 9.791871E-03 9.751338E-03 4.053255E-05
 3 57 -1.279257E-02 -1.282842E-02 3.584543E-05
 3 58 2.008743E-02 1.991119E-02 1.762307E-04
 3 59 5.929843E-05 0 5.929843E-05
 3 60 -1.205967E-04 0 -1.205967E-04
 3 61 4.298403E-05 0 4.298403E-05
 3 62 2.339258E-05 0 2.339258E-05
 3 63 7.299294E-03 7.273627E-03 2.566712E-05
 3 64 4.683489E-05 0 4.683489E-05
 3 65 4.923178E-05 0 4.923178E-05
 3 66 -8.603056E-03 -8.603102E-03 4.596502E-08
 3 67 -3.618547E-05 0 -3.618547E-05
 3 68 -1.964422E-05 0 -1.964422E-05
 3 69 -1.72661E-05 0 -1.72661E-05
 3 70 2.931237E-06 0 2.931237E-06
 3 71 3.55392E-06 0 3.55392E-06
 3 72 -2.966691E-03 -2.970821E-03 4.130788E-06
 3 73 9.020111E-06 0 9.020111E-06
 3 74 -1.310961E-05 0 -1.310961E-05
 3 75 2.851934E-03 2.843128E-03 8.806196E-06
 3 76 3.072555E-03 3.064914E-03 7.640801E-06
 3 77 1.948179E-06 0 1.948179E-06
 3 78 -1.605135E-03 -1.605139E-03 4.765164E-09
 3 79 1.274823E-06 0 1.274823E-06
 3 80 -5.422988E-06 0 -5.422988E-06
 3 81 1.169902E-06 0 1.169902E-06
 3 82 1.032926E-03 1.030836E-03 2.089634E-06
 3 83 -2.09549E-06 0 -2.09549E-06
 3 84 1.714967E-06 0 1.714967E-06
 3 85 -4.817352E-06 0 -4.817352E-06
 3 86 3.617585E-06 0 3.617585E-06
 3 87 -2.144845E-03 -2.147592E-03 2.747116E-06
 3 88 3.411592E-03 3.400476E-03 1.111657E-05
 3 89 5.291431E-06 0 5.291431E-06
 3 90 8.395246E-06 0 8.395246E-06
 3 91 -3.406241E-05 0 -3.406241E-05
 3 92 -4.795414E-03 -4.800313E-03 4.899331E-06
 3 93 -9.908882E-05 0 -9.908882E-05
 3 94 -2.841826E-05 0 -2.841826E-05
 3 95 -1.604696E-04 0 -1.604696E-04
 3 96 -1.323049E-02 -1.323058E-02 9.280565E-08
 3 97 -1.439895E-04 0 -1.439895E-04
 3 98 -1.623545E-02 -1.623558E-02 1.325005E-07
 3 99 2.111758E-05 0 2.111758E-05
 3 100 3.074153E-05 0 3.074153E-05
 4 25 -1.86571E-06 0 -1.86571E-06
 4 26 8.305861E-06 0 8.305861E-06
 4 27 -1.678439E-05 0 -1.678439E-05
 4 28 -5.082719E-05 0 -5.082719E-05
 4 29 -1.306198E-05 0 -1.306198E-05
 4 30 -1.98402E-02 -1.992487E-02 8.466959E-05
 4 31 1.193218E-04 0 1.193218E-04
 4 32 -4.918136E-04 0 -4.918136E-04
 4 33 4.636431E-04 0 4.636431E-04
 4 34 1.470671E-04 0 1.470671E-04
 4 35 -3.413391E-02 -3.438186E-02 2.479461E-04
 4 36 4.494069E-05 0 4.494069E-05
 4 37 -8.366188E-05 0 -8.366188E-05
 4 38 1.358566E-05 0 1.358566E-05
 4 39 -3.287415E-05 0 -3.287415E-05
 4 40 5.080239E-03 5.065136E-03 1.510291E-05
 4 41 -1.851738E-06 0 -1.851738E-06
 4 42 2.517996E-03 2.512069E-03 5.927113E-06
 4 43 1.679509E-06 0 1.679509E-06
 4 44 1.257146E-06 0 1.257146E-06
 4 45 2.427609E-03 2.423509E-03 4.100589E-06
 4 46 2.313659E-06 0 2.313659E-06
 4 47 -1.120086E-05 0 -1.120086E-05
 4 48 5.018824E-03 5.008069E-03 1.075503E-05
 4 49 5.81441E-06 0 5.81441E-06
 4 50 -3.717888E-06 0 -3.717888E-06
 4 51 -9.391935E-03 -9.415286E-03 2.335083E-05
 4 52 1.106384E-05 0 1.106384E-05
 4 53 -9.035922E-03 -9.057883E-03 2.196056E-05
 4 54 -6.492518E-05 0 -6.492518E-05
 4 55 6.727043E-05 0 6.727043E-05
 4 56 1.402294E-02 1.396963E-02 5.330498E-05
 4 57 -1.782748E-02 -1.789702E-02 6.953916E-05
 4 58 2.947813E-02 2.918735E-02 2.907816E-04
 4 59 7.213465E-05 0 7.213465E-05
 4 60 -2.298018E-04 0 -2.298018E-04
 4 61 7.88111E-05 0 7.88111E-05
 4 62 3.954762E-05 0 3.954762E-05
 4 63 1.19505E-02 1.190982E-02 4.067531E-05
 4 64 9.526234E-05 0 9.526234E-05
 4 65 9.669479E-05 0 9.669479E-05
 4 66 -1.38596E-02 -1.385795E-02 -1.65693E-06
 4 67 -5.328791E-05 0 -5.328791E-05
 4 68 -2.869534E-05 0 -2.869534E-05
 4 69 -2.410712E-05 0 -2.410712E-05
 4 70 3.028571E-06 0 3.028571E-06
 4 71 3.269245E-06 0 3.269245E-06
 4 72 -4.495602E-03 -4.503406E-03 7.803619E-06
 4 73 1.372051E-05 0 1.372051E-05
 4 74 -1.752642E-05 0 -1.752642E-05
 4 75 4.451652E-03 4.439098E-03 1.255447E-05
 4 76 4.796215E-03 4.786125E-03 1.008967E-05
 4 77 1.813855E-06 0 1.813855E-06
 4 78 -2.432516E-03 -2.432386E-03 -1.298378E-07
 4 79 1.531795E-06 0 1.531795E-06
 4 80 -6.301861E-06 0 -6.301861E-06
 4 81 1.211098E-06 0 1.211098E-06
 4 82 1.50734E-03 1.505027E-03 2.313508E-06
 4 83 -2.671075E-06 0 -2.671075E-06
 4 84 1.703813E-06 0 1.703813E-06
 4 85 -5.694666E-06 0 -5.694666E-06
 4 86 4.313702E-06 0 4.313702E-06
 4 87 -2.843509E-03 -2.847743E-03 4.234472E-06
 4 88 4.482854E-03 4.470178E-03 1.26764E-05
 4 89 5.551043E-06 0 5.551043E-06
 4 90 1.032918E-05 0 1.032918E-05
 4 91 -4.472317E-05 0 -4.472317E-05
 4 92 -7.165562E-03 -7.162149E-03 -3.412141E-06
 4 93 -1.616064E-04 0 -1.616064E-04
 4 94 -3.099689E-05 0 -3.099689E-05
 4 95 -3.259791E-04 0 -3.259791E-04
 4 96 -2.255752E-02 -2.255352E-02 -4.000638E-06
 4 97 -3.006044E-04 0 -3.006044E-04
 4 98 -2.819373E-02 -2.818755E-02 -6.182378E-06
 4 99 2.81343E-05 0 2.81343E-05
 4 100 4.197773E-05 0 4.197773E-05
 5 25 -2.755757E-06 0 -2.755757E-06
 5 26 5.863555E-06 0 5.863555E-06
 5 27 -1.198334E-05 0 -1.198334E-05
 5 28 -3.175537E-05 0 -3.175537E-05
 5 29 -1.415442E-05 0 -1.415442E-05
 5 30 -1.259266E-02 -1.262756E-02 3.490194E-05
 5 31 6.415032E-05 0 6.415032E-05
 5 32 -2.789094E-04 0 -2.789094E-04
 5 33 1.97276E-04 0 1.97276E-04
 5 34 9.254294E-05 0 9.254294E-05
 5 35 -2.025794E-02 -2.03392E-02 8.126573E-05
 5 36 2.486335E-05 0 2.486335E-05
 5 37 -4.842366E-05 0 -4.842366E-05
 5 38 8.977995E-06 0 8.977995E-06
 5 39 -2.415307E-05 0 -2.415307E-05
 5 40 3.431248E-03 3.420047E-03 1.120124E-05
 5 41 -2.54842E-06 0 -2.54842E-06
 5 42 1.777051E-03 1.772135E-03 4.915978E-06
 5 43 1.619869E-06 0 1.619869E-06
 5 44 1.271619E-06 0 1.271619E-06
 5 45 1.788861E-03 1.784956E-03 3.904756E-06
 5 46 2.129418E-06 0 2.129418E-06
 5 47 -9.716961E-06 0 -9.716961E-06
 5 48 3.876027E-03 3.865636E-03 1.039057E-05
 5 49 5.936095E-06 0 5.936095E-06
 5 50 -5.183185E-06 0 -5.183185E-06
 5 51 -6.987326E-03 -7.000964E-03 1.363777E-05
 5 52 1.060993E-05 0 1.060993E-05
 5 53 -6.546562E-03 -6.558932E-03 1.237057E-05
 5 54 -4.710217E-05 0 -4.710217E-05
 5 55 4.967989E-05 0 4.967989E-05
 5 56 1.043434E-02 1.038944E-02 4.489638E-05
 5 57 -1.246874E-02 -1.250306E-02 3.432375E-05
 5 58 2.0185E-02 2.000719E-02 1.778107E-04
 5 59 7.434015E-05 0 7.434015E-05
 5 60 -1.748224E-04 0 -1.748224E-04
 5 61 6.831121E-05 0 6.831121E-05
 5 62 3.391772E-05 0 3.391772E-05
 5 63 9.960745E-03 9.919087E-03 4.165807E-05
 5 64 8.199787E-05 0 8.199787E-05
 5 65 7.227031E-05 0 7.227031E-05
 5 66 -1.04647E-02 -1.046476E-02 6.281956E-08
 5 67 -4.287555E-05 0 -4.287555E-05
 5 68 -2.237989E-05 0 -2.237989E-05
 5 69 -1.811934E-05 0 -1.811934E-05
 5 70 3.036951E-06 0 3.036951E-06
 5 71 3.941662E-06 0 3.941662E-06
 5 72 -3.358742E-03 -3.3636E-03 4.857516E-06
 5 73 1.12329E-05 0 1.12329E-05
 5 74 -1.586448E-05 0 -1.586448E-05
 5 75 3.470238E-03 3.458868E-03 1.13699E-05
 5 76 3.776742E-03 3.766708E-03 1.003371E-05
 5 77 2.479721E-06 0 2.479721E-06
 5 78 -1.863165E-03 -1.863171E-03 5.683411E-09
 5 79 1.422661E-06 0 1.422661E-06
 5 80 -5.72271E-06 0 -5.72271E-06
 5 81 1.208486E-06 0 1.208486E-06
 5 82 1.104293E-03 1.102045E-03 2.248555E-06
 5 83 -2.21863E-06 0 -2.21863E-06
 5 84 1.706367E-06 0 1.706367E-06
 5 85 -4.634693E-06 0 -4.634693E-06
 5 86 3.235344E-06 0 3.235344E-06
 5 87 -1.879086E-03 -1.881427E-03 2.340431E-06
 5 88 2.909232E-03 2.900198E-03 9.033814E-06
 5 89 4.525218E-06 0 4.525218E-06
 5 90 7.171103E-06 0 7.171103E-06
 5 91 -3.268195E-05 0 -3.268195E-05
 5 92 -4.843081E-03 -4.848058E-03 4.977521E-06
 5 93 -1.115674E-04 0 -1.115674E-04
 5 94 -3.844682E-05 0 -3.844682E-05
 5 95 -2.638697E-04 0 -2.638697E-04
 5 96 -1.891119E-02 -1.891136E-02 1.745143E-07
 5 97 -3.289543E-04 0 -3.289543E-04
 5 98 -2.765574E-02 -2.76561E-02 3.608504E-07
 5 99 5.536709E-05 0 5.536709E-05
 5 100 9.752626E-05 0 9.752626E-05
 6 25 -2.016579E-06 0 -2.016579E-06
 6 26 4.231012E-06 0 4.231012E-06
 6 27 -8.647373E-06 0 -8.647373E-06
 6 28 -2.276032E-05 0 -2.276032E-05
 6 29 -9.590727E-06 0 -9.590727E-06
 6 30 -1.024775E-02 -1.027256E-02 2.481167E-05
 6 31 4.23069E-05 0 4.23069E-05
 6 32 -2.024018E-04 0 -2.024018E-04
 6 33 1.428934E-04 0 1.428934E-04
 6 34 7.215883E-05 0 7.215883E-05
 6 35 -1.668741E-02 -1.674439E-02 5.698171E-05
 6 36 1.773285E-05 0 1.773285E-05
 6 37 -3.216496E-05 0 -3.216496E-05
 6 38 6.116063E-06 0 6.116063E-06
 6 39 -1.59043E-05 0 -1.59043E-05
 6 40 2.534327E-03 2.526745E-03 7.581491E-06
 6 41 -1.729109E-06 0 -1.729109E-06
 6 42 1.306259E-03 1.302816E-03 3.442042E-06
 6 43 1.174866E-06 0 1.174866E-06
 6 44 9.119487E-07 0 9.119487E-07
 6 45 1.291452E-03 1.288775E-03 2.677711E-06
 6 46 1.450485E-06 0 1.450485E-06
 6 47 -6.451038E-06 0 -6.451038E-06
 6 48 2.721863E-03 2.715323E-03 6.53956E-06
 6 49 3.721311E-06 0 3.721311E-06
 6 50 -3.256935E-06 0 -3.256935E-06
 6 51 -4.864114E-03 -4.872162E-03 8.047428E-06
 6 52 6.04082E-06 0 6.04082E-06
 6 53 -4.462914E-03 -4.470049E-03 7.135171E-06
 6 54 -2.623503E-05 0 -2.623503E-05
 6 55 2.524812E-05 0 2.524812E-05
 6 56 6.773868E-03 6.750926E-03 2.294253E-05
 6 57 -8.319981E-03 -8.337797E-03 1.781676E-05
 6 58 1.337936E-02 1.329346E-02 8.590785E-05
 6 59 3.270944E-05 0 3.270944E-05
 6 60 -7.995638E-05 0 -7.995638E-05
 6 61 3.353083E-05 0 3.353083E-05
 6 62 1.874448E-05 0 1.874448E-05
 6 63 6.914554E-03 6.890896E-03 2.365834E-05
 6 64 4.382937E-05 0 4.382937E-05
 6 65 4.093542E-05 0 4.093542E-05
 6 66 -7.890287E-03 -7.890328E-03 4.019274E-08
 6 67 -2.928558E-05 0 -2.928558E-05
 6 68 -1.676441E-05 0 -1.676441E-05
 6 69 -1.428406E-05 0 -1.428406E-05
 6 70 2.52956E-06 0 2.52956E-06
 6 71 3.327788E-06 0 3.327788E-06
 6 72 -2.820024E-03 -2.823894E-03 3.869965E-06
 6 73 8.371393E-06 0 8.371393E-06
 6 74 -1.133803E-05 0 -1.133803E-05
 6 75 2.624735E-03 2.616811E-03 7.923717E-06
 6 76 2.742673E-03 2.73607E-03 6.603226E-06
 6 77 1.691952E-06 0 1.691952E-06
 6 78 -1.392431E-03 -1.392435E-03 4.04337E-09
 6 79 1.023316E-06 0 1.023316E-06
 6 80 -4.188247E-06 0 -4.188247E-06
 6 81 9.158071E-07 0 9.158071E-07
 6 82 8.684398E-04 8.667065E-04 1.73332E-06
 6 83 -1.718745E-06 0 -1.718745E-06
 6 84 1.348629E-06 0 1.348629E-06
 6 85 -3.617637E-06 0 -3.617637E-06
 6 86 2.597805E-06 0 2.597805E-06
 6 87 -1.532624E-03 -1.534465E-03 1.840469E-06
 6 88 2.37348E-03 2.366495E-03 6.985233E-06
 6 89 3.540385E-06 0 3.540385E-06
 6 90 5.534426E-06 0 5.534426E-06
 6 91 -2.403103E-05 0 -2.403103E-05
 6 92 -4.002402E-03 -4.006089E-03 3.687833E-06
 6 93 -7.428271E-05 0 -7.428271E-05
 6 94 -2.539577E-05 0 -2.539577E-05
 6 95 -1.529328E-04 0 -1.529328E-04
 6 96 -1.425312E-02 -1.425322E-02 1.054574E-07
 6 97 -1.995683E-04 0 -1.995683E-04
 6 98 -2.026405E-02 -2.026425E-02 1.982826E-07
 6 99 3.406458E-05 0 3.406458E-05
 6 100 5.845826E-05 0 5.845826E-05
 7 25 -2.914069E-06 0 -2.914069E-06
 7 26 6.345254E-06 0 6.345254E-06
 7 27 -1.383832E-05 0 -1.383832E-05
 7 28 -3.875582E-05 0 -3.875582E-05
 7 29 -1.728342E-05 0 -1.728342E-05
 7 30 -1.555166E-02 -1.560192E-02 5.026367E-05
 7 31 9.479035E-05 0 9.479035E-05
 7 32 -5.275615E-04 0 -5.275615E-04
 7 33 4.307085E-04 0 4.307085E-04
 7 34 1.840962E-04 0 1.840962E-04
 7 35 -2.501032E-02 -2.513196E-02 1.216377E-04
 7 36 3.36208E-05 0 3.36208E-05
 7 37 -5.452461E-05 0 -5.452461E-05
 7 38 9.604248E-06 0 9.604248E-06
 7 39 -2.421153E-05 0 -2.421153E-05
 7 40 3.376695E-03 3.365728E-03 1.096684E-05
 7 41 -2.488641E-06 0 -2.488641E-06
 7 42 1.748359E-03 1.743537E-03 4.822099E-06
 7 43 1.685198E-06 0 1.685198E-06
 7 44 1.266406E-06 0 1.266406E-06
 7 45 1.718921E-03 1.715197E-03 3.724685E-06
 7 46 2.074891E-06 0 2.074891E-06
 7 47 -9.658111E-06 0 -9.658111E-06
 7 48 3.587529E-03 3.578162E-03 9.366946E-06
 7 49 5.194591E-06 0 5.194591E-06
 7 50 -4.818499E-06 0 -4.818499E-06
 7 51 -6.438535E-03 -6.450603E-03 1.20686E-05
 7 52 8.358209E-06 0 8.358209E-06
 7 53 -5.649423E-03 -5.659388E-03 9.964745E-06
 7 54 -3.946165E-05 0 -3.946165E-05
 7 55 3.570822E-05 0 3.570822E-05
 7 56 8.085459E-03 8.055453E-03 3.000681E-05
 7 57 -1.017069E-02 -1.01952E-02 2.450997E-05
 7 58 1.688611E-02 1.675739E-02 1.287274E-04
 7 59 4.53943E-05 0 4.53943E-05
 7 60 -1.21161E-04 0 -1.21161E-04
 7 61 4.874484E-05 0 4.874484E-05
 7 62 2.826564E-05 0 2.826564E-05
 7 63 9.109527E-03 9.073388E-03 3.613969E-05
 7 64 7.232234E-05 0 7.232234E-05
 7 65 7.265807E-05 0 7.265807E-05
 7 66 -1.145859E-02 -1.145866E-02 7.289946E-08
 7 67 -5.340657E-05 0 -5.340657E-05
 7 68 -3.137489E-05 0 -3.137489E-05
 7 69 -2.581363E-05 0 -2.581363E-05
 7 70 4.457479E-06 0 4.457479E-06
 7 71 6.049626E-06 0 6.049626E-06
 7 72 -4.294995E-03 -4.301761E-03 6.766782E-06
 7 73 1.46616E-05 0 1.46616E-05
 7 74 -1.877621E-05 0 -1.877621E-05
 7 75 3.7048E-03 3.692396E-03 1.240436E-05
 7 76 3.735557E-03 3.72567E-03 9.88709E-06
 7 77 2.436973E-06 0 2.436973E-06
 7 78 -1.928018E-03 -1.928024E-03 5.921512E-09
 7 79 1.482631E-06 0 1.482631E-06
 7 80 -6.277094E-06 0 -6.277094E-06
 7 81 1.340795E-06 0 1.340795E-06
 7 82 1.245989E-03 1.243417E-03 2.571815E-06
 7 83 -2.667761E-06 0 -2.667761E-06
 7 84 2.067043E-06 0 2.067043E-06
 7 85 -5.734017E-06 0 -5.734017E-06
 7 86 4.116632E-06 0 4.116632E-06
 7 87 -2.208573E-03 -2.211421E-03 2.847613E-06
 7 88 3.420402E-03 3.409248E-03 1.115449E-05
 7 89 5.963064E-06 0 5.963064E-06
 7 90 1.000461E-05 0 1.000461E-05
 7 91 -4.437793E-05 0 -4.437793E-05
 7 92 -6.211357E-03 -6.218847E-03 7.490559E-06
 7 93 -1.536347E-04 0 -1.536347E-04
 7 94 -5.451953E-05 0 -5.451953E-05
 7 95 -3.162649E-04 0 -3.162649E-04
 7 96 -2.045289E-02 -2.045309E-02 2.017397E-07
 7 97 -3.964516E-04 0 -3.964516E-04
 7 98 -2.662122E-02 -2.662155E-02 3.34575E-07
 7 99 5.246597E-05 0 5.246597E-05
 7 100 8.343687E-05 0 8.343687E-05
 8 25 -2.46712E-05 0 -2.46712E-05
 8 26 -1.652419E-05 0 -1.652419E-05
 8 27 -8.326462E-05 0 -8.326462E-05
 8 28 -1.840107E-04 0 -1.840107E-04
 8 29 -2.409221E-04 0 -2.409221E-04
 8 30 -1.476556E-04 0 -1.476556E-04
 8 31 -5.099663E-04 0 -5.099663E-04
 8 32 -2.849219E-03 0 -2.849219E-03
 8 33 -2.026838E-03 0 -2.026838E-03
 8 34 -3.463759E-04 0 -3.463759E-04
 8 35 -3.049926E-04 0 -3.049926E-04
 8 36 -1.48465E-04 0 -1.48465E-04
 8 37 -3.088943E-04 0 -3.088943E-04
 8 38 -4.54277E-05 0 -4.54277E-05
 8 39 -1.220837E-04 0 -1.220837E-04
 8 40 -1.395703E-05 0 -1.395703E-05
 8 41 -3.606687E-05 0 -3.606687E-05
 8 42 -6.431133E-06 0 -6.431133E-06
 8 43 -4.883672E-06 0 -4.883672E-06
 8 44 -3.784689E-06 0 -3.784689E-06
 8 45 -4.96722E-06 0 -4.96722E-06
 8 46 -1.247996E-05 0 -1.247996E-05
 8 47 -7.259641E-05 0 -7.259641E-05
 8 48 -1.416059E-05 0 -1.416059E-05
 8 49 -1.591543E-05 0 -1.591543E-05
 8 50 -7.823804E-05 0 -7.823804E-05
 8 51 -4.70789E-05 0 -4.70789E-05
 8 52 -2.94518E-05 0 -2.94518E-05
 8 53 -3.585044E-05 0 -3.585044E-05
 8 54 -2.979809E-04 0 -2.979809E-04
 8 55 -1.298612E-04 0 -1.298612E-04
 8 56 -4.420654E-05 0 -4.420654E-05
 8 57 -8.522491E-05 0 -8.522491E-05
 8 58 -1.981629E-04 0 -1.981629E-04
 8 59 -1.525284E-04 0 -1.525284E-04
 8 60 -1.168807E-03 0 -1.168807E-03
 8 61 -1.975491E-04 0 -1.975491E-04
 8 62 -1.051957E-04 0 -1.051957E-04
 8 63 -6.866976E-05 0 -6.866976E-05
 8 64 -3.448212E-04 0 -3.448212E-04
 8 65 -3.027265E-04 0 -3.027265E-04
 8 66 -2.226732E-04 0 -2.226732E-04
 8 67 -3.3221E-04 0 -3.3221E-04
 8 68 -2.263904E-04 0 -2.263904E-04
 8 69 -1.394426E-04 0 -1.394426E-04
 8 70 -2.118936E-05 0 -2.118936E-05
 8 71 -1.567564E-05 0 -1.567564E-05
 8 72 -2.368873E-05 0 -2.368873E-05
 8 73 -4.91618E-05 0 -4.91618E-05
 8 74 -1.153461E-04 0 -1.153461E-04
 8 75 -2.014251E-05 0 -2.014251E-05
 8 76 -1.53918E-05 0 -1.53918E-05
 8 77 -7.377014E-06 0 -7.377014E-06
 8 78 -1.536873E-05 0 -1.536873E-05
 8 79 -8.628615E-06 0 -8.628615E-06
 8 80 -3.449776E-05 0 -3.449776E-05
 8 81 -3.917864E-06 0 -3.917864E-06
 8 82 -3.301832E-06 0 -3.301832E-06
 8 83 -2.429605E-05 0 -2.429605E-05
 8 84 -5.352233E-06 0 -5.352233E-06
 8 85 -3.588546E-05 0 -3.588546E-05
 8 86 -1.063813E-05 0 -1.063813E-05
 8 87 -8.055088E-06 0 -8.055088E-06
 8 88 -1.290108E-05 0 -1.290108E-05
 8 89 -1.539562E-05 0 -1.539562E-05
 8 90 -4.834054E-05 0 -4.834054E-05
 8 91 -2.319651E-04 0 -2.319651E-04
 8 92 -1.995463E-04 0 -1.995463E-04
 8 93 -9.387418E-04 0 -9.387418E-04
 8 94 -1.053729E-03 0 -1.053729E-03
 8 95 -2.720055E-03 0 -2.720055E-03
 8 96 -8.178981E-04 0 -8.178981E-04
 8 97 -4.466469E-03 0 -4.466469E-03
 8 98 -1.862344E-03 0 -1.862344E-03
 8 99 -2.92801E-04 0 -2.92801E-04
 8 100 -5.408318E-04 0 -5.408318E-04
 9 25 -1.288537E-05 0 -1.288537E-05
 9 26 -7.151356E-06 0 -7.151356E-06
 9 27 -3.883852E-05 0 -3.883852E-05
 9 28 -8.144299E-05 0 -8.144299E-05
 9 29 -9.710585E-05 0 -9.710585E-05
 9 30 -4.155805E-05 0 -4.155805E-05
 9 31 -1.5694E-04 0 -1.5694E-04
 9 32 -9.314413E-04 0 -9.314413E-04
 9 33 -5.058182E-04 0 -5.058182E-04
 9 34 -9.788115E-05 0 -9.788115E-05
 9 35 -7.678188E-05 0 -7.678188E-05
 9 36 -5.38424E-05 0 -5.38424E-05
 9 37 -1.232313E-04 0 -1.232313E-04
 9 38 -1.889299E-05 0 -1.889299E-05
 9 39 -5.739099E-05 0 -5.739099E-05
 9 40 -5.706287E-06 0 -5.706287E-06
 9 41 -1.799101E-05 0 -1.799101E-05
 9 42 -2.857858E-06 0 -2.857858E-06
 9 43 -2.207112E-06 0 -2.207112E-06
 9 44 -1.763775E-06 0 -1.763775E-06
 9 45 -2.359289E-06 0 -2.359289E-06
 9 46 -6.253975E-06 0 -6.253975E-06
 9 47 -3.624957E-05 0 -3.624957E-05
 9 48 -6.3358E-06 0 -6.3358E-06
 9 49 -5.879457E-06 0 -5.879457E-06
 9 50 -3.69995E-05 0 -3.69995E-05
 9 51 -1.596854E-05 0 -1.596854E-05
 9 52 -1.169284E-05 0 -1.169284E-05
 9 53 -1.229248E-05 0 -1.229248E-05
 9 54 -1.239235E-04 0 -1.239235E-04
 9 55 -4.791771E-05 0 -4.791771E-05
 9 56 -1.728687E-05 0 -1.728687E-05
 9 57 -2.640095E-05 0 -2.640095E-05
 9 58 -6.100098E-05 0 -6.100098E-05
 9 59 -5.125986E-05 0 -5.125986E-05
 9 60 -4.312176E-04 0 -4.312176E-04
 9 61 -7.142251E-05 0 -7.142251E-05
 9 62 -4.019195E-05 0 -4.019195E-05
 9 63 -2.827485E-05 0 -2.827485E-05
 9 64 -1.250986E-04 0 -1.250986E-04
 9 65 -1.037295E-04 0 -1.037295E-04
 9 66 -8.101383E-05 0 -8.101383E-05
 9 67 -1.496394E-04 0 -1.496394E-04
 9 68 -1.031048E-04 0 -1.031048E-04
 9 69 -6.84715E-05 0 -6.84715E-05
 9 70 -1.069396E-05 0 -1.069396E-05
 9 71 -7.275791E-06 0 -7.275791E-06
 9 72 -9.227318E-06 0 -9.227318E-06
 9 73 -2.144593E-05 0 -2.144593E-05
 9 74 -5.958755E-05 0 -5.958755E-05
 9 75 -8.818508E-06 0 -8.818508E-06
 9 76 -7.015292E-06 0 -7.015292E-06
 9 77 -3.575032E-06 0 -3.575032E-06
 9 78 -7.234302E-06 0 -7.234302E-06
 9 79 -4.461902E-06 0 -4.461902E-06
 9 80 -1.905384E-05 0 -1.905384E-05
 9 81 -1.83049E-06 0 -1.83049E-06
 9 82 -1.649872E-06 0 -1.649872E-06
 9 83 -1.286785E-05 0 -1.286785E-05
 9 84 -2.153105E-06 0 -2.153105E-06
 9 85 -1.865879E-05 0 -1.865879E-05
 9 86 -4.90263E-06 0 -4.90263E-06
 9 87 -3.116527E-06 0 -3.116527E-06
 9 88 -5.332994E-06 0 -5.332994E-06
 9 89 -6.245055E-06 0 -6.245055E-06
 9 90 -2.050155E-05 0 -2.050155E-05
 9 91 -1.048546E-04 0 -1.048546E-04
 9 92 -7.453871E-05 0 -7.453871E-05
 9 93 -3.615854E-04 0 -3.615854E-04
 9 94 -3.879019E-04 0 -3.879019E-04
 9 95 -9.84536E-04 0 -9.84536E-04
 9 96 -2.870627E-04 0 -2.870627E-04
 9 97 -1.914166E-03 0 -1.914166E-03
 9 98 -7.428605E-04 0 -7.428605E-04
 9 99 -1.514663E-04 0 -1.514663E-04
 9 100 -3.159862E-04 0 -3.159862E-04
 10 25 -3.322228E-06 0 -3.322228E-06
 10 26 2.751442E-06 0 2.751442E-06
 10 27 -1.444906E-05 0 -1.444906E-05
 10 28 -3.60709E-05 0 -3.60709E-05
 10 29 -2.385827E-05 0 -2.385827E-05
 10 30 1.003037E-02 9.913648E-03 1.167205E-04
 10 31 3.987749E-05 0 3.987749E-05
 10 32 -4.610756E-04 0 -4.610756E-04
 10 33 1.469689E-04 0 1.469689E-04
 10 34 5.154777E-05 0 5.154777E-05
 10 35 1.452579E-02 1.431046E-02 2.153356E-04
 10 36 1.394808E-05 0 1.394808E-05
 10 37 -4.404783E-05 0 -4.404783E-05
 10 38 4.474156E-06 0 4.474156E-06
 10 39 -2.274904E-05 0 -2.274904E-05
 10 40 -2.072588E-03 -2.072595E-03 6.462805E-09
 10 41 -4.095428E-06 0 -4.095428E-06
 10 42 -1.149935E-03 -1.149939E-03 3.259546E-09
 10 43 1.306916E-06 0 1.306916E-06
 10 44 1.019613E-06 0 1.019613E-06
 10 45 -1.191463E-03 -1.191408E-03 -5.591872E-08
 10 46 1.40315E-06 0 1.40315E-06
 10 47 -1.215298E-05 0 -1.215298E-05
 10 48 -2.594026E-03 -2.593885E-03 -1.40753E-07
 10 49 3.797351E-06 0 3.797351E-06
 10 50 -7.972622E-06 0 -7.972622E-06
 10 51 4.445156E-03 4.410263E-03 3.489335E-05
 10 52 5.670471E-06 0 5.670471E-06
 10 53 3.592579E-03 3.566424E-03 2.615527E-05
 10 54 -3.709929E-05 0 -3.709929E-05
 10 55 1.384654E-05 0 1.384654E-05
 10 56 -4.908841E-03 -4.908511E-03 -3.295075E-07
 10 57 5.95813E-03 5.905319E-03 5.281046E-05
 10 58 -9.689123E-03 -9.689178E-03 5.548111E-08
 10 59 1.503778E-05 0 1.503778E-05
 10 60 -1.102549E-04 0 -1.102549E-04
 10 61 2.246861E-05 0 2.246861E-05
 10 62 1.40137E-05 0 1.40137E-05
 10 63 -7.188849E-03 -7.188274E-03 -5.750421E-07
 10 64 3.704745E-05 0 3.704745E-05
 10 65 3.371553E-05 0 3.371553E-05
 10 66 8.905224E-03 8.859381E-03 4.584307E-05
 10 67 -6.350041E-05 0 -6.350041E-05
 10 68 -4.123039E-05 0 -4.123039E-05
 10 69 -3.321828E-05 0 -3.321828E-05
 10 70 2.80971E-06 0 2.80971E-06
 10 71 3.772969E-06 0 3.772969E-06
 10 72 3.67426E-03 3.64731E-03 2.695013E-05
 10 73 8.770034E-06 0 8.770034E-06
 10 74 -2.533187E-05 0 -2.533187E-05
 10 75 -2.984458E-03 -2.984468E-03 1.020908E-08
 10 76 -2.904492E-03 -2.90433E-03 -1.625634E-07
 10 77 1.407776E-06 0 1.407776E-06
 10 78 1.499217E-03 1.495038E-03 4.179129E-06
 10 79 1.049848E-06 0 1.049848E-06
 10 80 -8.033572E-06 0 -8.033572E-06
 10 81 1.127191E-06 0 1.127191E-06
 10 82 -9.542254E-04 -9.541816E-04 -4.382573E-08
 10 83 -4.633734E-06 0 -4.633734E-06
 10 84 1.731253E-06 0 1.731253E-06
 10 85 -7.329027E-06 0 -7.329027E-06
 10 86 2.086385E-06 0 2.086385E-06
 10 87 1.474698E-03 1.465999E-03 8.698659E-06
 10 88 -2.191082E-03 -2.191089E-03 6.917265E-09
 10 89 4.17884E-06 0 4.17884E-06
 10 90 5.578058E-06 0 5.578058E-06
 10 91 -4.792977E-05 0 -4.792977E-05
 10 92 4.472591E-03 4.466961E-03 5.629343E-06
 10 93 -1.565791E-04 0 -1.565791E-04
 10 94 -9.584033E-05 0 -9.584033E-05
 10 95 -3.664135E-04 0 -3.664135E-04
 10 96 1.803575E-02 1.788562E-02 1.501278E-04
 10 97 -6.794312E-04 0 -6.794312E-04
 10 98 2.667405E-02 2.636158E-02 3.124731E-04
 10 99 4.818251E-05 0 4.818251E-05
 10 100 8.82991E-05 0 8.82991E-05
 11 25 -1.161643E-06 0 -1.161643E-06
 11 26 8.328602E-06 0 8.328602E-06
 11 27 -1.21387E-05 0 -1.21387E-05
 11 28 -3.699955E-05 0 -3.699955E-05
 11 29 -1.145472E-05 0 -1.145472E-05
 11 30 1.558543E-02 1.530319E-02 2.822451E-04
 11 31 2.199486E-04 0 2.199486E-04
 11 32 -7.235532E-04 0 -7.235532E-04
 11 33 9.631564E-04 0 9.631564E-04
 11 34 2.101745E-04 0 2.101745E-04
 11 35 2.140787E-02 2.091069E-02 4.971751E-04
 11 36 6.0548E-05 0 6.0548E-05
 11 37 -3.792384E-05 0 -3.792384E-05
 11 38 1.727132E-05 0 1.727132E-05
 11 39 -2.152184E-05 0 -2.152184E-05
 11 40 -2.997354E-03 -3.001541E-03 4.186079E-06
 11 41 -1.651793E-06 0 -1.651793E-06
 11 42 -1.704373E-03 -1.706457E-03 2.084017E-06
 11 43 3.532973E-06 0 3.532973E-06
 11 44 2.714901E-06 0 2.714901E-06
 11 45 -1.795937E-03 -1.798337E-03 2.400442E-06
 11 46 5.530871E-06 0 5.530871E-06
 11 47 -1.068333E-05 0 -1.068333E-05
 11 48 -3.971399E-03 -3.977981E-03 6.581594E-06
 11 49 9.701605E-06 0 9.701605E-06
 11 50 -3.474177E-06 0 -3.474177E-06
 11 51 6.803762E-03 6.729096E-03 7.466595E-05
 11 52 1.6445E-05 0 1.6445E-05
 11 53 5.232907E-03 5.181891E-03 5.101604E-05
 11 54 -3.306418E-05 0 -3.306418E-05
 11 55 4.672695E-05 0 4.672695E-05
 11 56 -6.844262E-03 -6.858576E-03 1.431394E-05
 11 57 8.303869E-03 8.202946E-03 1.009233E-04
 11 58 -1.372862E-02 -1.376907E-02 4.044236E-05
 11 59 4.898622E-05 0 4.898622E-05
 11 60 -1.089124E-04 0 -1.089124E-04
 11 61 9.118645E-05 0 9.118645E-05
 11 62 5.682309E-05 0 5.682309E-05
 11 63 -1.129986E-02 -1.133139E-02 3.153188E-05
 11 64 1.608014E-04 0 1.608014E-04
 11 65 1.47668E-04 0 1.47668E-04
 11 66 1.480886E-02 1.458628E-02 2.225845E-04
 11 67 -7.773849E-05 0 -7.773849E-05
 11 68 -4.364497E-05 0 -4.364497E-05
 11 69 -3.813076E-05 0 -3.813076E-05
 11 70 1.041558E-05 0 1.041558E-05
 11 71 1.368526E-05 0 1.368526E-05
 11 72 6.018629E-03 5.956271E-03 6.235836E-05
 11 73 3.433636E-05 0 3.433636E-05
 11 74 -2.809167E-05 0 -2.809167E-05
 11 75 -4.781631E-03 -4.789488E-03 7.856176E-06
 11 76 -4.572205E-03 -4.580194E-03 7.989189E-06
 11 77 4.467053E-06 0 4.467053E-06
 11 78 2.362518E-03 2.347245E-03 1.52724E-05
 11 79 4.102357E-06 0 4.102357E-06
 11 80 -7.694787E-06 0 -7.694787E-06
 11 81 3.09342E-06 0 3.09342E-06
 11 82 -1.491956E-03 -1.493887E-03 1.931371E-06
 11 83 -2.684969E-06 0 -2.684969E-06
 11 84 4.363412E-06 0 4.363412E-06
 11 85 -6.159569E-06 0 -6.159569E-06
 11 86 6.51133E-06 0 6.51133E-06
 11 87 2.196388E-03 2.180131E-03 1.625726E-05
 11 88 -3.226954E-03 -3.231563E-03 4.608434E-06
 11 89 1.227632E-05 0 1.227632E-05
 11 90 2.430289E-05 0 2.430289E-05
 11 91 -5.423629E-05 0 -5.423629E-05
 11 92 7.328146E-03 7.233177E-03 9.496848E-05
 11 93 -2.127423E-04 0 -2.127423E-04
 11 94 -6.439479E-05 0 -6.439479E-05
 11 95 -5.899105E-04 0 -5.899105E-04
 11 96 3.130204E-02 3.041612E-02 8.859225E-04
 11 97 -1.230796E-03 0 -1.230796E-03
 11 98 4.492602E-02 4.307708E-02 1.848949E-03
 11 99 2.128804E-04 0 2.128804E-04
 11 100 3.760094E-04 0 3.760094E-04
 12 25 -3.475952E-06 0 -3.475952E-06
 12 26 1.146167E-06 0 1.146167E-06
 12 27 -1.318602E-05 0 -1.318602E-05
 12 28 -2.827651E-05 0 -2.827651E-05
 12 29 -2.914381E-05 0 -2.914381E-05
 12 30 3.708205E-05 0 3.708205E-05
 12 31 -3.038042E-06 0 -3.038042E-06
 12 32 -4.437202E-04 0 -4.437202E-04
 12 33 -9.87547E-06 0 -9.87547E-06
 12 34 -1.464976E-06 0 -1.464976E-06
 12 35 5.589743E-05 0 5.589743E-05
 12 36 -8.509346E-07 0 -8.509346E-07
 12 37 -3.615682E-05 0 -3.615682E-05
 12 38 -2.839245E-07 0 -2.839245E-07
 12 39 -1.822716E-05 0 -1.822716E-05
 12 40 2.461382E-06 0 2.461382E-06
 12 41 -5.086871E-06 0 -5.086871E-06
 12 42 1.334507E-06 0 1.334507E-06
 12 43 2.86575E-07 0 2.86575E-07
 12 44 2.305177E-07 0 2.305177E-07
 12 45 9.569496E-07 0 9.569496E-07
 12 46 -1.215343E-07 0 -1.215343E-07
 12 47 -1.435439E-05 0 -1.435439E-05
 12 48 2.767316E-06 0 2.767316E-06
 12 49 1.656716E-06 0 1.656716E-06
 12 50 -1.119665E-05 0 -1.119665E-05
 12 51 1.41928E-05 0 1.41928E-05
 12 52 1.423994E-06 0 1.423994E-06
 12 53 9.289697E-06 0 9.289697E-06
 12 54 -3.970108E-05 0 -3.970108E-05
 12 55 7.413609E-06 0 7.413609E-06
 12 56 5.447715E-06 0 5.447715E-06
 12 57 1.693965E-05 0 1.693965E-05
 12 58 2.28049E-05 0 2.28049E-05
 12 59 -6.214552E-07 0 -6.214552E-07
 12 60 -1.42746E-04 0 -1.42746E-04
 12 61 7.683664E-06 0 7.683664E-06
 12 62 4.67259E-06 0 4.67259E-06
 12 63 1.48671E-05 0 1.48671E-05
 12 64 3.041994E-05 0 3.041994E-05
 12 65 2.39098E-05 0 2.39098E-05
 12 66 2.488363E-05 0 2.488363E-05
 12 67 -7.160676E-05 0 -7.160676E-05
 12 68 -5.121822E-05 0 -5.121822E-05
 12 69 -3.317331E-05 0 -3.317331E-05
 12 70 -1.697916E-06 0 -1.697916E-06
 12 71 -1.683305E-07 0 -1.683305E-07
 12 72 1.160669E-05 0 1.160669E-05
 12 73 5.552828E-06 0 5.552828E-06
 12 74 -2.858614E-05 0 -2.858614E-05
 12 75 5.713877E-06 0 5.713877E-06
 12 76 3.467713E-06 0 3.467713E-06
 12 77 -6.693227E-08 0 -6.693227E-08
 12 78 1.850481E-06 0 1.850481E-06
 12 79 -8.95416E-08 0 -8.95416E-08
 12 80 -7.621113E-06 0 -7.621113E-06
 12 81 2.567993E-07 0 2.567993E-07
 12 82 7.654464E-07 0 7.654464E-07
 12 83 -3.704008E-06 0 -3.704008E-06
 12 84 6.83094E-07 0 6.83094E-07
 12 85 -7.317094E-06 0 -7.317094E-06
 12 86 9.110806E-07 0 9.110806E-07
 12 87 2.637161E-06 0 2.637161E-06
 12 88 2.502792E-06 0 2.502792E-06
 12 89 8.350391E-07 0 8.350391E-07
 12 90 -3.942863E-07 0 -3.942863E-07
 12 91 -4.398712E-05 0 -4.398712E-05
 12 92 -4.669598E-06 0 -4.669598E-06
 12 93 -1.696935E-04 0 -1.696935E-04
 12 94 -1.846227E-04 0 -1.846227E-04
 12 95 -5.799329E-04 0 -5.799329E-04
 12 96 1.204272E-04 0 1.204272E-04
 12 97 -1.778847E-03 0 -1.778847E-03
 12 98 3.815729E-04 0 3.815729E-04
 12 99 -5.954607E-06 0 -5.954607E-06
 12 100 -1.375717E-05 0 -1.375717E-05
 13 25 -9.322651E-06 0 -9.322651E-06
 13 26 -4.975741E-06 0 -4.975741E-06
 13 27 -2.750255E-05 0 -2.750255E-05
 13 28 -5.526872E-05 0 -5.526872E-05
 13 29 -6.403149E-05 0 -6.403149E-05
 13 30 -2.819801E-05 0 -2.819801E-05
 13 31 -9.790941E-05 0 -9.790941E-05
 13 32 -6.826659E-04 0 -6.826659E-04
 13 33 -3.02767E-04 0 -3.02767E-04
 13 34 -6.106747E-05 0 -6.106747E-05
 13 35 -4.291792E-05 0 -4.291792E-05
 13 36 -3.284284E-05 0 -3.284284E-05
 13 37 -7.071101E-05 0 -7.071101E-05
 13 38 -1.14447E-05 0 -1.14447E-05
 13 39 -3.563155E-05 0 -3.563155E-05
 13 40 -3.706689E-06 0 -3.706689E-06
 13 41 -1.234689E-05 0 -1.234689E-05
 13 42 -2.065527E-06 0 -2.065527E-06
 13 43 -1.710623E-06 0 -1.710623E-06
 13 44 -1.377381E-06 0 -1.377381E-06
 13 45 -1.75982E-06 0 -1.75982E-06
 13 46 -4.831896E-06 0 -4.831896E-06
 13 47 -2.757942E-05 0 -2.757942E-05
 13 48 -4.563578E-06 0 -4.563578E-06
 13 49 -3.994402E-06 0 -3.994402E-06
 13 50 -2.477438E-05 0 -2.477438E-05
 13 51 -1.028523E-05 0 -1.028523E-05
 13 52 -7.038858E-06 0 -7.038858E-06
 13 53 -7.083411E-06 0 -7.083411E-06
 13 54 -6.896676E-05 0 -6.896676E-05
 13 55 -2.473467E-05 0 -2.473467E-05
 13 56 -8.496924E-06 0 -8.496924E-06
 13 57 -1.248522E-05 0 -1.248522E-05
 13 58 -2.702481E-05 0 -2.702481E-05
 13 59 -2.185319E-05 0 -2.185319E-05
 13 60 -2.063588E-04 0 -2.063588E-04
 13 61 -3.951659E-05 0 -3.951659E-05
 13 62 -2.582195E-05 0 -2.582195E-05
 13 63 -2.021206E-05 0 -2.021206E-05
 13 64 -8.376684E-05 0 -8.376684E-05
 13 65 -6.993267E-05 0 -6.993267E-05
 13 66 -6.47861E-05 0 -6.47861E-05
 13 67 -1.21922E-04 0 -1.21922E-04
 13 68 -9.561734E-05 0 -9.561734E-05
 13 69 -6.496118E-05 0 -6.496118E-05
 13 70 -1.099207E-05 0 -1.099207E-05
 13 71 -8.137978E-06 0 -8.137978E-06
 13 72 -9.77767E-06 0 -9.77767E-06
 13 73 -2.112916E-05 0 -2.112916E-05
 13 74 -5.316784E-05 0 -5.316784E-05
 13 75 -7.838159E-06 0 -7.838159E-06
 13 76 -5.676262E-06 0 -5.676262E-06
 13 77 -2.983722E-06 0 -2.983722E-06
 13 78 -6.208535E-06 0 -6.208535E-06
 13 79 -3.708797E-06 0 -3.708797E-06
 13 80 -1.576329E-05 0 -1.576329E-05
 13 81 -1.564974E-06 0 -1.564974E-06
 13 82 -1.498681E-06 0 -1.498681E-06
 13 83 -1.175567E-05 0 -1.175567E-05
 13 84 -1.929657E-06 0 -1.929657E-06
 13 85 -1.608996E-05 0 -1.608996E-05
 13 86 -4.171767E-06 0 -4.171767E-06
 13 87 -2.472012E-06 0 -2.472012E-06
 13 88 -4.01183E-06 0 -4.01183E-06
 13 89 -4.982816E-06 0 -4.982816E-06
 13 90 -1.605469E-05 0 -1.605469E-05
 13 91 -8.296929E-05 0 -8.296929E-05
 13 92 -6.167768E-05 0 -6.167768E-05
 13 93 -2.679293E-04 0 -2.679293E-04
 13 94 -3.174611E-04 0 -3.174611E-04
 13 95 -7.15689E-04 0 -7.15689E-04
 13 96 -2.484063E-04 0 -2.484063E-04
 13 97 -1.836922E-03 0 -1.836922E-03
 13 98 -6.339608E-04 0 -6.339608E-04
 13 99 -1.631362E-04 0 -1.631362E-04
 13 100 -3.396676E-04 0 -3.396676E-04
 14 25 -1.585611E-06 0 -1.585611E-06
 14 26 3.137523E-06 0 3.137523E-06
 14 27 -6.973014E-06 0 -6.973014E-06
 14 28 -1.730848E-05 0 -1.730848E-05
 14 29 -7.520658E-06 0 -7.520658E-06
 14 30 -9.382793E-03 -9.404324E-03 2.153173E-05
 14 31 3.503987E-05 0 3.503987E-05
 14 32 -2.596444E-04 0 -2.596444E-04
 14 33 1.207698E-04 0 1.207698E-04
 14 34 5.386085E-05 0 5.386085E-05
 14 35 -1.182789E-02 -1.18593E-02 3.141483E-05
 14 36 1.109802E-05 0 1.109802E-05
 14 37 -1.730488E-05 0 -1.730488E-05
 14 38 3.508911E-06 0 3.508911E-06
 14 39 -9.911337E-06 0 -9.911337E-06
 14 40 1.797066E-03 1.792084E-03 4.981775E-06
 14 41 -1.295958E-06 0 -1.295958E-06
 14 42 1.079692E-03 1.076908E-03 2.78359E-06
 14 43 1.097633E-06 0 1.097633E-06
 14 44 8.61747E-07 0 8.61747E-07
 14 45 1.165346E-03 1.162959E-03 2.386579E-06
 14 46 1.444855E-06 0 1.444855E-06
 14 47 -6.575852E-06 0 -6.575852E-06
 14 48 2.563001E-03 2.55694E-03 6.060556E-06
 14 49 2.943815E-06 0 2.943815E-06
 14 50 -2.562161E-06 0 -2.562161E-06
 14 51 -4.070552E-03 -4.076839E-03 6.286739E-06
 14 52 3.960647E-06 0 3.960647E-06
 14 53 -2.957173E-03 -2.961286E-03 4.113679E-06
 14 54 -1.508526E-05 0 -1.508526E-05
 14 55 1.303846E-05 0 1.303846E-05
 14 56 3.721664E-03 3.711826E-03 9.837817E-06
 14 57 -4.348885E-03 -4.355769E-03 6.884147E-06
 14 58 7.223823E-03 7.191784E-03 3.20382E-05
 14 59 1.210942E-05 0 1.210942E-05
 14 60 -4.137924E-05 0 -4.137924E-05
 14 61 2.282495E-05 0 2.282495E-05
 14 62 1.613895E-05 0 1.613895E-05
 14 63 7.403649E-03 7.377424E-03 2.622494E-05
 14 64 4.807391E-05 0 4.807391E-05
 14 65 4.351326E-05 0 4.351326E-05
 14 66 -9.785813E-03 -9.785869E-03 5.637109E-08
 14 67 -3.942621E-05 0 -3.942621E-05
 14 68 -2.82896E-05 0 -2.82896E-05
 14 69 -2.330689E-05 0 -2.330689E-05
 14 70 4.610264E-06 0 4.610264E-06
 14 71 7.489699E-06 0 7.489699E-06
 14 72 -4.807645E-03 -4.815561E-03 7.916286E-06
 14 73 1.560264E-05 0 1.560264E-05
 14 74 -1.674183E-05 0 -1.674183E-05
 14 75 3.494925E-03 3.483448E-03 1.147717E-05
 14 76 3.163434E-03 3.155498E-03 7.936002E-06
 14 77 2.039591E-06 0 2.039591E-06
 14 78 -1.673908E-03 -1.673913E-03 5.00535E-09
 14 79 1.149747E-06 0 1.149747E-06
 14 80 -4.662215E-06 0 -4.662215E-06
 14 81 1.044421E-06 0 1.044421E-06
 14 82 1.108938E-03 1.106679E-03 2.258987E-06
 14 83 -2.329846E-06 0 -2.329846E-06
 14 84 1.694425E-06 0 1.694425E-06
 14 85 -4.301048E-06 0 -4.301048E-06
 14 86 2.902853E-06 0 2.902853E-06
 14 87 -1.465697E-03 -1.467445E-03 1.747859E-06
 14 88 2.114594E-03 2.108535E-03 6.059547E-06
 14 89 3.628537E-06 0 3.628537E-06
 14 90 5.778545E-06 0 5.778545E-06
 14 91 -2.764786E-05 0 -2.764786E-05
 14 92 -4.901591E-03 -4.906665E-03 5.074341E-06
 14 93 -8.990939E-05 0 -8.990939E-05
 14 94 -4.189732E-05 0 -4.189732E-05
 14 95 -2.215723E-04 0 -2.215723E-04
 14 96 -2.09944E-02 -2.099461E-02 2.118453E-07
 14 97 -5.549012E-04 0 -5.549012E-04
 14 98 -3.025062E-02 -3.025106E-02 4.321765E-07
 14 99 9.708283E-05 0 9.708283E-05
 14 100 1.698333E-04 0 1.698333E-04
 15 25 -1.504318E-05 0 -1.504318E-05
 15 26 -9.222964E-06 0 -9.222964E-06
 15 27 -4.794973E-05 0 -4.794973E-05
 15 28 -9.504793E-05 0 -9.504793E-05
 15 29 -1.195019E-04 0 -1.195019E-04
 15 30 -7.438917E-05 0 -7.438917E-05
 15 31 -2.148109E-04 0 -2.148109E-04
 15 32 -1.661771E-03 0 -1.661771E-03
 15 33 -6.748789E-04 0 -6.748789E-04
 15 34 -1.272638E-04 0 -1.272638E-04
 15 35 -9.500271E-05 0 -9.500271E-05
 15 36 -5.816434E-05 0 -5.816434E-05
 15 37 -1.118702E-04 0 -1.118702E-04
 15 38 -1.878122E-05 0 -1.878122E-05
 15 39 -5.511911E-05 0 -5.511911E-05
 15 40 -6.968069E-06 0 -6.968069E-06
 15 41 -2.05334E-05 0 -2.05334E-05
 15 42 -4.065788E-06 0 -4.065788E-06
 15 43 -3.536612E-06 0 -3.536612E-06
 15 44 -2.828342E-06 0 -2.828342E-06
 15 45 -3.450428E-06 0 -3.450428E-06
 15 46 -9.474043E-06 0 -9.474043E-06
 15 47 -5.401413E-05 0 -5.401413E-05
 15 48 -9.689169E-06 0 -9.689169E-06
 15 49 -9.46928E-06 0 -9.46928E-06
 15 50 -4.432926E-05 0 -4.432926E-05
 15 51 -2.542015E-05 0 -2.542015E-05
 15 52 -1.402308E-05 0 -1.402308E-05
 15 53 -1.510134E-05 0 -1.510134E-05
 15 54 -1.157365E-04 0 -1.157365E-04
 15 55 -4.532055E-05 0 -4.532055E-05
 15 56 -1.389715E-05 0 -1.389715E-05
 15 57 -2.368278E-05 0 -2.368278E-05
 15 58 -4.744634E-05 0 -4.744634E-05
 15 59 -3.615584E-05 0 -3.615584E-05
 15 60 -3.55752E-04 0 -3.55752E-04
 15 61 -8.499382E-05 0 -8.499382E-05
 15 62 -5.993605E-05 0 -5.993605E-05
 15 63 -5.081368E-05 0 -5.081368E-05
 15 64 -2.259833E-04 0 -2.259833E-04
 15 65 -1.871899E-04 0 -1.871899E-04
 15 66 -1.93444E-04 0 -1.93444E-04
 15 67 -2.825953E-04 0 -2.825953E-04
 15 68 -2.461693E-04 0 -2.461693E-04
 15 69 -1.521864E-04 0 -1.521864E-04
 15 70 -2.671655E-05 0 -2.671655E-05
 15 71 -2.421215E-05 0 -2.421215E-05
 15 72 -3.397731E-05 0 -3.397731E-05
 15 73 -6.305615E-05 0 -6.305615E-05
 15 74 -1.193067E-04 0 -1.193067E-04
 15 75 -2.121522E-05 0 -2.121522E-05
 15 76 -1.352686E-05 0 -1.352686E-05
 15 77 -6.779918E-06 0 -6.779918E-06
 15 78 -1.45141E-05 0 -1.45141E-05
 15 79 -7.453685E-06 0 -7.453685E-06
 15 80 -2.891496E-05 0 -2.891496E-05
 15 81 -3.452212E-06 0 -3.452212E-06
 15 82 -3.313971E-06 0 -3.313971E-06
 15 83 -2.458118E-05 0 -2.458118E-05
 15 84 -5.072108E-06 0 -5.072108E-06
 15 85 -3.127356E-05 0 -3.127356E-05
 15 86 -8.758143E-06 0 -8.758143E-06
 15 87 -5.722095E-06 0 -5.722095E-06
 15 88 -8.157031E-06 0 -8.157031E-06
 15 89 -1.103272E-05 0 -1.103272E-05
 15 90 -3.320388E-05 0 -3.320388E-05
 15 91 -1.700585E-04 0 -1.700585E-04
 15 92 -1.618448E-04 0 -1.618448E-04
 15 93 -6.277055E-04 0 -6.277055E-04
 15 94 -9.368937E-04 0 -9.368937E-04
 15 95 -2.013091E-03 0 -2.013091E-03
 15 96 -9.699236E-04 0 -9.699236E-04
 15 97 -7.414839E-03 0 -7.414839E-03
 15 98 -2.505745E-03 0 -2.505745E-03
 15 99 -6.405678E-04 0 -6.405678E-04
 15 100 -1.227396E-03 0 -1.227396E-03
 16 25 -1.052125E-06 0 -1.052125E-06
 16 26 1.47186E-06 0 1.47186E-06
 16 27 -4.353333E-06 0 -4.353333E-06
 16 28 -1.093178E-05 0 -1.093178E-05
 16 29 -6.770083E-06 0 -6.770083E-06
 16 30 2.349493E-05 0 2.349493E-05
 16 31 8.09646E-06 0 8.09646E-06
 16 32 -1.205429E-04 0 -1.205429E-04
 16 33 2.096688E-05 0 2.096688E-05
 16 34 6.787991E-06 0 6.787991E-06
 16 35 2.917818E-05 0 2.917818E-05
 16 36 2.528991E-06 0 2.528991E-06
 16 37 -9.419311E-06 0 -9.419311E-06
 16 38 9.385413E-07 0 9.385413E-07
 16 39 -6.299406E-06 0 -6.299406E-06
 16 40 1.531079E-06 0 1.531079E-06
 16 41 -1.424224E-06 0 -1.424224E-06
 16 42 9.458582E-07 0 9.458582E-07
 16 43 4.815125E-07 0 4.815125E-07
 16 44 3.994433E-07 0 3.994433E-07
 16 45 7.650642E-07 0 7.650642E-07
 16 46 5.472378E-07 0 5.472378E-07
 16 47 -5.339621E-06 0 -5.339621E-06
 16 48 2.087415E-06 0 2.087415E-06
 16 49 1.7084E-06 0 1.7084E-06
 16 50 -2.99922E-06 0 -2.99922E-06
 16 51 1.033824E-05 0 1.033824E-05
 16 52 1.877318E-06 0 1.877318E-06
 16 53 6.356939E-06 0 6.356939E-06
 16 54 -1.066305E-05 0 -1.066305E-05
 16 55 7.247664E-06 0 7.247664E-06
 16 56 2.939295E-06 0 2.939295E-06
 16 57 9.644661E-06 0 9.644661E-06
 16 58 9.510971E-06 0 9.510971E-06
 16 59 2.833785E-06 0 2.833785E-06
 16 60 -3.197436E-05 0 -3.197436E-05
 16 61 1.100883E-05 0 1.100883E-05
 16 62 7.705173E-06 0 7.705173E-06
 16 63 1.035449E-05 0 1.035449E-05
 16 64 3.313159E-05 0 3.313159E-05
 16 65 2.541816E-05 0 2.541816E-05
 16 66 2.250946E-05 0 2.250946E-05
 16 67 -2.836423E-05 0 -2.836423E-05
 16 68 -1.976526E-05 0 -1.976526E-05
 16 69 -1.719728E-05 0 -1.719728E-05
 16 70 8.313096E-07 0 8.313096E-07
 16 71 1.725998E-06 0 1.725998E-06
 16 72 1.286146E-05 0 1.286146E-05
 16 73 9.181329E-06 0 9.181329E-06
 16 74 -1.351135E-05 0 -1.351135E-05
 16 75 4.687372E-06 0 4.687372E-06
 16 76 2.871889E-06 0 2.871889E-06
 16 77 6.002671E-07 0 6.002671E-07
 16 78 2.170394E-06 0 2.170394E-06
 16 79 4.323497E-07 0 4.323497E-07
 16 80 -3.577466E-06 0 -3.577466E-06
 16 81 4.727867E-07 0 4.727867E-07
 16 82 7.233774E-07 0 7.233774E-07
 16 83 -1.407688E-06 0 -1.407688E-06
 16 84 8.83939E-07 0 8.83939E-07
 16 85 -2.976631E-06 0 -2.976631E-06
 16 86 1.384327E-06 0 1.384327E-06
 16 87 2.333513E-06 0 2.333513E-06
 16 88 1.689373E-06 0 1.689373E-06
 16 89 1.292081E-06 0 1.292081E-06
 16 90 1.525896E-06 0 1.525896E-06
 16 91 -1.694063E-05 0 -1.694063E-05
 16 92 3.185644E-06 0 3.185644E-06
 16 93 -5.52405E-05 0 -5.52405E-05
 16 94 -4.406472E-05 0 -4.406472E-05
 16 95 -1.714611E-04 0 -1.714611E-04
 16 96 1.049726E-04 0 1.049726E-04
 16 97 -6.487533E-04 0 -6.487533E-04
 16 98 3.249042E-04 0 3.249042E-04
 16 99 6.036011E-05 0 6.036011E-05
 16 100 1.384016E-04 0 1.384016E-04
 17 25 -7.411138E-06 0 -7.411138E-06
 17 26 -4.326565E-06 0 -4.326565E-06
 17 27 -2.111279E-05 0 -2.111279E-05
 17 28 -3.929556E-05 0 -3.929556E-05
 17 29 -4.433361E-05 0 -4.433361E-05
 17 30 -2.562367E-05 0 -2.562367E-05
 17 31 -6.295396E-05 0 -6.295396E-05
 17 32 -4.233541E-04 0 -4.233541E-04
 17 33 -1.667303E-04 0 -1.667303E-04
 17 34 -3.972698E-05 0 -3.972698E-05
 17 35 -3.249373E-05 0 -3.249373E-05
 17 36 -2.200317E-05 0 -2.200317E-05
 17 37 -4.426362E-05 0 -4.426362E-05
 17 38 -8.069035E-06 0 -8.069035E-06
 17 39 -2.359057E-05 0 -2.359057E-05
 17 40 -3.194353E-06 0 -3.194353E-06
 17 41 -9.458323E-06 0 -9.458323E-06
 17 42 -1.979878E-06 0 -1.979878E-06
 17 43 -1.741907E-06 0 -1.741907E-06
 17 44 -1.42367E-06 0 -1.42367E-06
 17 45 -1.654853E-06 0 -1.654853E-06
 17 46 -4.364239E-06 0 -4.364239E-06
 17 47 -2.299465E-05 0 -2.299465E-05
 17 48 -4.095121E-06 0 -4.095121E-06
 17 49 -4.141617E-06 0 -4.141617E-06
 17 50 -1.838753E-05 0 -1.838753E-05
 17 51 -9.751101E-06 0 -9.751101E-06
 17 52 -5.696041E-06 0 -5.696041E-06
 17 53 -6.226045E-06 0 -6.226045E-06
 17 54 -4.338419E-05 0 -4.338419E-05
 17 55 -1.667447E-05 0 -1.667447E-05
 17 56 -5.575161E-06 0 -5.575161E-06
 17 57 -9.32188E-06 0 -9.32188E-06
 17 58 -1.665732E-05 0 -1.665732E-05
 17 59 -1.250697E-05 0 -1.250697E-05
 17 60 -1.120343E-04 0 -1.120343E-04
 17 61 -2.808471E-05 0 -2.808471E-05
 17 62 -2.089434E-05 0 -2.089434E-05
 17 63 -1.709587E-05 0 -1.709587E-05
 17 64 -6.451789E-05 0 -6.451789E-05
 17 65 -5.433156E-05 0 -5.433156E-05
 17 66 -6.024227E-05 0 -6.024227E-05
 17 67 -9.672699E-05 0 -9.672699E-05
 17 68 -8.910671E-05 0 -8.910671E-05
 17 69 -6.197431E-05 0 -6.197431E-05
 17 70 -1.197904E-05 0 -1.197904E-05
 17 71 -1.043782E-05 0 -1.043782E-05
 17 72 -1.42806E-05 0 -1.42806E-05
 17 73 -2.419968E-05 0 -2.419968E-05
 17 74 -4.781125E-05 0 -4.781125E-05
 17 75 -8.796702E-06 0 -8.796702E-06
 17 76 -5.594846E-06 0 -5.594846E-06
 17 77 -3.066606E-06 0 -3.066606E-06
 17 78 -6.780736E-06 0 -6.780736E-06
 17 79 -3.587462E-06 0 -3.587462E-06
 17 80 -1.36851E-05 0 -1.36851E-05
 17 81 -1.743559E-06 0 -1.743559E-06
 17 82 -1.680454E-06 0 -1.680454E-06
 17 83 -1.188813E-05 0 -1.188813E-05
 17 84 -2.551957E-06 0 -2.551957E-06
 17 85 -1.494293E-05 0 -1.494293E-05
 17 86 -4.318819E-06 0 -4.318819E-06
 17 87 -2.828313E-06 0 -2.828313E-06
 17 88 -3.838885E-06 0 -3.838885E-06
 17 89 -4.965124E-06 0 -4.965124E-06
 17 90 -1.367744E-05 0 -1.367744E-05
 17 91 -6.44105E-05 0 -6.44105E-05
 17 92 -5.435618E-05 0 -5.435618E-05
 17 93 -1.853184E-04 0 -1.853184E-04
 17 94 -2.398416E-04 0 -2.398416E-04
 17 95 -4.586126E-04 0 -4.586126E-04
 17 96 -2.244889E-04 0 -2.244889E-04
 17 97 -1.346989E-03 0 -1.346989E-03
 17 98 -5.130726E-04 0 -5.130726E-04
 17 99 -1.65649E-04 0 -1.65649E-04
 17 100 -3.083571E-04 0 -3.083571E-04
 18 25 -5.253472E-07 0 -5.253472E-07
 18 26 3.358038E-06 0 3.358038E-06
 18 27 -4.748583E-06 0 -4.748583E-06
 18 28 -1.240406E-05 0 -1.240406E-05
 18 29 -3.443768E-06 0 -3.443768E-06
 18 30 6.940593E-03 6.863682E-03 7.691116E-05
 18 31 4.503799E-05 0 4.503799E-05
 18 32 -1.552866E-04 0 -1.552866E-04
 18 33 1.191013E-04 0 1.191013E-04
 18 34 3.566125E-05 0 3.566125E-05
 18 35 7.632132E-03 7.543415E-03 8.8717E-05
 18 36 1.454615E-05 0 1.454615E-05
 18 37 -9.332964E-06 0 -9.332964E-06
 18 38 5.088562E-06 0 5.088562E-06
 18 39 -6.955631E-06 0 -6.955631E-06
 18 40 -1.318973E-03 -1.320522E-03 1.549355E-06
 18 41 -6.885474E-07 0 -6.885474E-07
 18 42 -8.733732E-04 -8.74358E-04 9.848607E-07
 18 43 1.873302E-06 0 1.873302E-06
 18 44 1.515161E-06 0 1.515161E-06
 18 45 -9.966938E-04 -9.979228E-04 1.229028E-06
 18 46 2.971976E-06 0 2.971976E-06
 18 47 -5.327291E-06 0 -5.327291E-06
 18 48 -2.214496E-03 -2.217589E-03 3.093005E-06
 18 49 4.162464E-06 0 4.162464E-06
 18 50 -1.363718E-06 0 -1.363718E-06
 18 51 3.274201E-03 3.247256E-03 2.694496E-05
 18 52 5.681759E-06 0 5.681759E-06
 18 53 2.168746E-03 2.152739E-03 1.600728E-05
 18 54 -9.039737E-06 0 -9.039737E-06
 18 55 1.194443E-05 0 1.194443E-05
 18 56 -2.50501E-03 -2.508615E-03 3.605237E-06
 18 57 2.842429E-03 2.819985E-03 2.24442E-05
 18 58 -4.589904E-03 -4.597323E-03 7.419024E-06
 18 59 9.157649E-06 0 9.157649E-06
 18 60 -2.256938E-05 0 -2.256938E-05
 18 61 2.547554E-05 0 2.547554E-05
 18 62 2.019926E-05 0 2.019926E-05
 18 63 -6.545995E-03 -6.559388E-03 1.339213E-05
 18 64 5.381285E-05 0 5.381285E-05
 18 65 4.670368E-05 0 4.670368E-05
 18 66 8.880549E-03 8.784242E-03 9.630703E-05
 18 67 -3.504397E-05 0 -3.504397E-05
 18 68 -2.478426E-05 0 -2.478426E-05
 18 69 -2.37E-05 0 -2.37E-05
 18 70 7.896427E-06 0 7.896427E-06
 18 71 1.207866E-05 0 1.207866E-05
 18 72 5.285183E-03 5.233442E-03 5.174055E-05
 18 73 2.429234E-05 0 2.429234E-05
 18 74 -1.729578E-05 0 -1.729578E-05
 18 75 -3.499658E-03 -3.504787E-03 5.129216E-06
 18 76 -2.990217E-03 -2.994735E-03 4.517985E-06
 18 77 2.800182E-06 0 2.800182E-06
 18 78 1.653169E-03 1.643236E-03 9.932479E-06
 18 79 2.512021E-06 0 2.512021E-06
 18 80 -4.485098E-06 0 -4.485098E-06
 18 81 1.962652E-06 0 1.962652E-06
 18 82 -1.104951E-03 -1.106327E-03 1.375952E-06
 18 83 -1.846025E-06 0 -1.846025E-06
 18 84 2.891018E-06 0 2.891018E-06
 18 85 -3.628965E-06 0 -3.628965E-06
 18 86 3.68193E-06 0 3.68193E-06
 18 87 1.215585E-03 1.207446E-03 8.138651E-06
 18 88 -1.647816E-03 -1.649819E-03 2.002881E-06
 18 89 5.692455E-06 0 5.692455E-06
 18 90 1.001526E-05 0 1.001526E-05
 18 91 -2.253075E-05 0 -2.253075E-05
 18 92 4.172665E-03 4.134735E-03 3.793067E-05
 18 93 -6.65659E-05 0 -6.65659E-05
 18 94 -2.249531E-05 0 -2.249531E-05
 18 95 -1.660395E-04 0 -1.660395E-04
 18 96 1.999854E-02 1.961987E-02 3.786623E-04
 18 97 -5.323446E-04 0 -5.323446E-04
 18 98 2.901308E-02 2.824979E-02 7.632872E-04
 18 99 1.612602E-04 0 1.612602E-04
 18 100 2.605835E-04 0 2.605835E-04
 19 25 -1.052524E-06 0 -1.052524E-06
 19 26 1.907375E-06 0 1.907375E-06
 19 27 -4.132215E-06 0 -4.132215E-06
 19 28 -9.056158E-06 0 -9.056158E-06
 19 29 -3.843542E-06 0 -3.843542E-06
 19 30 -5.546368E-03 -5.556071E-03 9.703153E-06
 19 31 1.386664E-05 0 1.386664E-05
 19 32 -9.838754E-05 0 -9.838754E-05
 19 33 3.121507E-05 0 3.121507E-05
 19 34 1.568961E-05 0 1.568961E-05
 19 35 -5.795533E-03 -5.805874E-03 1.034082E-05
 19 36 4.466717E-06 0 4.466717E-06
 19 37 -7.545745E-06 0 -7.545745E-06
 19 38 1.726525E-06 0 1.726525E-06
 19 39 -5.477183E-06 0 -5.477183E-06
 19 40 1.15976E-03 1.156747E-03 3.012481E-06
 19 41 -8.744241E-07 0 -8.744241E-07
 19 42 8.075372E-04 8.055004E-04 2.036762E-06
 19 43 8.577974E-07 0 8.577974E-07
 19 44 7.202728E-07 0 7.202728E-07
 19 45 9.674623E-04 9.655161E-04 1.946161E-06
 19 46 1.252868E-06 0 1.252868E-06
 19 47 -5.500019E-06 0 -5.500019E-06
 19 48 2.242754E-03 2.237621E-03 5.132724E-06
 19 49 2.263536E-06 0 2.263536E-06
 19 50 -1.80394E-06 0 -1.80394E-06
 19 51 -3.13303E-03 -3.137464E-03 4.433878E-06
 19 52 2.748611E-06 0 2.748611E-06
 19 53 -2.012275E-03 -2.014817E-03 2.541742E-06
 19 54 -8.58527E-06 0 -8.58527E-06
 19 55 7.597788E-06 0 7.597788E-06
 19 56 2.366544E-03 2.361059E-03 5.485373E-06
 19 57 -2.527765E-03 -2.531133E-03 3.368198E-06
 19 58 4.10622E-03 4.091967E-03 1.425363E-05
 19 59 5.905003E-06 0 5.905003E-06
 19 60 -2.254763E-05 0 -2.254763E-05
 19 61 1.571636E-05 0 1.571636E-05
 19 62 1.241865E-05 0 1.241865E-05
 19 63 6.999389E-03 6.975294E-03 2.409482E-05
 19 64 3.859272E-05 0 3.859272E-05
 19 65 3.022089E-05 0 3.022089E-05
 19 66 -8.49168E-03 -8.491725E-03 4.503856E-08
 19 67 -2.931538E-05 0 -2.931538E-05
 19 68 -2.268877E-05 0 -2.268877E-05
 19 69 -1.865225E-05 0 -1.865225E-05
 19 70 4.05235E-06 0 4.05235E-06
 19 71 7.383966E-06 0 7.383966E-06
 19 72 -4.949312E-03 -4.957559E-03 8.246992E-06
 19 73 1.570376E-05 0 1.570376E-05
 19 74 -1.565935E-05 0 -1.565935E-05
 19 75 3.594978E-03 3.583062E-03 1.191579E-05
 19 76 3.101387E-03 3.093653E-03 7.73402E-06
 19 77 2.087443E-06 0 2.087443E-06
 19 78 -1.663848E-03 -1.663853E-03 4.970011E-09
 19 79 1.051964E-06 0 1.051964E-06
 19 80 -3.949293E-06 0 -3.949293E-06
 19 81 9.142976E-07 0 9.142976E-07
 19 82 1.065238E-03 1.063077E-03 2.161264E-06
 19 83 -2.127222E-06 0 -2.127222E-06
 19 84 1.447332E-06 0 1.447332E-06
 19 85 -3.340601E-06 0 -3.340601E-06
 19 86 2.085413E-06 0 2.085413E-06
 19 87 -1.016314E-03 -1.017473E-03 1.15963E-06
 19 88 1.366303E-03 1.362681E-03 3.622111E-06
 19 89 2.257423E-06 0 2.257423E-06
 19 90 3.303618E-06 0 3.303618E-06
 19 91 -1.701028E-05 0 -1.701028E-05
 19 92 -3.503113E-03 -3.506122E-03 3.009819E-06
 19 93 -5.029545E-05 0 -5.029545E-05
 19 94 -2.697487E-05 0 -2.697487E-05
 19 95 -1.436449E-04 0 -1.436449E-04
 19 96 -2.034153E-02 -2.034173E-02 1.996968E-07
 19 97 -5.810374E-04 0 -5.810374E-04
 19 98 -3.281407E-02 -3.281458E-02 5.105852E-07
 19 99 1.898032E-04 0 1.898032E-04
 19 100 3.474365E-04 0 3.474365E-04
 20 25 -5.856143E-07 0 -5.856143E-07
 20 26 7.75583E-07 0 7.75583E-07
 20 27 -2.210662E-06 0 -2.210662E-06
 20 28 -5.18E-06 0 -5.18E-06
 20 29 -2.95703E-06 0 -2.95703E-06
 20 30 9.71748E-06 0 9.71748E-06
 20 31 2.89545E-06 0 2.89545E-06
 20 32 -4.086059E-05 0 -4.086059E-05
 20 33 6.292355E-06 0 6.292355E-06
 20 34 2.421648E-06 0 2.421648E-06
 20 35 1.091112E-05 0 1.091112E-05
 20 36 1.060238E-06 0 1.060238E-06
 20 37 -4.030098E-06 0 -4.030098E-06
 20 38 4.360062E-07 0 4.360062E-07
 20 39 -2.980776E-06 0 -2.980776E-06
 20 40 7.7556E-07 0 7.7556E-07
 20 41 -7.459758E-07 0 -7.459758E-07
 20 42 5.275361E-07 0 5.275361E-07
 20 43 2.7979E-07 0 2.7979E-07
 20 44 2.375014E-07 0 2.375014E-07
 20 45 4.31389E-07 0 4.31389E-07
 20 46 3.059243E-07 0 3.059243E-07
 20 47 -2.803148E-06 0 -2.803148E-06
 20 48 1.063673E-06 0 1.063673E-06
 20 49 8.66916E-07 0 8.66916E-07
 20 50 -1.454981E-06 0 -1.454981E-06
 20 51 4.672185E-06 0 4.672185E-06
 20 52 8.567081E-07 0 8.567081E-07
 20 53 2.873239E-06 0 2.873239E-06
 20 54 -4.448589E-06 0 -4.448589E-06
 20 55 2.892122E-06 0 2.892122E-06
 20 56 1.218853E-06 0 1.218853E-06
 20 57 3.884985E-06 0 3.884985E-06
 20 58 3.460785E-06 0 3.460785E-06
 20 59 1.003977E-06 0 1.003977E-06
 20 60 -1.105793E-05 0 -1.105793E-05
 20 61 4.144264E-06 0 4.144264E-06
 20 62 3.232934E-06 0 3.232934E-06
 20 63 4.400349E-06 0 4.400349E-06
 20 64 1.204055E-05 0 1.204055E-05
 20 65 9.518422E-06 0 9.518422E-06
 20 66 9.578728E-06 0 9.578728E-06
 20 67 -1.301869E-05 0 -1.301869E-05
 20 68 -9.956687E-06 0 -9.956687E-06
 20 69 -9.481694E-06 0 -9.481694E-06
 20 70 5.090184E-07 0 5.090184E-07
 20 71 1.073729E-06 0 1.073729E-06
 20 72 7.764691E-06 0 7.764691E-06
 20 73 5.029193E-06 0 5.029193E-06
 20 74 -7.306853E-06 0 -7.306853E-06
 20 75 2.606512E-06 0 2.606512E-06
 20 76 1.523391E-06 0 1.523391E-06
 20 77 3.450871E-07 0 3.450871E-07
 20 78 1.292431E-06 0 1.292431E-06
 20 79 2.579056E-07 0 2.579056E-07
 20 80 -2.09311E-06 0 -2.09311E-06
 20 81 2.935947E-07 0 2.935947E-07
 20 82 4.656384E-07 0 4.656384E-07
 20 83 -8.751713E-07 0 -8.751713E-07
 20 84 5.559161E-07 0 5.559161E-07
 20 85 -1.763213E-06 0 -1.763213E-06
 20 86 8.243013E-07 0 8.243013E-07
 20 87 1.343792E-06 0 1.343792E-06
 20 88 9.134993E-07 0 9.134993E-07
 20 89 6.961147E-07 0 6.961147E-07
 20 90 7.630226E-07 0 7.630226E-07
 20 91 -8.120013E-06 0 -8.120013E-06
 20 92 1.421295E-06 0 1.421295E-06
 20 93 -2.162143E-05 0 -2.162143E-05
 20 94 -1.620688E-05 0 -1.620688E-05
 20 95 -5.476028E-05 0 -5.476028E-05
 20 96 3.584573E-05 0 3.584573E-05
 20 97 -1.820406E-04 0 -1.820406E-04
 20 98 8.828153E-05 0 8.828153E-05
 20 99 2.118327E-05 0 2.118327E-05
 20 100 3.996711E-05 0 3.996711E-05
 21 25 -1.250878E-06 0 -1.250878E-06
 21 26 9.02678E-07 0 9.02678E-07
 21 27 -4.626115E-06 0 -4.626115E-06
 21 28 -9.650435E-06 0 -9.650435E-06
 21 29 -5.777294E-06 0 -5.777294E-06
 21 30 3.522289E-03 3.496811E-03 2.547844E-05
 21 31 6.594465E-06 0 6.594465E-06
 21 32 -8.288719E-05 0 -8.288719E-05
 21 33 1.462874E-05 0 1.462874E-05
 21 34 6.574345E-06 0 6.574345E-06
 21 35 3.809219E-03 3.780935E-03 2.828308E-05
 21 36 2.530043E-06 0 2.530043E-06
 21 37 -8.142179E-06 0 -8.142179E-06
 21 38 1.008082E-06 0 1.008082E-06
 21 39 -5.798586E-06 0 -5.798586E-06
 21 40 -7.013441E-04 -7.013461E-04 1.920099E-09
 21 41 -1.418125E-06 0 -1.418125E-06
 21 42 -4.79368E-04 -4.793693E-04 1.309781E-09
 21 43 6.065433E-07 0 6.065433E-07
 21 44 5.051317E-07 0 5.051317E-07
 21 45 -5.568363E-04 -5.568113E-04 -2.504986E-08
 21 46 6.726861E-07 0 6.726861E-07
 21 47 -5.365216E-06 0 -5.365216E-06
 21 48 -1.230083E-03 -1.230025E-03 -5.795E-08
 21 49 1.386416E-06 0 1.386416E-06
 21 50 -2.630908E-06 0 -2.630908E-06
 21 51 1.743703E-03 1.733128E-03 1.057535E-05
 21 52 1.605229E-06 0 1.605229E-06
 21 53 1.143756E-03 1.137227E-03 6.529205E-06
 21 54 -8.040291E-06 0 -8.040291E-06
 21 55 2.772861E-06 0 2.772861E-06
 21 56 -1.318184E-03 -1.318122E-03 -6.264928E-08
 21 57 1.466467E-03 1.457824E-03 8.642834E-06
 21 58 -2.341243E-03 -2.34125E-03 7.507113E-09
 21 59 2.085318E-06 0 2.085318E-06
 21 60 -1.802273E-05 0 -1.802273E-05
 21 61 5.155348E-06 0 5.155348E-06
 21 62 4.249726E-06 0 4.249726E-06
 21 63 -3.604381E-03 -3.604165E-03 -2.157154E-07
 21 64 1.079556E-05 0 1.079556E-05
 21 65 9.239129E-06 0 9.239129E-06
 21 66 4.674513E-03 4.656837E-03 1.767564E-05
 21 67 -2.529789E-05 0 -2.529789E-05
 21 68 -2.111095E-05 0 -2.111095E-05
 21 69 -1.870135E-05 0 -1.870135E-05
 21 70 1.98719E-06 0 1.98719E-06
 21 71 3.175007E-06 0 3.175007E-06
 21 72 3.085511E-03 3.064089E-03 2.14216E-05
 21 73 5.827717E-06 0 5.827717E-06
 21 74 -1.440068E-05 0 -1.440068E-05
 21 75 -2.016668E-03 -2.016674E-03 6.251709E-09
 21 76 -1.700044E-03 -1.69996E-03 -8.406367E-08
 21 77 8.202806E-07 0 8.202806E-07
 21 78 9.58258E-04 9.557224E-04 2.535545E-06
 21 79 5.884638E-07 0 5.884638E-07
 21 80 -4.22312E-06 0 -4.22312E-06
 21 81 6.5402E-07 0 6.5402E-07
 21 82 -6.527927E-04 -6.527633E-04 -2.941579E-08
 21 83 -2.96969E-06 0 -2.96969E-06
 21 84 1.053307E-06 0 1.053307E-06
 21 85 -3.857077E-06 0 -3.857077E-06
 21 86 1.033218E-06 0 1.033218E-06
 21 87 6.702987E-04 6.666031E-04 3.695598E-06
 21 88 -8.929189E-04 -8.929214E-04 2.474548E-09
 21 89 1.632352E-06 0 1.632352E-06
 21 90 1.910693E-06 0 1.910693E-06
 21 91 -1.693903E-05 0 -1.693903E-05
 21 92 2.158301E-03 2.156375E-03 1.92571E-06
 21 93 -4.19079E-05 0 -4.19079E-05
 21 94 -2.955723E-05 0 -2.955723E-05
 21 95 -9.153886E-05 0 -9.153886E-05
 21 96 1.029589E-02 1.023815E-02 5.774474E-05
 21 97 -2.606874E-04 0 -2.606874E-04
 21 98 1.528379E-02 1.517182E-02 1.11972E-04
 21 99 3.252779E-05 0 3.252779E-05
 21 100 5.13621E-05 0 5.13621E-05
 22 25 -4.453017E-07 0 -4.453017E-07
 22 26 4.599062E-07 0 4.599062E-07
 22 27 -1.377546E-06 0 -1.377546E-06
 22 28 -3.365198E-06 0 -3.365198E-06
 22 29 -1.548158E-06 0 -1.548158E-06
 22 30 5.937567E-06 0 5.937567E-06
 22 31 2.361749E-06 0 2.361749E-06
 22 32 -2.247818E-05 0 -2.247818E-05
 22 33 4.692187E-06 0 4.692187E-06
 22 34 1.959628E-06 0 1.959628E-06
 22 35 6.34589E-06 0 6.34589E-06
 22 36 9.744031E-07 0 9.744031E-07
 22 37 -2.258216E-06 0 -2.258216E-06
 22 38 4.224838E-07 0 4.224838E-07
 22 39 -2.014137E-06 0 -2.014137E-06
 22 40 5.944845E-07 0 5.944845E-07
 22 41 -4.322273E-07 0 -4.322273E-07
 22 42 4.26702E-07 0 4.26702E-07
 22 43 2.836589E-07 0 2.836589E-07
 22 44 2.420178E-07 0 2.420178E-07
 22 45 3.333786E-07 0 3.333786E-07
 22 46 3.175926E-07 0 3.175926E-07
 22 47 -1.691416E-06 0 -1.691416E-06
 22 48 7.461085E-07 0 7.461085E-07
 22 49 5.688776E-07 0 5.688776E-07
 22 50 -7.837926E-07 0 -7.837926E-07
 22 51 2.832693E-06 0 2.832693E-06
 22 52 7.086847E-07 0 7.086847E-07
 22 53 1.766764E-06 0 1.766764E-06
 22 54 -2.337585E-06 0 -2.337585E-06
 22 55 1.34737E-06 0 1.34737E-06
 22 56 7.593159E-07 0 7.593159E-07
 22 57 2.239552E-06 0 2.239552E-06
 22 58 2.09653E-06 0 2.09653E-06
 22 59 7.424164E-07 0 7.424164E-07
 22 60 -5.013986E-06 0 -5.013986E-06
 22 61 2.665785E-06 0 2.665785E-06
 22 62 2.243707E-06 0 2.243707E-06
 22 63 2.606012E-06 0 2.606012E-06
 22 64 4.994512E-06 0 4.994512E-06
 22 65 4.179011E-06 0 4.179011E-06
 22 66 6.106574E-06 0 6.106574E-06
 22 67 -8.318468E-06 0 -8.318468E-06
 22 68 -5.952912E-06 0 -5.952912E-06
 22 69 -6.666244E-06 0 -6.666244E-06
 22 70 7.850627E-07 0 7.850627E-07
 22 71 1.192472E-06 0 1.192472E-06
 22 72 5.8133E-06 0 5.8133E-06
 22 73 2.882797E-06 0 2.882797E-06
 22 74 -5.156327E-06 0 -5.156327E-06
 22 75 1.996763E-06 0 1.996763E-06
 22 76 1.084956E-06 0 1.084956E-06
 22 77 3.433914E-07 0 3.433914E-07
 22 78 1.048121E-06 0 1.048121E-06
 22 79 2.823156E-07 0 2.823156E-07
 22 80 -1.601171E-06 0 -1.601171E-06
 22 81 3.115777E-07 0 3.115777E-07
 22 82 4.00014E-07 0 4.00014E-07
 22 83 -7.532358E-07 0 -7.532358E-07
 22 84 4.430455E-07 0 4.430455E-07
 22 85 -1.214299E-06 0 -1.214299E-06
 22 86 5.366987E-07 0 5.366987E-07
 22 87 1.026885E-06 0 1.026885E-06
 22 88 7.506857E-07 0 7.506857E-07
 22 89 6.927597E-07 0 6.927597E-07
 22 90 7.815289E-07 0 7.815289E-07
 22 91 -5.548786E-06 0 -5.548786E-06
 22 92 1.230995E-06 0 1.230995E-06
 22 93 -1.26746E-05 0 -1.26746E-05
 22 94 -7.192158E-06 0 -7.192158E-06
 22 95 -2.671153E-05 0 -2.671153E-05
 22 96 1.856158E-05 0 1.856158E-05
 22 97 -7.384094E-05 0 -7.384094E-05
 22 98 3.603047E-05 0 3.603047E-05
 22 99 1.169007E-05 0 1.169007E-05
 22 100 1.817581E-05 0 1.817581E-05
 23 25 -3.276093E-07 0 -3.276093E-07
 23 26 4.214838E-07 0 4.214838E-07
 23 27 -1.150352E-06 0 -1.150352E-06
 23 28 -2.60412E-06 0 -2.60412E-06
 23 29 -1.386766E-06 0 -1.386766E-06
 23 30 4.378848E-06 0 4.378848E-06
 23 31 1.196395E-06 0 1.196395E-06
 23 32 -1.555526E-05 0 -1.555526E-05
 23 33 2.420068E-06 0 2.420068E-06
 23 34 1.050187E-06 0 1.050187E-06
 23 35 4.988668E-06 0 4.988668E-06
 23 36 5.108121E-07 0 5.108121E-07
 23 37 -1.99236E-06 0 -1.99236E-06
 23 38 2.260381E-07 0 2.260381E-07
 23 39 -1.529366E-06 0 -1.529366E-06
 23 40 4.146663E-07 0 4.146663E-07
 23 41 -3.965876E-07 0 -3.965876E-07
 23 42 2.900399E-07 0 2.900399E-07
 23 43 1.542174E-07 0 1.542174E-07
 23 44 1.321312E-07 0 1.321312E-07
 23 45 2.317387E-07 0 2.317387E-07
 23 46 1.582749E-07 0 1.582749E-07
 23 47 -1.374108E-06 0 -1.374108E-06
 23 48 5.163604E-07 0 5.163604E-07
 23 49 4.365943E-07 0 4.365943E-07
 23 50 -7.135892E-07 0 -7.135892E-07
 23 51 2.164675E-06 0 2.164675E-06
 23 52 4.12236E-07 0 4.12236E-07
 23 53 1.416397E-06 0 1.416397E-06
 23 54 -2.073343E-06 0 -2.073343E-06
 23 55 1.319916E-06 0 1.319916E-06
 23 56 5.908764E-07 0 5.908764E-07
 23 57 1.885627E-06 0 1.885627E-06
 23 58 1.570966E-06 0 1.570966E-06
 23 59 4.446444E-07 0 4.446444E-07
 23 60 -4.57685E-06 0 -4.57685E-06
 23 61 1.717907E-06 0 1.717907E-06
 23 62 1.380625E-06 0 1.380625E-06
 23 63 1.78338E-06 0 1.78338E-06
 23 64 4.467853E-06 0 4.467853E-06
 23 65 3.676952E-06 0 3.676952E-06
 23 66 3.80671E-06 0 3.80671E-06
 23 67 -5.562799E-06 0 -5.562799E-06
 23 68 -4.356582E-06 0 -4.356582E-06
 23 69 -4.495907E-06 0 -4.495907E-06
 23 70 2.548107E-07 0 2.548107E-07
 23 71 5.116871E-07 0 5.116871E-07
 23 72 3.63144E-06 0 3.63144E-06
 23 73 2.222233E-06 0 2.222233E-06
 23 74 -3.376366E-06 0 -3.376366E-06
 23 75 1.215736E-06 0 1.215736E-06
 23 76 7.149558E-07 0 7.149558E-07
 23 77 1.720237E-07 0 1.720237E-07
 23 78 6.643696E-07 0 6.643696E-07
 23 79 1.371736E-07 0 1.371736E-07
 23 80 -1.109403E-06 0 -1.109403E-06
 23 81 1.629265E-07 0 1.629265E-07
 23 82 2.563522E-07 0 2.563522E-07
 23 83 -4.665538E-07 0 -4.665538E-07
 23 84 3.078221E-07 0 3.078221E-07
 23 85 -9.479301E-07 0 -9.479301E-07
 23 86 4.566594E-07 0 4.566594E-07
 23 87 7.520014E-07 0 7.520014E-07
 23 88 4.971875E-07 0 4.971875E-07
 23 89 3.651795E-07 0 3.651795E-07
 23 90 3.785948E-07 0 3.785948E-07
 23 91 -3.786545E-06 0 -3.786545E-06
 23 92 6.13082E-07 0 6.13082E-07
 23 93 -8.690847E-06 0 -8.690847E-06
 23 94 -5.869881E-06 0 -5.869881E-06
 23 95 -1.847683E-05 0 -1.847683E-05
 23 96 1.143593E-05 0 1.143593E-05
 23 97 -4.902086E-05 0 -4.902086E-05
 23 98 2.397518E-05 0 2.397518E-05
 23 99 5.816413E-06 0 5.816413E-06
 23 100 9.902597E-06 0 9.902597E-06
 24 25 -7.211773E-07 0 -7.211773E-07
 24 26 2.039903E-07 0 2.039903E-07
 24 27 -2.117529E-06 0 -2.117529E-06
 24 28 -3.728795E-06 0 -3.728795E-06
 24 29 -3.176784E-06 0 -3.176784E-06
 24 30 3.4091E-06 0 3.4091E-06
 24 31 -1.944114E-07 0 -1.944114E-07
 24 32 -2.497183E-05 0 -2.497183E-05
 24 33 -3.758219E-07 0 -3.758219E-07
 24 34 -8.521732E-08 0 -8.521732E-08
 24 35 3.75263E-06 0 3.75263E-06
 24 36 -7.865099E-08 0 -7.865099E-08
 24 37 -3.630328E-06 0 -3.630328E-06
 24 38 -3.582843E-08 0 -3.582843E-08
 24 39 -2.498161E-06 0 -2.498161E-06
 24 40 4.06656E-07 0 4.06656E-07
 24 41 -9.367371E-07 0 -9.367371E-07
 24 42 2.903621E-07 0 2.903621E-07
 24 43 6.874159E-08 0 6.874159E-08
 24 44 6.009315E-08 0 6.009315E-08
 24 45 2.219689E-07 0 2.219689E-07
 24 46 -2.802541E-08 0 -2.802541E-08
 24 47 -2.829702E-06 0 -2.829702E-06
 24 48 5.253855E-07 0 5.253855E-07
 24 49 3.031129E-07 0 3.031129E-07
 24 50 -1.772392E-06 0 -1.772392E-06
 24 51 1.9371E-06 0 1.9371E-06
 24 52 2.018717E-07 0 2.018717E-07
 24 53 1.229151E-06 0 1.229151E-06
 24 54 -4.221724E-06 0 -4.221724E-06
 24 55 7.349339E-07 0 7.349339E-07
 24 56 5.864585E-07 0 5.864585E-07
 24 57 1.608093E-06 0 1.608093E-06
 24 58 1.645669E-06 0 1.645669E-06
 24 59 -4.448448E-08 0 -4.448448E-08
 24 60 -1.001404E-05 0 -1.001404E-05
 24 61 7.218688E-07 0 7.218688E-07
 24 62 5.681174E-07 0 5.681174E-07
 24 63 1.997024E-06 0 1.997024E-06
 24 64 2.764731E-06 0 2.764731E-06
 24 65 2.124981E-06 0 2.124981E-06
 24 66 2.99735E-06 0 2.99735E-06
 24 67 -9.741952E-06 0 -9.741952E-06
 24 68 -8.520728E-06 0 -8.520728E-06
 24 69 -6.65022E-06 0 -6.65022E-06
 24 70 -4.326685E-07 0 -4.326685E-07
 24 71 -4.508688E-08 0 -4.508688E-08
 24 72 3.035648E-06 0 3.035648E-06
 24 73 1.194173E-06 0 1.194173E-06
 24 74 -5.982194E-06 0 -5.982194E-06
 24 75 1.340913E-06 0 1.340913E-06
 24 76 7.397249E-07 0 7.397249E-07
 24 77 -1.732334E-08 0 -1.732334E-08
 24 78 5.030084E-07 0 5.030084E-07
 24 79 -2.382506E-08 0 -2.382506E-08
 24 80 -1.872327E-06 0 -1.872327E-06
 24 81 7.254298E-08 0 7.254298E-08
 24 82 2.376996E-07 0 2.376996E-07
 24 83 -1.036414E-06 0 -1.036414E-06
 24 84 1.924864E-07 0 1.924864E-07
 24 85 -1.753535E-06 0 -1.753535E-06
 24 86 2.15602E-07 0 2.15602E-07
 24 87 5.740588E-07 0 5.740588E-07
 24 88 4.596483E-07 0 4.596483E-07
 24 89 1.51711E-07 0 1.51711E-07
 24 90 -5.894249E-08 0 -5.894249E-08
 24 91 -6.127261E-06 0 -6.127261E-06
 24 92 -5.457691E-07 0 -5.457691E-07
 24 93 -1.484089E-05 0 -1.484089E-05
 24 94 -1.492008E-05 0 -1.492008E-05
 24 95 -3.559455E-05 0 -3.559455E-05
 24 96 1.009959E-05 0 1.009959E-05
 24 97 -1.096773E-04 0 -1.096773E-04
 24 98 2.503301E-05 0 2.503301E-05
 24 99 -8.552889E-07 0 -8.552889E-07
 24 100 -1.621242E-06 0 -1.621242E-06
