 1 25 -1.080629E-05 0 -1.080629E-05
 1 26 -3.608616E-06 0 -3.608616E-06
 1 27 -2.97063E-05 0 -2.97063E-05
 1 28 -5.235336E-05 0 -5.235336E-05
 1 29 -5.1707E-05 0 -5.1707E-05
 1 30 -1.463466E-05 0 -1.463466E-05
 1 31 -3.797791E-05 0 -3.797791E-05
 1 32 -5.216612E-04 0 -5.216612E-04
 1 33 -5.96257E-05 0 -5.96257E-05
 1 34 -1.673065E-05 0 -1.673065E-05
 1 35 -1.071185E-05 0 -1.071185E-05
 1 36 -1.105825E-05 0 -1.105825E-05
 1 37 -3.921751E-05 0 -3.921751E-05
 1 38 -4.583448E-06 0 -4.583448E-06
 1 39 -2.93766E-05 0 -2.93766E-05
 1 40 -2.52588E-06 0 -2.52588E-06
 1 41 -1.274687E-05 0 -1.274687E-05
 1 42 -2.040283E-06 0 -2.040283E-06
 1 43 -1.658951E-06 0 -1.658951E-06
 1 44 -1.430439E-06 0 -1.430439E-06
 1 45 -2.266741E-06 0 -2.266741E-06
 1 46 -5.886765E-06 0 -5.886765E-06
 1 47 -5.598179E-05 0 -5.598179E-05
 1 48 -6.464104E-06 0 -6.464104E-06
 1 49 -4.016319E-06 0 -4.016319E-06
 1 50 -2.854704E-05 0 -2.854704E-05
 1 51 -8.274235E-06 0 -8.274235E-06
 1 52 -4.245443E-06 0 -4.245443E-06
 1 53 -3.730449E-06 0 -3.730449E-06
 1 54 -5.283175E-05 0 -5.283175E-05
 1 55 -1.206554E-05 0 -1.206554E-05
 1 56 -3.7294E-06 0 -3.7294E-06
 1 57 -3.746423E-06 0 -3.746423E-06
 1 58 -8.370367E-06 0 -8.370367E-06
 1 59 -6.591278E-06 0 -6.591278E-06
 1 60 -1.207478E-04 0 -1.207478E-04
 1 61 -3.213657E-05 0 -3.213657E-05
 1 62 -3.239883E-05 0 -3.239883E-05
 1 63 -3.325651E-05 0 -3.325651E-05
 1 64 -9.632215E-05 0 -9.632215E-05
 1 65 -7.545333E-05 0 -7.545333E-05
 1 66 -1.558536E-04 0 -1.558536E-04
 1 67 -2.96014E-04 0 -2.96014E-04
 1 68 -3.191428E-04 0 -3.191428E-04
 1 69 -2.175926E-04 0 -2.175926E-04
 1 70 -2.941961E-05 0 -2.941961E-05
 1 71 -3.463998E-05 0 -3.463998E-05
 1 72 -3.784926E-05 0 -3.784926E-05
 1 73 -7.998066E-05 0 -7.998066E-05
 1 74 -1.963566E-04 0 -1.963566E-04
 1 75 -2.318011E-05 0 -2.318011E-05
 1 76 -1.272571E-05 0 -1.272571E-05
 1 77 -6.373661E-06 0 -6.373661E-06
 1 78 -1.73735E-05 0 -1.73735E-05
 1 79 -5.436041E-06 0 -5.436041E-06
 1 80 -3.567967E-05 0 -3.567967E-05
 1 81 -2.109456E-06 0 -2.109456E-06
 1 82 -3.462052E-06 0 -3.462052E-06
 1 83 -3.192243E-05 0 -3.192243E-05
 1 84 -3.437029E-06 0 -3.437029E-06
 1 85 -3.381172E-05 0 -3.381172E-05
 1 86 -5.201526E-06 0 -5.201526E-06
 1 87 -2.127196E-06 0 -2.127196E-06
 1 88 -3.357731E-06 0 -3.357731E-06
 1 89 -4.080879E-06 0 -4.080879E-06
 1 90 -1.249546E-05 0 -1.249546E-05
 1 91 -1.340189E-04 0 -1.340189E-04
 1 92 -1.019268E-04 0 -1.019268E-04
 1 93 -3.785145E-04 0 -3.785145E-04
 1 94 -5.72309E-04 0 -5.72309E-04
 1 95 -1.113843E-03 0 -1.113843E-03
 1 96 -7.351778E-04 0 -7.351778E-04
 1 97 -5.632738E-03 0 -5.632738E-03
 1 98 -1.126831E-03 0 -1.126831E-03
 1 99 -5.544031E-04 0 -5.544031E-04
 1 100 -4.680801E-04 0 -4.680801E-04
 2 25 -3.193256E-06 0 -3.193256E-06
 2 26 1.822219E-06 0 1.822219E-06
 2 27 -9.641985E-06 0 -9.641985E-06
 2 28 -1.983369E-05 0 -1.983369E-05
 2 29 -1.527151E-05 0 -1.527151E-05
 2 30 3.694054E-05 0 3.694054E-05
 2 31 1.249625E-05 0 1.249625E-05
 2 32 -1.87101E-04 0 -1.87101E-04
 2 33 1.878042E-05 0 1.878042E-05
 2 34 5.137541E-06 0 5.137541E-06
 2 35 2.75212E-05 0 2.75212E-05
 2 36 3.464171E-06 0 3.464171E-06
 2 37 -1.327665E-05 0 -1.327665E-05
 2 38 1.51333E-06 0 1.51333E-06
 2 39 -1.167998E-05 0 -1.167998E-05
 2 40 3.389378E-06 0 3.389378E-06
 2 41 -3.987398E-06 0 -3.987398E-06
 2 42 2.745659E-06 0 2.745659E-06
 2 43 1.484674E-06 0 1.484674E-06
 2 44 1.322323E-06 0 1.322323E-06
 2 45 3.110291E-06 0 3.110291E-06
 2 46 2.141525E-06 0 2.141525E-06
 2 47 -2.113569E-05 0 -2.113569E-05
 2 48 9.889905E-06 0 9.889905E-06
 2 49 4.719463E-06 0 4.719463E-06
 2 50 -9.657566E-06 0 -9.657566E-06
 2 51 2.685896E-05 0 2.685896E-05
 2 52 4.72198E-06 0 4.72198E-06
 2 53 1.184117E-05 0 1.184117E-05
 2 54 -2.11908E-05 0 -2.11908E-05
 2 55 8.026018E-06 0 8.026018E-06
 2 56 5.932983E-06 0 5.932983E-06
 2 57 1.198942E-05 0 1.198942E-05
 2 58 1.320187E-05 0 1.320187E-05
 2 59 2.961243E-06 0 2.961243E-06
 2 60 -5.611392E-05 0 -5.611392E-05
 2 61 1.75332E-05 0 1.75332E-05
 2 62 1.654552E-05 0 1.654552E-05
 2 63 6.284214E-05 0 6.284214E-05
 2 64 7.684161E-05 0 7.684161E-05
 2 65 5.118827E-05 0 5.118827E-05
 2 66 8.048982E-05 0 8.048982E-05
 2 67 -1.17385E-04 0 -1.17385E-04
 2 68 -9.796232E-05 0 -9.796232E-05
 2 69 -7.313057E-05 0 -7.313057E-05
 2 70 3.259504E-06 0 3.259504E-06
 2 71 8.735482E-06 0 8.735482E-06
 2 72 8.515319E-05 0 8.515319E-05
 2 73 3.952735E-05 0 3.952735E-05
 2 74 -7.690985E-05 0 -7.690985E-05
 2 75 3.345337E-05 0 3.345337E-05
 2 76 1.934586E-05 0 1.934586E-05
 2 77 2.516841E-06 0 2.516841E-06
 2 78 8.17373E-06 0 8.17373E-06
 2 79 1.862429E-06 0 1.862429E-06
 2 80 -1.355675E-05 0 -1.355675E-05
 2 81 1.807709E-06 0 1.807709E-06
 2 82 4.139077E-06 0 4.139077E-06
 2 83 -9.664829E-06 0 -9.664829E-06
 2 84 3.079951E-06 0 3.079951E-06
 2 85 -1.022791E-05 0 -1.022791E-05
 2 86 2.343761E-06 0 2.343761E-06
 2 87 5.129157E-06 0 5.129157E-06
 2 88 3.954727E-06 0 3.954727E-06
 2 89 3.210894E-06 0 3.210894E-06
 2 90 3.640982E-06 0 3.640982E-06
 2 91 -4.730734E-05 0 -4.730734E-05
 2 92 9.930639E-07 0 9.930639E-07
 2 93 -1.483694E-04 0 -1.483694E-04
 2 94 -1.865431E-04 0 -1.865431E-04
 2 95 -5.71038E-04 0 -5.71038E-04
 2 96 5.141492E-04 0 5.141492E-04
 2 97 -4.338676E-03 0 -4.338676E-03
 2 98 1.274567E-03 0 1.274567E-03
 2 99 6.730561E-04 0 6.730561E-04
 2 100 6.288007E-04 0 6.288007E-04
 3 25 -3.388563E-06 0 -3.388563E-06
 3 26 5.931393E-06 0 5.931393E-06
 3 27 -1.407791E-05 0 -1.407791E-05
 3 28 -2.845714E-05 0 -2.845714E-05
 3 29 -1.384834E-05 0 -1.384834E-05
 3 30 -1.199702E-02 -1.202919E-02 3.216944E-05
 3 31 4.555345E-05 0 4.555345E-05
 3 32 -3.47341E-04 0 -3.47341E-04
 3 33 6.354419E-05 0 6.354419E-05
 3 34 3.042595E-05 0 3.042595E-05
 3 35 -9.345944E-03 -9.367341E-03 2.139715E-05
 3 36 1.082589E-05 0 1.082589E-05
 3 37 -1.890298E-05 0 -1.890298E-05
 3 38 4.524707E-06 0 4.524707E-06
 3 39 -1.702377E-05 0 -1.702377E-05
 3 40 3.015862E-03 3.006399E-03 9.462827E-06
 3 41 -3.23048E-06 0 -3.23048E-06
 3 42 2.553485E-03 2.545831E-03 7.653585E-06
 3 43 3.567208E-06 0 3.567208E-06
 3 44 3.13179E-06 0 3.13179E-06
 3 45 3.451045E-03 3.442148E-03 8.896846E-06
 3 46 7.017717E-06 0 7.017717E-06
 3 47 -3.466703E-05 0 -3.466703E-05
 3 48 8.385418E-03 8.353671E-03 3.174656E-05
 3 49 1.091869E-05 0 1.091869E-05
 3 50 -8.578688E-06 0 -8.578688E-06
 3 51 -9.967433E-03 -9.991156E-03 2.372315E-05
 3 52 1.215957E-05 0 1.215957E-05
 3 53 -5.374323E-03 -5.383597E-03 9.273181E-06
 3 54 -3.259636E-05 0 -3.259636E-05
 3 55 2.854175E-05 0 2.854175E-05
 3 56 5.40086E-03 5.384382E-03 1.647766E-05
 3 57 -5.229136E-03 -5.238053E-03 8.916871E-06
 3 58 8.145546E-03 8.107065E-03 3.848019E-05
 3 59 1.716411E-05 0 1.716411E-05
 3 60 -9.028445E-05 0 -9.028445E-05
 3 61 8.609995E-05 0 8.609995E-05
 3 62 8.630899E-05 0 8.630899E-05
 3 63 2.731464E-02 2.70646E-02 2.50039E-04
 3 64 3.852156E-04 0 3.852156E-04
 3 65 2.526582E-04 0 2.526582E-04
 3 66 -3.245416E-02 -3.245466E-02 4.99084E-07
 3 67 -2.437907E-04 0 -2.437907E-04
 3 68 -2.012353E-04 0 -2.012353E-04
 3 69 -1.284541E-04 0 -1.284541E-04
 3 70 2.665074E-05 0 2.665074E-05
 3 71 6.583325E-05 0 6.583325E-05
 3 72 -2.149412E-02 -2.158497E-02 9.084807E-05
 3 73 2.015412E-04 0 2.015412E-04
 3 74 -1.511743E-04 0 -1.511743E-04
 3 75 1.680245E-02 1.667486E-02 1.275962E-04
 3 76 1.348323E-02 1.341452E-02 6.871155E-05
 3 77 1.648051E-05 0 1.648051E-05
 3 78 -7.272611E-03 -7.272646E-03 3.548852E-08
 3 79 6.030425E-06 0 6.030425E-06
 3 80 -2.095457E-05 0 -2.095457E-05
 3 81 4.422016E-06 0 4.422016E-06
 3 82 4.353204E-03 4.341031E-03 1.217289E-05
 3 83 -1.254429E-05 0 -1.254429E-05
 3 84 6.902326E-06 0 6.902326E-06
 3 85 -1.528816E-05 0 -1.528816E-05
 3 86 7.834551E-06 0 7.834551E-06
 3 87 -2.780973E-03 -2.784775E-03 3.801535E-06
 3 88 3.416252E-03 3.405115E-03 1.113662E-05
 3 89 8.105517E-06 0 8.105517E-06
 3 90 1.218957E-05 0 1.218957E-05
 3 91 -8.269034E-05 0 -8.269034E-05
 3 92 -9.791475E-03 -9.808205E-03 1.673045E-05
 3 93 -3.010828E-04 0 -3.010828E-04
 3 94 -2.562634E-04 0 -2.562634E-04
 3 95 -1.427003E-03 0 -1.427003E-03
 3 96 -8.324588E-02 -8.325024E-02 4.354906E-06
 3 97 -1.507193E-02 0 -1.507193E-02
 3 98 -0.106493 -0.106501 8.299564E-06
 3 99 6.369675E-03 0 6.369675E-03
 3 100 3.442383E-03 0 3.442383E-03
 4 25 -1.822797E-06 0 -1.822797E-06
 4 26 6.675908E-06 0 6.675908E-06
 4 27 -1.572982E-05 0 -1.572982E-05
 4 28 -3.632492E-05 0 -3.632492E-05
 4 29 -1.052135E-05 0 -1.052135E-05
 4 30 -1.729965E-02 -1.73655E-02 6.585077E-05
 4 31 7.503376E-05 0 7.503376E-05
 4 32 -6.596292E-04 0 -6.596292E-04
 4 33 1.289441E-04 0 1.289441E-04
 4 34 3.756465E-05 0 3.756465E-05
 4 35 -1.432595E-02 -1.437309E-02 4.714401E-05
 4 36 1.492246E-05 0 1.492246E-05
 4 37 -2.486692E-05 0 -2.486692E-05
 4 38 5.335695E-06 0 5.335695E-06
 4 39 -1.854717E-05 0 -1.854717E-05
 4 40 3.839668E-03 3.829409E-03 1.025933E-05
 4 41 -1.891327E-06 0 -1.891327E-06
 4 42 2.986703E-03 2.979338E-03 7.365641E-06
 4 43 2.895617E-06 0 2.895617E-06
 4 44 2.413313E-06 0 2.413313E-06
 4 45 3.828977E-03 3.821573E-03 7.403506E-06
 4 46 5.970379E-06 0 5.970379E-06
 4 47 -3.198717E-05 0 -3.198717E-05
 4 48 9.279222E-03 9.252249E-03 2.697327E-05
 4 49 8.866281E-06 0 8.866281E-06
 4 50 -5.113659E-06 0 -5.113659E-06
 4 51 -1.2082E-02 -1.211725E-02 3.525029E-05
 4 52 1.112678E-05 0 1.112678E-05
 4 53 -6.771289E-03 -6.785375E-03 1.408583E-05
 4 54 -3.871993E-05 0 -3.871993E-05
 4 55 3.541096E-05 0 3.541096E-05
 4 56 7.032337E-03 7.014752E-03 1.758446E-05
 4 57 -7.121943E-03 -7.137141E-03 1.519738E-05
 4 58 1.14673E-02 1.141492E-02 5.238323E-05
 4 59 1.558674E-05 0 1.558674E-05
 4 60 -1.195936E-04 0 -1.195936E-04
 4 61 1.027633E-04 0 1.027633E-04
 4 62 9.472694E-05 0 9.472694E-05
 4 63 3.08298E-02 3.059824E-02 2.315659E-04
 4 64 5.059371E-04 0 5.059371E-04
 4 65 3.582219E-04 0 3.582219E-04
 4 66 -4.023559E-02 -4.022263E-02 -1.295833E-05
 4 67 -2.757356E-04 0 -2.757356E-04
 4 68 -2.294993E-04 0 -2.294993E-04
 4 69 -1.421563E-04 0 -1.421563E-04
 4 70 2.108774E-05 0 2.108774E-05
 4 71 4.348209E-05 0 4.348209E-05
 4 72 -2.290221E-02 -2.301329E-02 1.110796E-04
 4 73 1.961322E-04 0 1.961322E-04
 4 74 -1.314155E-04 0 -1.314155E-04
 4 75 1.724336E-02 1.713782E-02 1.055436E-04
 4 76 1.413216E-02 1.407814E-02 5.402079E-05
 4 77 9.024252E-06 0 9.024252E-06
 4 78 -7.401928E-03 -7.401327E-03 -6.010789E-07
 4 79 4.918547E-06 0 4.918547E-06
 4 80 -1.772981E-05 0 -1.772981E-05
 4 81 3.356877E-06 0 3.356877E-06
 4 82 4.494814E-03 4.485597E-03 9.216967E-06
 4 83 -1.129837E-05 0 -1.129837E-05
 4 84 5.229753E-06 0 5.229753E-06
 4 85 -1.461285E-05 0 -1.461285E-05
 4 86 8.197723E-06 0 8.197723E-06
 4 87 -3.438927E-03 -3.444352E-03 5.425557E-06
 4 88 4.408908E-03 4.39652E-03 1.238822E-05
 4 89 7.980746E-06 0 7.980746E-06
 4 90 1.446932E-05 0 1.446932E-05
 4 91 -9.690887E-05 0 -9.690887E-05
 4 92 -1.337812E-02 -1.336729E-02 -1.082487E-05
 4 93 -4.414455E-04 0 -4.414455E-04
 4 94 -2.592636E-04 0 -2.592636E-04
 4 95 -2.52732E-03 0 -2.52732E-03
 4 96 -0.110438 -0.110287 -1.50858E-04
 4 97 -3.412296E-02 0 -3.412296E-02
 4 98 -0.139009 -0.138725 -2.843529E-04
 4 99 3.880091E-03 0 3.880091E-03
 4 100 2.525574E-03 0 2.525574E-03
 5 25 -7.142575E-06 0 -7.142575E-06
 5 26 1.34254E-05 0 1.34254E-05
 5 27 -3.456889E-05 0 -3.456889E-05
 5 28 -7.553815E-05 0 -7.553815E-05
 5 29 -4.330763E-05 0 -4.330763E-05
 5 30 -2.332844E-02 -2.343468E-02 1.062418E-04
 5 31 1.839637E-04 0 1.839637E-04
 5 32 -1.581233E-03 0 -1.581233E-03
 5 33 2.488238E-04 0 2.488238E-04
 5 34 9.639576E-05 0 9.639576E-05
 5 35 -1.806482E-02 -1.813058E-02 6.576914E-05
 5 36 3.09356E-05 0 3.09356E-05
 5 37 -5.277983E-05 0 -5.277983E-05
 5 38 1.153074E-05 0 1.153074E-05
 5 39 -4.434408E-05 0 -4.434408E-05
 5 40 5.673982E-03 5.651548E-03 2.243383E-05
 5 41 -7.590504E-06 0 -7.590504E-06
 5 42 4.551333E-03 4.534912E-03 1.642078E-05
 5 43 7.381511E-06 0 7.381511E-06
 5 44 6.242576E-06 0 6.242576E-06
 5 45 6.034979E-03 6.015633E-03 1.934651E-05
 5 46 1.61387E-05 0 1.61387E-05
 5 47 -9.238321E-05 0 -9.238321E-05
 5 48 1.543017E-02 1.534345E-02 8.67161E-05
 5 49 2.812984E-05 0 2.812984E-05
 5 50 -2.412065E-05 0 -2.412065E-05
 5 51 -1.97272E-02 -1.980454E-02 7.734168E-05
 5 52 3.562793E-05 0 3.562793E-05
 5 53 -1.059945E-02 -1.062566E-02 2.621232E-05
 5 54 -1.061635E-04 0 -1.061635E-04
 5 55 9.583144E-05 0 9.583144E-05
 5 56 1.084465E-02 1.079685E-02 4.780025E-05
 5 57 -1.057124E-02 -1.059734E-02 2.609854E-05
 5 58 1.69314E-02 1.680206E-02 1.29342E-04
 5 59 5.972464E-05 0 5.972464E-05
 5 60 -3.816884E-04 0 -3.816884E-04
 5 61 3.635109E-04 0 3.635109E-04
 5 62 3.476951E-04 0 3.476951E-04
 5 63 5.625286E-02 5.509986E-02 1.152994E-03
 5 64 2.548939E-03 0 2.548939E-03
 5 65 1.512967E-03 0 1.512967E-03
 5 66 -6.876565E-02 -6.876835E-02 2.701277E-06
 5 67 -9.785913E-04 0 -9.785913E-04
 5 68 -6.79032E-04 0 -6.79032E-04
 5 69 -3.331237E-04 0 -3.331237E-04
 5 70 5.571037E-05 0 5.571037E-05
 5 71 1.381618E-04 0 1.381618E-04
 5 72 -3.286502E-02 -3.307631E-02 2.112902E-04
 5 73 6.148243E-04 0 6.148243E-04
 5 74 -4.366989E-04 0 -4.366989E-04
 5 75 2.860124E-02 2.825534E-02 3.458984E-04
 5 76 2.390004E-02 2.370702E-02 1.930198E-04
 5 77 3.798546E-05 0 3.798546E-05
 5 78 -1.178595E-02 -1.178603E-02 7.638842E-08
 5 79 1.255259E-05 0 1.255259E-05
 5 80 -4.50486E-05 0 -4.50486E-05
 5 81 8.473885E-06 0 8.473885E-06
 5 82 6.663783E-03 6.641393E-03 2.238938E-05
 5 83 -2.48741E-05 0 -2.48741E-05
 5 84 1.306045E-05 0 1.306045E-05
 5 85 -3.181527E-05 0 -3.181527E-05
 5 86 1.565811E-05 0 1.565811E-05
 5 87 -4.740453E-03 -4.748215E-03 7.761414E-06
 5 88 6.031798E-03 6.007282E-03 2.45161E-05
 5 89 1.867204E-05 0 1.867204E-05
 5 90 3.167763E-05 0 3.167763E-05
 5 91 -2.506526E-04 0 -2.506526E-04
 5 92 -1.871529E-02 -1.877605E-02 6.075322E-05
 5 93 -1.441051E-03 0 -1.441051E-03
 5 94 -1.870494E-03 0 -1.870494E-03
 5 95 -1.452964E-02 0 -1.452964E-02
 5 96 -0.224011 -0.224074 6.384286E-05
 5 97 0.364898 0 0.364898
 5 98 -0.254397 -0.254482 8.485789E-05
 5 99 3.925148E-02 0 3.925148E-02
 5 100 1.125288E-02 0 1.125288E-02
 6 25 -8.098729E-06 0 -8.098729E-06
 6 26 1.467108E-05 0 1.467108E-05
 6 27 -3.848881E-05 0 -3.848881E-05
 6 28 -7.916505E-05 0 -7.916505E-05
 6 29 -4.31472E-05 0 -4.31472E-05
 6 30 -2.295326E-02 -2.305623E-02 1.029766E-04
 6 31 1.496069E-04 0 1.496069E-04
 6 32 -1.271454E-03 0 -1.271454E-03
 6 33 1.679994E-04 0 1.679994E-04
 6 34 7.728689E-05 0 7.728689E-05
 6 35 -1.607173E-02 -1.612501E-02 5.32817E-05
 6 36 2.814099E-05 0 2.814099E-05
 6 37 -4.715805E-05 0 -4.715805E-05
 6 38 1.098464E-05 0 1.098464E-05
 6 39 -4.33372E-05 0 -4.33372E-05
 6 40 5.76573E-03 5.74277E-03 2.296007E-05
 6 41 -8.208527E-06 0 -8.208527E-06
 6 42 4.984289E-03 4.965642E-03 1.864668E-05
 6 43 9.103864E-06 0 9.103864E-06
 6 44 7.685279E-06 0 7.685279E-06
 6 45 6.718912E-03 6.696247E-03 2.266563E-05
 6 46 1.987207E-05 0 1.987207E-05
 6 47 -1.123894E-04 0 -1.123894E-04
 6 48 1.621054E-02 1.611596E-02 9.457082E-05
 6 49 2.912102E-05 0 2.912102E-05
 6 50 -2.491842E-05 0 -2.491842E-05
 6 51 -1.913063E-02 -1.920369E-02 7.306456E-05
 6 52 3.140622E-05 0 3.140622E-05
 6 53 -9.785499E-03 -9.808529E-03 2.302982E-05
 6 54 -8.824376E-05 0 -8.824376E-05
 6 55 7.118543E-05 0 7.118543E-05
 6 56 9.094666E-03 9.058619E-03 3.604676E-05
 6 57 -8.875118E-03 -8.894832E-03 1.971429E-05
 6 58 1.370495E-02 1.361546E-02 8.949561E-05
 6 59 3.797666E-05 0 3.797666E-05
 6 60 -2.340169E-04 0 -2.340169E-04
 6 61 2.360152E-04 0 2.360152E-04
 6 62 2.848194E-04 0 2.848194E-04
 6 63 5.143401E-02 5.04914E-02 9.426161E-04
 6 64 1.549643E-03 0 1.549643E-03
 6 65 1.156432E-03 0 1.156432E-03
 6 66 -7.234445E-02 -7.234751E-02 3.060415E-06
 6 67 -1.276707E-03 0 -1.276707E-03
 6 68 -1.138346E-03 0 -1.138346E-03
 6 69 -5.662638E-04 0 -5.662638E-04
 6 70 1.045789E-04 0 1.045789E-04
 6 71 3.175257E-04 0 3.175257E-04
 6 72 -4.8112E-02 -4.8598E-02 4.860056E-04
 6 73 1.275775E-03 0 1.275775E-03
 6 74 -7.157533E-04 0 -7.157533E-04
 6 75 3.598606E-02 3.543551E-02 5.505515E-04
 6 76 2.728798E-02 2.703842E-02 2.495598E-04
 6 77 5.137586E-05 0 5.137586E-05
 6 78 -1.460905E-02 -1.460916E-02 1.100657E-07
 6 79 1.712118E-05 0 1.712118E-05
 6 80 -6.165457E-05 0 -6.165457E-05
 6 81 1.182559E-05 0 1.182559E-05
 6 82 8.800855E-03 8.766622E-03 3.42334E-05
 6 83 -3.925191E-05 0 -3.925191E-05
 6 84 1.935765E-05 0 1.935765E-05
 6 85 -4.515569E-05 0 -4.515569E-05
 6 86 2.114985E-05 0 2.114985E-05
 6 87 -5.508114E-03 -5.51772E-03 9.606821E-06
 6 88 6.699012E-03 6.670397E-03 2.861495E-05
 6 89 2.335944E-05 0 2.335944E-05
 6 90 3.822395E-05 0 3.822395E-05
 6 91 -3.114892E-04 0 -3.114892E-04
 6 92 -2.064788E-02 -2.072304E-02 7.515939E-05
 6 93 -1.419516E-03 0 -1.419516E-03
 6 94 -1.727207E-03 0 -1.727207E-03
 6 95 -8.065759E-03 0 -8.065759E-03
 6 96 -0.17513 -0.175163 3.295939E-05
 6 97 -6.703628E-02 0 -6.703628E-02
 6 98 -0.134741 -0.134757 1.580138E-05
 6 99 7.048188E-03 0 7.048188E-03
 6 100 1.928711E-03 0 1.928711E-03
 7 25 -7.473464E-06 0 -7.473464E-06
 7 26 1.406889E-05 0 1.406889E-05
 7 27 -3.805258E-05 0 -3.805258E-05
 7 28 -8.404346E-05 0 -8.404346E-05
 7 29 -4.44191E-05 0 -4.44191E-05
 7 30 -2.522383E-02 -2.534751E-02 1.236824E-04
 7 31 1.807247E-04 0 1.807247E-04
 7 32 -1.9169E-03 0 -1.9169E-03
 7 33 2.606465E-04 0 2.606465E-04
 7 34 1.169612E-04 0 1.169612E-04
 7 35 -1.846828E-02 -1.853676E-02 6.847922E-05
 7 36 3.374596E-05 0 3.374596E-05
 7 37 -5.030707E-05 0 -5.030707E-05
 7 38 1.115592E-05 0 1.115592E-05
 7 39 -4.000071E-05 0 -4.000071E-05
 7 40 5.33329E-03 5.312764E-03 2.05259E-05
 7 41 -6.853496E-06 0 -6.853496E-06
 7 42 4.325753E-03 4.310446E-03 1.530715E-05
 7 43 7.506266E-06 0 7.506266E-06
 7 44 5.93755E-06 0 5.93755E-06
 7 45 5.443194E-03 5.426531E-03 1.666297E-05
 7 46 1.357315E-05 0 1.357315E-05
 7 47 -7.471188E-05 0 -7.471188E-05
 7 48 1.215367E-02 1.209599E-02 5.768452E-05
 7 49 1.979263E-05 0 1.979263E-05
 7 50 -1.815959E-05 0 -1.815959E-05
 7 51 -1.525466E-02 -1.530324E-02 4.858379E-05
 7 52 2.101722E-05 0 2.101722E-05
 7 53 -8.170461E-03 -8.187782E-03 1.732158E-05
 7 54 -6.793246E-05 0 -6.793246E-05
 7 55 5.021112E-05 0 5.021112E-05
 7 56 7.561097E-03 7.53402E-03 2.70771E-05
 7 57 -7.880204E-03 -7.896583E-03 1.637941E-05
 7 58 1.239639E-02 1.232085E-02 7.554276E-05
 7 59 2.858215E-05 0 2.858215E-05
 7 60 -1.585955E-04 0 -1.585955E-04
 7 61 1.32815E-04 0 1.32815E-04
 7 62 1.545072E-04 0 1.545072E-04
 7 63 3.451416E-02 3.411374E-02 4.00423E-04
 7 64 6.909596E-04 0 6.909596E-04
 7 65 6.733432E-04 0 6.733432E-04
 7 66 -5.806732E-02 -5.806912E-02 1.800117E-06
 7 67 -9.902529E-04 0 -9.902529E-04
 7 68 -1.061484E-03 0 -1.061484E-03
 7 69 -5.917696E-04 0 -5.917696E-04
 7 70 1.170464E-04 0 1.170464E-04
 7 71 3.699399E-04 0 3.699399E-04
 7 72 -4.500969E-02 -4.542743E-02 4.177333E-04
 7 73 8.714508E-04 0 8.714508E-04
 7 74 -4.74821E-04 0 -4.74821E-04
 7 75 2.668758E-02 2.638566E-02 3.019197E-04
 7 76 1.970119E-02 1.956681E-02 1.343813E-04
 7 77 2.926415E-05 0 2.926415E-05
 7 78 -1.126069E-02 -1.126076E-02 7.083113E-08
 7 79 1.22757E-05 0 1.22757E-05
 7 80 -4.866415E-05 0 -4.866415E-05
 7 81 9.700545E-06 0 9.700545E-06
 7 82 7.594337E-03 7.567078E-03 2.725863E-05
 7 83 -3.297595E-05 0 -3.297595E-05
 7 84 1.764463E-05 0 1.764463E-05
 7 85 -4.310046E-05 0 -4.310046E-05
 7 86 2.194901E-05 0 2.194901E-05
 7 87 -5.621297E-03 -5.63119E-03 9.89305E-06
 7 88 6.993184E-03 6.962672E-03 3.051207E-05
 7 89 2.559578E-05 0 2.559578E-05
 7 90 4.423575E-05 0 4.423575E-05
 7 91 -3.299455E-04 0 -3.299455E-04
 7 92 -2.219196E-02 -2.22801E-02 8.814065E-05
 7 93 -1.420008E-03 0 -1.420008E-03
 7 94 -1.512525E-03 0 -1.512525E-03
 7 95 -5.125009E-03 0 -5.125009E-03
 7 96 -0.120461 -0.120473 1.159472E-05
 7 97 -2.385731E-02 0 -2.385731E-02
 7 98 -8.916787E-02 -8.917306E-02 5.196461E-06
 7 99 1.623534E-03 0 1.623534E-03
 7 100 7.244108E-04 0 7.244108E-04
 8 25 -8.705424E-05 0 -8.705424E-05
 8 26 -5.539023E-05 0 -5.539023E-05
 8 27 -3.652086E-04 0 -3.652086E-04
 8 28 -7.312127E-04 0 -7.312127E-04
 8 29 -1.219761E-03 0 -1.219761E-03
 8 30 -8.492937E-04 0 -8.492937E-04
 8 31 -2.698228E-03 0 -2.698228E-03
 8 32 -3.61989E-02 0 -3.61989E-02
 8 33 -4.527153E-03 0 -4.527153E-03
 8 34 -7.187414E-04 0 -7.187414E-04
 8 35 -4.808003E-04 0 -4.808003E-04
 8 36 -3.497889E-04 0 -3.497889E-04
 8 37 -5.95902E-04 0 -5.95902E-04
 8 38 -9.72695E-05 0 -9.72695E-05
 8 39 -3.339239E-04 0 -3.339239E-04
 8 40 -3.916551E-05 0 -3.916551E-05
 8 41 -1.351849E-04 0 -1.351849E-04
 8 42 -2.550285E-05 0 -2.550285E-05
 8 43 -2.567157E-05 0 -2.567157E-05
 8 44 -1.948605E-05 0 -1.948605E-05
 8 45 -2.510855E-05 0 -2.510855E-05
 8 46 -8.825261E-05 0 -8.825261E-05
 8 47 -6.49256E-04 0 -6.49256E-04
 8 48 -9.788661E-05 0 -9.788661E-05
 8 49 -7.27824E-05 0 -7.27824E-05
 8 50 -3.95684E-04 0 -3.95684E-04
 8 51 -2.578027E-04 0 -2.578027E-04
 8 52 -9.555621E-05 0 -9.555621E-05
 8 53 -8.886367E-05 0 -8.886367E-05
 8 54 -8.105375E-04 0 -8.105375E-04
 8 55 -2.642119E-04 0 -2.642119E-04
 8 56 -5.734431E-05 0 -5.734431E-05
 8 57 -9.339327E-05 0 -9.339327E-05
 8 58 -2.052045E-04 0 -2.052045E-04
 8 59 -1.448147E-04 0 -1.448147E-04
 8 60 -2.288851E-03 0 -2.288851E-03
 8 61 -6.925413E-04 0 -6.925413E-04
 8 62 -7.386706E-04 0 -7.386706E-04
 8 63 -8.766039E-04 0 -8.766039E-04
 8 64 -4.712217E-03 0 -4.712217E-03
 8 65 -4.981963E-03 0 -4.981963E-03
 8 66 -9.181315E-03 0 -9.181315E-03
 8 67 -9.971817E-03 0 -9.971817E-03
 8 68 -1.09392E-02 0 -1.09392E-02
 8 69 -4.031206E-03 0 -4.031206E-03
 8 70 -5.818632E-04 0 -5.818632E-04
 8 71 -8.542558E-04 0 -8.542558E-04
 8 72 -1.279169E-03 0 -1.279169E-03
 8 73 -2.976312E-03 0 -2.976312E-03
 8 74 -3.168106E-03 0 -3.168106E-03
 8 75 -4.641119E-04 0 -4.641119E-04
 8 76 -2.112076E-04 0 -2.112076E-04
 8 77 -8.194389E-05 0 -8.194389E-05
 8 78 -1.735024E-04 0 -1.735024E-04
 8 79 -7.268829E-05 0 -7.268829E-05
 8 80 -2.957581E-04 0 -2.957581E-04
 8 81 -2.981525E-05 0 -2.981525E-05
 8 82 -3.344927E-05 0 -3.344927E-05
 8 83 -3.035336E-04 0 -3.035336E-04
 8 84 -4.911035E-05 0 -4.911035E-05
 8 85 -3.247915E-04 0 -3.247915E-04
 8 86 -7.317806E-05 0 -7.317806E-05
 8 87 -3.897211E-05 0 -3.897211E-05
 8 88 -5.500554E-05 0 -5.500554E-05
 8 89 -1.015007E-04 0 -1.015007E-04
 8 90 -3.724923E-04 0 -3.724923E-04
 8 91 -2.993627E-03 0 -2.993627E-03
 8 92 -4.838703E-03 0 -4.838703E-03
 8 93 -2.10095E-02 0 -2.10095E-02
 8 94 -8.692938E-02 0 -8.692938E-02
 8 95 -0.120347 0 -0.120347
 8 96 -9.277322E-02 0 -9.277322E-02
 8 97 -0.446671 0 -0.446671
 8 98 -2.917479E-02 0 -2.917479E-02
 8 99 -5.854384E-03 0 -5.854384E-03
 8 100 -2.57179E-03 0 -2.57179E-03
 9 25 -1.369886E-04 0 -1.369886E-04
 9 26 -7.520539E-05 0 -7.520539E-05
 9 27 -5.952693E-04 0 -5.952693E-04
 9 28 -1.144497E-03 0 -1.144497E-03
 9 29 -2.03841E-03 0 -2.03841E-03
 9 30 -9.482875E-04 0 -9.482875E-04
 9 31 -3.421987E-03 0 -3.421987E-03
 9 32 -4.20789E-02 0 -4.20789E-02
 9 33 -3.274136E-03 0 -3.274136E-03
 9 34 -5.760384E-04 0 -5.760384E-04
 9 35 -3.807746E-04 0 -3.807746E-04
 9 36 -4.122502E-04 0 -4.122502E-04
 9 37 -7.820484E-04 0 -7.820484E-04
 9 38 -1.275098E-04 0 -1.275098E-04
 9 39 -5.35321E-04 0 -5.35321E-04
 9 40 -5.112348E-05 0 -5.112348E-05
 9 41 -2.286091E-04 0 -2.286091E-04
 9 42 -3.619803E-05 0 -3.619803E-05
 9 43 -3.841962E-05 0 -3.841962E-05
 9 44 -2.921608E-05 0 -2.921608E-05
 9 45 -4.101983E-05 0 -4.101983E-05
 9 46 -1.731491E-04 0 -1.731491E-04
 9 47 -1.501484E-03 0 -1.501484E-03
 9 48 -1.892133E-04 0 -1.892133E-04
 9 49 -1.017213E-04 0 -1.017213E-04
 9 50 -7.767476E-04 0 -7.767476E-04
 9 51 -4.005346E-04 0 -4.005346E-04
 9 52 -1.431166E-04 0 -1.431166E-04
 9 53 -1.084992E-04 0 -1.084992E-04
 9 54 -1.34677E-03 0 -1.34677E-03
 9 55 -3.661722E-04 0 -3.661722E-04
 9 56 -7.162963E-05 0 -7.162963E-05
 9 57 -9.328532E-05 0 -9.328532E-05
 9 58 -2.247545E-04 0 -2.247545E-04
 9 59 -1.676227E-04 0 -1.676227E-04
 9 60 -3.418834E-03 0 -3.418834E-03
 9 61 -1.048144E-03 0 -1.048144E-03
 9 62 -1.424672E-03 0 -1.424672E-03
 9 63 -2.048677E-03 0 -2.048677E-03
 9 64 -1.007895E-02 0 -1.007895E-02
 9 65 -1.21737E-02 0 -1.21737E-02
 9 66 -3.373341E-02 0 -3.373341E-02
 9 67 -3.635809E-02 0 -3.635809E-02
 9 68 -4.010986E-02 0 -4.010986E-02
 9 69 -1.092484E-02 0 -1.092484E-02
 9 70 -1.318292E-03 0 -1.318292E-03
 9 71 -2.115076E-03 0 -2.115076E-03
 9 72 -3.363744E-03 0 -3.363744E-03
 9 73 -1.20572E-02 0 -1.20572E-02
 9 74 -1.125215E-02 0 -1.125215E-02
 9 75 -1.265194E-03 0 -1.265194E-03
 9 76 -5.116535E-04 0 -5.116535E-04
 9 77 -1.746713E-04 0 -1.746713E-04
 9 78 -3.471808E-04 0 -3.471808E-04
 9 79 -1.430546E-04 0 -1.430546E-04
 9 80 -6.338028E-04 0 -6.338028E-04
 9 81 -4.753263E-05 0 -4.753263E-05
 9 82 -5.977935E-05 0 -5.977935E-05
 9 83 -6.37185E-04 0 -6.37185E-04
 9 84 -6.806349E-05 0 -6.806349E-05
 9 85 -6.157614E-04 0 -6.157614E-04
 9 86 -1.081074E-04 0 -1.081074E-04
 9 87 -4.570936E-05 0 -4.570936E-05
 9 88 -7.047826E-05 0 -7.047826E-05
 9 89 -1.424465E-04 0 -1.424465E-04
 9 90 -5.953426E-04 0 -5.953426E-04
 9 91 -6.584027E-03 0 -6.584027E-03
 9 92 -1.024837E-02 0 -1.024837E-02
 9 93 -5.25847E-02 0 -5.25847E-02
 9 94 -0.272143 0 -0.272143
 9 95 -0.288029 0 -0.288029
 9 96 -9.832241E-02 0 -9.832241E-02
 9 97 -0.445911 0 -0.445911
 9 98 -2.241304E-02 0 -2.241304E-02
 9 99 -4.734206E-03 0 -4.734206E-03
 9 100 -1.434343E-03 0 -1.434343E-03
 10 25 -3.525795E-05 0 -3.525795E-05
 10 26 2.793612E-05 0 2.793612E-05
 10 27 -2.109913E-04 0 -2.109913E-04
 10 28 -4.572801E-04 0 -4.572801E-04
 10 29 -3.995337E-04 0 -3.995337E-04
 10 30 4.742E-02 4.534861E-02 2.071391E-03
 10 31 5.294508E-04 0 5.294508E-04
 10 32 -1.147308E-02 0 -1.147308E-02
 10 33 5.15635E-04 0 5.15635E-04
 10 34 2.063551E-04 0 2.063551E-04
 10 35 2.920093E-02 2.842797E-02 7.729537E-04
 10 36 8.626698E-05 0 8.626698E-05
 10 37 -2.276944E-04 0 -2.276944E-04
 10 38 2.633201E-05 0 2.633201E-05
 10 39 -1.827608E-04 0 -1.827608E-04
 10 40 -9.3725E-03 -9.372552E-03 5.261602E-08
 10 41 -4.758179E-05 0 -4.758179E-05
 10 42 -7.820671E-03 -7.82071E-03 3.964878E-08
 10 43 2.300948E-05 0 2.300948E-05
 10 44 1.6828E-05 0 1.6828E-05
 10 45 -9.610734E-03 -9.609831E-03 -9.030617E-07
 10 46 3.481214E-05 0 3.481214E-05
 10 47 -4.124285E-04 0 -4.124285E-04
 10 48 -1.988271E-02 -1.987955E-02 -3.155919E-06
 10 49 5.281372E-05 0 5.281372E-05
 10 50 -1.313599E-04 0 -1.313599E-04
 10 51 2.541857E-02 2.482692E-02 5.916525E-04
 10 52 5.05249E-05 0 5.05249E-05
 10 53 1.300186E-02 1.282339E-02 1.784648E-04
 10 54 -2.833572E-04 0 -2.833572E-04
 10 55 7.194009E-05 0 7.194009E-05
 10 56 -1.057379E-02 -1.057274E-02 -1.053503E-06
 10 57 1.149717E-02 1.135162E-02 1.455532E-04
 10 58 -1.712887E-02 -1.712901E-02 1.458086E-07
 10 59 3.456098E-05 0 3.456098E-05
 10 60 -5.010423E-04 0 -5.010423E-04
 10 61 1.756441E-04 0 1.756441E-04
 10 62 2.616458E-04 0 2.616458E-04
 10 63 -4.647169E-02 -4.64539E-02 -1.779392E-05
 10 64 9.541352E-04 0 9.541352E-04
 10 65 1.403979E-03 0 1.403979E-03
 10 66 0.113652 0.105925 7.72695E-03
 10 67 -1.040395E-02 0 -1.040395E-02
 10 68 -1.752434E-02 0 -1.752434E-02
 10 69 -7.481554E-03 0 -7.481554E-03
 10 70 6.133858E-04 0 6.133858E-04
 10 71 2.700293E-03 0 2.700293E-03
 10 72 0.125014 0.107751 1.72637E-02
 10 73 5.425031E-03 0 5.425031E-03
 10 74 -4.392136E-03 0 -4.392136E-03
 10 75 -4.87473E-02 -4.874851E-02 1.202101E-06
 10 76 -3.319843E-02 -3.318981E-02 -8.622805E-06
 10 77 5.812245E-05 0 5.812245E-05
 10 78 2.065081E-02 2.045859E-02 1.922155E-04
 10 79 3.363723E-05 0 3.363723E-05
 10 80 -2.779114E-04 0 -2.779114E-04
 10 81 3.242444E-05 0 3.242444E-05
 10 82 -1.481884E-02 -1.481697E-02 -1.860481E-06
 10 83 -2.795527E-04 0 -2.795527E-04
 10 84 6.684323E-05 0 6.684323E-05
 10 85 -2.859E-04 0 -2.859E-04
 10 86 5.447159E-05 0 5.447159E-05
 10 87 1.121279E-02 1.107308E-02 1.397151E-04
 10 88 -1.340549E-02 -1.340558E-02 9.490942E-08
 10 89 1.04167E-04 0 1.04167E-04
 10 90 1.677896E-04 0 1.677896E-04
 10 91 -2.876583E-03 0 -2.876583E-03
 10 92 4.760121E-02 4.691737E-02 6.838424E-04
 10 93 -1.23533E-02 0 -1.23533E-02
 10 94 -2.1542E-02 0 -2.1542E-02
 10 95 -2.216526E-02 0 -2.216526E-02
 10 96 0.160138 0.142796 1.734197E-02
 10 97 -2.609013E-02 0 -2.609013E-02
 10 98 6.997765E-02 6.752317E-02 2.454483E-03
 10 99 4.713389E-04 0 4.713389E-04
 10 100 1.851905E-04 0 1.851905E-04
 11 25 -7.059678E-06 0 -7.059678E-06
 11 26 5.074153E-05 0 5.074153E-05
 11 27 -1.024763E-04 0 -1.024763E-04
 11 28 -3.009039E-04 0 -3.009039E-04
 11 29 -1.144456E-04 0 -1.144456E-04
 11 30 5.737829E-02 5.381595E-02 3.562339E-03
 11 31 2.148758E-03 0 2.148758E-03
 11 32 -1.691777E-02 0 -1.691777E-02
 11 33 3.373269E-03 0 3.373269E-03
 11 34 8.943565E-04 0 8.943565E-04
 11 35 3.943936E-02 3.781326E-02 1.626095E-03
 11 36 3.042727E-04 0 3.042727E-04
 11 37 -1.4508E-04 0 -1.4508E-04
 11 38 7.092974E-05 0 7.092974E-05
 11 39 -1.045466E-04 0 -1.045466E-04
 11 40 -8.963309E-03 -8.983333E-03 2.002435E-05
 11 41 -9.910588E-06 0 -9.910588E-06
 11 42 -6.684269E-03 -6.697029E-03 1.276041E-05
 11 43 2.892991E-05 0 2.892991E-05
 11 44 2.002743E-05 0 2.002743E-05
 11 45 -7.611766E-03 -7.628581E-03 1.681553E-05
 11 46 5.122868E-05 0 5.122868E-05
 11 47 -1.243453E-04 0 -1.243453E-04
 11 48 -1.520785E-02 -1.526018E-02 5.233247E-05
 11 49 5.708938E-05 0 5.708938E-05
 11 50 -2.467104E-05 0 -2.467104E-05
 11 51 2.159961E-02 2.109422E-02 5.053915E-04
 11 52 6.647252E-05 0 6.647252E-05
 11 53 1.19865E-02 1.180537E-02 1.811285E-04
 11 54 -1.295895E-04 0 -1.295895E-04
 11 55 1.230653E-04 0 1.230653E-04
 11 56 -1.022849E-02 -1.025528E-02 2.678495E-05
 11 57 1.191676E-02 1.173737E-02 1.793959E-04
 11 58 -1.83007E-02 -1.836805E-02 6.7346E-05
 11 59 6.589658E-05 0 6.589658E-05
 11 60 -2.377609E-04 0 -2.377609E-04
 11 61 2.843346E-04 0 2.843346E-04
 11 62 3.607644E-04 0 3.607644E-04
 11 63 -3.511487E-02 -3.537813E-02 2.632548E-04
 11 64 1.182702E-03 0 1.182702E-03
 11 65 1.909106E-03 0 1.909106E-03
 11 66 9.168425E-02 8.295736E-02 8.726893E-03
 11 67 -3.63732E-03 0 -3.63732E-03
 11 68 -4.769089E-03 0 -4.769089E-03
 11 69 -2.787281E-03 0 -2.787281E-03
 11 70 7.440008E-04 0 7.440008E-04
 11 71 2.237119E-03 0 2.237119E-03
 11 72 7.850293E-02 7.148517E-02 7.017755E-03
 11 73 3.310485E-03 0 3.310485E-03
 11 74 -1.100109E-03 0 -1.100109E-03
 11 75 -3.216952E-02 -3.237161E-02 2.020901E-04
 11 76 -2.31717E-02 -2.328531E-02 1.136086E-04
 11 77 5.392064E-05 0 5.392064E-05
 11 78 1.452379E-02 1.43085E-02 2.152847E-04
 11 79 4.755002E-05 0 4.755002E-05
 11 80 -1.022259E-04 0 -1.022259E-04
 11 81 3.646977E-05 0 3.646977E-05
 11 82 -1.08702E-02 -1.089978E-02 2.958054E-05
 11 83 -5.627088E-05 0 -5.627088E-05
 11 84 7.01659E-05 0 7.01659E-05
 11 85 -1.05942E-04 0 -1.05942E-04
 11 86 8.901737E-05 0 8.901737E-05
 11 87 1.07477E-02 1.059611E-02 1.515957E-04
 11 88 -1.356365E-02 -1.360326E-02 3.961056E-05
 11 89 1.758544E-04 0 1.758544E-04
 11 90 4.411283E-04 0 4.411283E-04
 11 91 -1.581123E-03 0 -1.581123E-03
 11 92 5.498354E-02 4.911097E-02 5.872563E-03
 11 93 -7.89802E-03 0 -7.89802E-03
 11 94 -5.151622E-03 0 -5.151622E-03
 11 95 -1.151866E-02 0 -1.151866E-02
 11 96 0.137585 0.116359 2.122588E-02
 11 97 -1.162005E-02 0 -1.162005E-02
 11 98 6.516618E-02 6.106021E-02 4.105972E-03
 11 99 5.564757E-04 0 5.564757E-04
 11 100 2.814123E-04 0 2.814123E-04
 12 25 -5.810849E-05 0 -5.810849E-05
 12 26 2.213722E-05 0 2.213722E-05
 12 27 -4.190035E-04 0 -4.190035E-04
 12 28 -1.055245E-03 0 -1.055245E-03
 12 29 -1.714435E-03 0 -1.714435E-03
 12 30 3.687762E-03 0 3.687762E-03
 12 31 -3.033163E-04 0 -3.033163E-04
 12 32 -0.154398 0 -0.154398
 12 33 -3.342839E-04 0 -3.342839E-04
 12 34 -4.888338E-05 0 -4.888338E-05
 12 35 1.200771E-03 0 1.200771E-03
 12 36 -2.429102E-05 0 -2.429102E-05
 12 37 -6.54738E-04 0 -6.54738E-04
 12 38 -4.584792E-06 0 -4.584792E-06
 12 39 -3.263183E-04 0 -3.263183E-04
 12 40 3.664919E-05 0 3.664919E-05
 12 41 -8.867883E-05 0 -8.867883E-05
 12 42 2.068008E-05 0 2.068008E-05
 12 43 5.757361E-06 0 5.757361E-06
 12 44 3.735709E-06 0 3.735709E-06
 12 45 1.566305E-05 0 1.566305E-05
 12 46 -2.673731E-06 0 -2.673731E-06
 12 47 -4.69089E-04 0 -4.69089E-04
 12 48 5.537164E-05 0 5.537164E-05
 12 49 2.516632E-05 0 2.516632E-05
 12 50 -2.524039E-04 0 -2.524039E-04
 12 51 3.166835E-04 0 3.166835E-04
 12 52 1.580686E-05 0 1.580686E-05
 12 53 1.001883E-04 0 1.001883E-04
 12 54 -5.771127E-04 0 -5.771127E-04
 12 55 6.072565E-05 0 6.072565E-05
 12 56 2.862928E-05 0 2.862928E-05
 12 57 9.880657E-05 0 9.880657E-05
 12 58 1.449415E-04 0 1.449415E-04
 12 59 -2.586006E-06 0 -2.586006E-06
 12 60 -1.025039E-03 0 -1.025039E-03
 12 61 6.356265E-05 0 6.356265E-05
 12 62 8.680136E-05 0 8.680136E-05
 12 63 2.999247E-04 0 2.999247E-04
 12 64 6.441821E-04 0 6.441821E-04
 12 65 1.525415E-03 0 1.525415E-03
 12 66 5.770726E-03 0 5.770726E-03
 12 67 -2.280294E-02 0 -2.280294E-02
 12 68 -3.676551E-02 0 -3.676551E-02
 12 69 -1.045785E-02 0 -1.045785E-02
 12 70 -3.39935E-04 0 -3.39935E-04
 12 71 -6.677649E-05 0 -6.677649E-05
 12 72 3.388731E-03 0 3.388731E-03
 12 73 1.852861E-03 0 1.852861E-03
 12 74 -3.661584E-03 0 -3.661584E-03
 12 75 3.591397E-04 0 3.591397E-04
 12 76 1.186024E-04 0 1.186024E-04
 12 77 -1.647505E-06 0 -1.647505E-06
 12 78 5.53284E-05 0 5.53284E-05
 12 79 -2.302591E-06 0 -2.302591E-06
 12 80 -2.556869E-04 0 -2.556869E-04
 12 81 6.695622E-06 0 6.695622E-06
 12 82 2.391426E-05 0 2.391426E-05
 12 83 -1.818999E-04 0 -1.818999E-04
 12 84 2.55696E-05 0 2.55696E-05
 12 85 -3.526322E-04 0 -3.526322E-04
 12 86 3.476577E-05 0 3.476577E-05
 12 87 7.10221E-05 0 7.10221E-05
 12 88 7.237108E-05 0 7.237108E-05
 12 89 4.477871E-05 0 4.477871E-05
 12 90 -3.550489E-05 0 -3.550489E-05
 12 91 -8.061259E-03 0 -8.061259E-03
 12 92 -3.19181E-03 0 -3.19181E-03
 12 93 -8.064234E-02 0 -8.064234E-02
 12 94 -0.168216 0 -0.168216
 12 95 -7.208379E-02 0 -7.208379E-02
 12 96 8.092253E-03 0 8.092253E-03
 12 97 -2.270718E-02 0 -2.270718E-02
 12 98 7.449929E-04 0 7.449929E-04
 12 99 -9.122626E-06 0 -9.122626E-06
 12 100 -4.278273E-06 0 -4.278273E-06
 13 25 -3.163437E-04 0 -3.163437E-04
 13 26 -1.853163E-04 0 -1.853163E-04
 13 27 -1.77659E-03 0 -1.77659E-03
 13 28 -3.604834E-03 0 -3.604834E-03
 13 29 -6.173657E-03 0 -6.173657E-03
 13 30 -3.516157E-03 0 -3.516157E-03
 13 31 -7.974906E-03 0 -7.974906E-03
 13 32 -0.105123 0 -0.105123
 13 33 -5.039821E-03 0 -5.039821E-03
 13 34 -1.380757E-03 0 -1.380757E-03
 13 35 -8.326257E-04 0 -8.326257E-04
 13 36 -1.112568E-03 0 -1.112568E-03
 13 37 -1.697532E-03 0 -1.697532E-03
 13 38 -2.805453E-04 0 -2.805453E-04
 13 39 -1.095113E-03 0 -1.095113E-03
 13 40 -1.010833E-04 0 -1.010833E-04
 13 41 -4.450552E-04 0 -4.450552E-04
 13 42 -6.906704E-05 0 -6.906704E-05
 13 43 -8.340274E-05 0 -8.340274E-05
 13 44 -5.354814E-05 0 -5.354814E-05
 13 45 -6.782546E-05 0 -6.782546E-05
 13 46 -2.804131E-04 0 -2.804131E-04
 13 47 -2.500021E-03 0 -2.500021E-03
 13 48 -2.207202E-04 0 -2.207202E-04
 13 49 -1.315458E-04 0 -1.315458E-04
 13 50 -1.210914E-03 0 -1.210914E-03
 13 51 -4.70728E-04 0 -4.70728E-04
 13 52 -1.45811E-04 0 -1.45811E-04
 13 53 -1.325389E-04 0 -1.325389E-04
 13 54 -1.633867E-03 0 -1.633867E-03
 13 55 -3.178268E-04 0 -3.178268E-04
 13 56 -6.719892E-05 0 -6.719892E-05
 13 57 -1.015594E-04 0 -1.015594E-04
 13 58 -2.21384E-04 0 -2.21384E-04
 13 59 -1.23782E-04 0 -1.23782E-04
 13 60 -2.094514E-03 0 -2.094514E-03
 13 61 -5.358632E-04 0 -5.358632E-04
 13 62 -9.319064E-04 0 -9.319064E-04
 13 63 -8.451159E-04 0 -8.451159E-04
 13 64 -2.890642E-03 0 -2.890642E-03
 13 65 -7.032675E-03 0 -7.032675E-03
 13 66 -3.639378E-02 0 -3.639378E-02
 13 67 -0.128503 0 -0.128503
 13 68 -0.376253 0 -0.376253
 13 69 -0.13101 0 -0.13101
 13 70 -1.515793E-02 0 -1.515793E-02
 13 71 -4.144667E-02 0 -4.144667E-02
 13 72 -2.943973E-02 0 -2.943973E-02
 13 73 -5.808057E-02 0 -5.808057E-02
 13 74 -3.358383E-02 0 -3.358383E-02
 13 75 -1.986784E-03 0 -1.986784E-03
 13 76 -5.883747E-04 0 -5.883747E-04
 13 77 -2.191084E-04 0 -2.191084E-04
 13 78 -5.967503E-04 0 -5.967503E-04
 13 79 -2.790139E-04 0 -2.790139E-04
 13 80 -1.594903E-03 0 -1.594903E-03
 13 81 -1.172905E-04 0 -1.172905E-04
 13 82 -1.535796E-04 0 -1.535796E-04
 13 83 -2.170353E-03 0 -2.170353E-03
 13 84 -2.305552E-04 0 -2.305552E-04
 13 85 -2.442894E-03 0 -2.442894E-03
 13 86 -4.260831E-04 0 -4.260831E-04
 13 87 -1.49564E-04 0 -1.49564E-04
 13 88 -2.360857E-04 0 -2.360857E-04
 13 89 -6.442579E-04 0 -6.442579E-04
 13 90 -3.243315E-03 0 -3.243315E-03
 13 91 -4.064245E-02 0 -4.064245E-02
 13 92 -9.018755E-02 0 -9.018755E-02
 13 93 -0.156745 0 -0.156745
 13 94 -0.289484 0 -0.289484
 13 95 -7.625065E-02 0 -7.625065E-02
 13 96 -2.033619E-02 0 -2.033619E-02
 13 97 -2.561808E-02 0 -2.561808E-02
 13 98 -1.87808E-03 0 -1.87808E-03
 13 99 -4.085908E-04 0 -4.085908E-04
 13 100 -1.761638E-04 0 -1.761638E-04
 14 25 -3.183844E-05 0 -3.183844E-05
 14 26 6.786642E-05 0 6.786642E-05
 14 27 -2.393286E-04 0 -2.393286E-04
 14 28 -6.027264E-04 0 -6.027264E-04
 14 29 -3.058707E-04 0 -3.058707E-04
 14 30 -7.006204E-02 -7.12629E-02 1.200861E-03
 14 31 1.070625E-03 0 1.070625E-03
 14 32 -1.410879E-02 0 -1.410879E-02
 14 33 9.99284E-04 0 9.99284E-04
 14 34 7.6113E-04 0 7.6113E-04
 14 35 -4.227712E-02 -4.26403E-02 3.631746E-04
 14 36 2.215455E-04 0 2.215455E-04
 14 37 -2.35454E-04 0 -2.35454E-04
 14 38 5.036004E-05 0 5.036004E-05
 14 39 -1.587398E-04 0 -1.587398E-04
 14 40 1.2301E-02 1.222643E-02 7.457385E-05
 14 41 -2.354545E-05 0 -2.354545E-05
 14 42 9.532065E-03 9.482844E-03 4.922045E-05
 14 43 2.761976E-05 0 2.761976E-05
 14 44 1.714351E-05 0 1.714351E-05
 14 45 1.021252E-02 1.016916E-02 4.336456E-05
 14 46 3.410055E-05 0 3.410055E-05
 14 47 -2.020924E-04 0 -2.020924E-04
 14 48 1.718742E-02 1.708249E-02 1.049322E-04
 14 49 4.073956E-05 0 4.073956E-05
 14 50 -4.890505E-05 0 -4.890505E-05
 14 51 -2.24999E-02 -2.259901E-02 9.911167E-05
 14 52 3.474621E-05 0 3.474621E-05
 14 53 -1.279564E-02 -1.28315E-02 3.586001E-05
 14 54 -1.4948E-04 0 -1.4948E-04
 14 55 7.386904E-05 0 7.386904E-05
 14 56 9.869234E-03 9.828188E-03 4.104626E-05
 14 57 -1.16392E-02 -1.166979E-02 3.058404E-05
 14 58 1.721431E-02 1.708109E-02 1.33218E-04
 14 59 3.500934E-05 0 3.500934E-05
 14 60 -1.709341E-04 0 -1.709341E-04
 14 61 1.138957E-04 0 1.138957E-04
 14 62 1.757273E-04 0 1.757273E-04
 14 63 2.927929E-02 2.89924E-02 2.868826E-04
 14 64 4.061655E-04 0 4.061655E-04
 14 65 8.748399E-04 0 8.748399E-04
 14 66 -8.140275E-02 -8.140687E-02 4.11362E-06
 14 67 -6.370766E-03 0 -6.370766E-03
 14 68 -1.990335E-02 0 -1.990335E-02
 14 69 -1.545381E-02 0 -1.545381E-02
 14 70 3.376916E-03 0 3.376916E-03
 14 71 1.733898E-02 0 1.733898E-02
 14 72 -0.122867 -0.128526 5.659154E-03
 14 73 5.832472E-03 0 5.832472E-03
 14 74 -2.196117E-03 0 -2.196117E-03
 14 75 4.02207E-02 3.952581E-02 6.948876E-04
 14 76 2.63617E-02 2.612845E-02 2.332467E-04
 14 77 5.176794E-05 0 5.176794E-05
 14 78 -1.911084E-02 -1.911102E-02 1.779129E-07
 14 79 3.696759E-05 0 3.696759E-05
 14 80 -2.065015E-04 0 -2.065015E-04
 14 81 3.971809E-05 0 3.971809E-05
 14 82 1.780193E-02 1.769017E-02 1.117564E-04
 14 83 -1.946375E-04 0 -1.946375E-04
 14 84 1.104415E-04 0 1.104415E-04
 14 85 -3.44983E-04 0 -3.44983E-04
 14 86 1.879913E-04 0 1.879913E-04
 14 87 -1.841613E-02 -1.848425E-02 6.812538E-05
 14 88 2.300083E-02 2.277391E-02 2.26917E-04
 14 89 2.793734E-04 0 2.793734E-04
 14 90 6.358082E-04 0 6.358082E-04
 14 91 -4.764103E-03 0 -4.764103E-03
 14 92 -7.326318E-02 -7.52147E-02 1.951516E-03
 14 93 -9.904184E-03 0 -9.904184E-03
 14 94 -4.535972E-03 0 -4.535972E-03
 14 95 -3.87106E-03 0 -3.87106E-03
 14 96 -6.930326E-02 -6.930601E-02 2.753279E-06
 14 97 -1.786532E-03 0 -1.786532E-03
 14 98 -3.135041E-02 -3.135087E-02 4.648235E-07
 14 99 9.684491E-05 0 9.684491E-05
 14 100 5.038003E-05 0 5.038003E-05
 15 25 -3.223083E-04 0 -3.223083E-04
 15 26 -2.449138E-04 0 -2.449138E-04
 15 27 -2.165539E-03 0 -2.165539E-03
 15 28 -5.65473E-03 0 -5.65473E-03
 15 29 -8.775517E-03 0 -8.775517E-03
 15 30 -1.160218E-02 0 -1.160218E-02
 15 31 -1.987832E-02 0 -1.987832E-02
 15 32 -0.35893 0 -0.35893
 15 33 -2.413645E-02 0 -2.413645E-02
 15 34 -8.862691E-03 0 -8.862691E-03
 15 35 -3.652203E-03 0 -3.652203E-03
 15 36 -3.100628E-03 0 -3.100628E-03
 15 37 -3.0736E-03 0 -3.0736E-03
 15 38 -4.496196E-04 0 -4.496196E-04
 15 39 -1.203695E-03 0 -1.203695E-03
 15 40 -1.242911E-04 0 -1.242911E-04
 15 41 -3.746278E-04 0 -3.746278E-04
 15 42 -6.48923E-05 0 -6.48923E-05
 15 43 -7.21867E-05 0 -7.21867E-05
 15 44 -4.189178E-05 0 -4.189178E-05
 15 45 -4.755919E-05 0 -4.755919E-05
 15 46 -1.496714E-04 0 -1.496714E-04
 15 47 -1.118452E-03 0 -1.118452E-03
 15 48 -1.135376E-04 0 -1.135376E-04
 15 49 -1.044305E-04 0 -1.044305E-04
 15 50 -7.557874E-04 0 -7.557874E-04
 15 51 -3.42257E-04 0 -3.42257E-04
 15 52 -1.087453E-04 0 -1.087453E-04
 15 53 -1.384302E-04 0 -1.384302E-04
 15 54 -1.320045E-03 0 -1.320045E-03
 15 55 -2.673546E-04 0 -2.673546E-04
 15 56 -6.519989E-05 0 -6.519989E-05
 15 57 -1.409057E-04 0 -1.409057E-04
 15 58 -2.822199E-04 0 -2.822199E-04
 15 59 -1.237695E-04 0 -1.237695E-04
 15 60 -1.492295E-03 0 -1.492295E-03
 15 61 -3.321105E-04 0 -3.321105E-04
 15 62 -4.63653E-04 0 -4.63653E-04
 15 63 -3.056529E-04 0 -3.056529E-04
 15 64 -1.149971E-03 0 -1.149971E-03
 15 65 -2.904103E-03 0 -2.904103E-03
 15 66 -8.727245E-03 0 -8.727245E-03
 15 67 -3.447252E-02 0 -3.447252E-02
 15 68 -9.553648E-02 0 -9.553648E-02
 15 69 -5.734992E-02 0 -5.734992E-02
 15 70 -7.938656E-03 0 -7.938656E-03
 15 71 -1.076296E-02 0 -1.076296E-02
 15 72 -5.875489E-03 0 -5.875489E-03
 15 73 -7.315039E-03 0 -7.315039E-03
 15 74 -7.196226E-03 0 -7.196226E-03
 15 75 -5.527095E-04 0 -5.527095E-04
 15 76 -2.079152E-04 0 -2.079152E-04
 15 77 -8.877885E-05 0 -8.877885E-05
 15 78 -2.71261E-04 0 -2.71261E-04
 15 79 -1.468056E-04 0 -1.468056E-04
 15 80 -8.626872E-04 0 -8.626872E-04
 15 81 -8.68902E-05 0 -8.68902E-05
 15 82 -9.085076E-05 0 -9.085076E-05
 15 83 -1.133368E-03 0 -1.133368E-03
 15 84 -2.170018E-04 0 -2.170018E-04
 15 85 -1.934301E-03 0 -1.934301E-03
 15 86 -5.27832E-04 0 -5.27832E-04
 15 87 -2.441103E-04 0 -2.441103E-04
 15 88 -4.078636E-04 0 -4.078636E-04
 15 89 -1.091053E-03 0 -1.091053E-03
 15 90 -6.16355E-03 0 -6.16355E-03
 15 91 -4.116732E-02 0 -4.116732E-02
 15 92 -0.111383 0 -0.111383
 15 93 -0.112535 0 -0.112535
 15 94 -0.100111 0 -0.100111
 15 95 -2.670353E-02 0 -2.670353E-02
 15 96 -5.427203E-03 0 -5.427203E-03
 15 97 -8.313449E-03 0 -8.313449E-03
 15 98 -9.319606E-04 0 -9.319606E-04
 15 99 -1.799984E-04 0 -1.799984E-04
 15 100 -1.032634E-04 0 -1.032634E-04
 16 25 -9.092164E-05 0 -9.092164E-05
 16 26 1.78116E-04 0 1.78116E-04
 16 27 -1.176448E-03 0 -1.176448E-03
 16 28 -4.371074E-03 0 -4.371074E-03
 16 29 -4.163715E-03 0 -4.163715E-03
 16 30 3.419849E-02 0 3.419849E-02
 16 31 4.792547E-03 0 4.792547E-03
 16 32 -0.110797 0 -0.110797
 16 33 1.955584E-03 0 1.955584E-03
 16 34 1.493674E-03 0 1.493674E-03
 16 35 4.58064E-03 0 4.58064E-03
 16 36 7.176208E-04 0 7.176208E-04
 16 37 -1.238267E-03 0 -1.238267E-03
 16 38 1.022293E-04 0 1.022293E-04
 16 39 -6.502512E-04 0 -6.502512E-04
 16 40 1.138612E-04 0 1.138612E-04
 16 41 -1.103475E-04 0 -1.103475E-04
 16 42 5.72232E-05 0 5.72232E-05
 16 43 3.933626E-05 0 3.933626E-05
 16 44 2.068612E-05 0 2.068612E-05
 16 45 3.839756E-05 0 3.839756E-05
 16 46 3.381866E-05 0 3.381866E-05
 16 47 -5.177851E-04 0 -5.177851E-04
 16 48 9.280599E-05 0 9.280599E-05
 16 49 6.991672E-05 0 6.991672E-05
 16 50 -2.353763E-04 0 -2.353763E-04
 16 51 6.118163E-04 0 6.118163E-04
 16 52 5.065585E-05 0 5.065585E-05
 16 53 2.143623E-04 0 2.143623E-04
 16 54 -5.099675E-04 0 -5.099675E-04
 16 55 1.433177E-04 0 1.433177E-04
 16 56 4.102405E-05 0 4.102405E-05
 16 57 1.842401E-04 0 1.842401E-04
 16 58 1.898275E-04 0 1.898275E-04
 16 59 2.796541E-05 0 2.796541E-05
 16 60 -4.23199E-04 0 -4.23199E-04
 16 61 1.277016E-04 0 1.277016E-04
 16 62 2.147891E-04 0 2.147891E-04
 16 63 1.94775E-04 0 1.94775E-04
 16 64 5.246449E-04 0 5.246449E-04
 16 65 1.813674E-03 0 1.813674E-03
 16 66 6.582497E-03 0 6.582497E-03
 16 67 -4.063753E-02 0 -4.063753E-02
 16 68 -0.114463 0 -0.114463
 16 69 -0.10042 0 -0.10042
 16 70 2.210274E-03 0 2.210274E-03
 16 71 5.731436E-03 0 5.731436E-03
 16 72 1.559172E-02 0 1.559172E-02
 16 73 8.12536E-03 0 8.12536E-03
 16 74 -5.584761E-03 0 -5.584761E-03
 16 75 5.537154E-04 0 5.537154E-04
 16 76 1.756869E-04 0 1.756869E-04
 16 77 2.738087E-05 0 2.738087E-05
 16 78 1.558709E-04 0 1.558709E-04
 16 79 3.342715E-05 0 3.342715E-05
 16 80 -5.017958E-04 0 -5.017958E-04
 16 81 4.735443E-05 0 4.735443E-05
 16 82 7.71525E-05 0 7.71525E-05
 16 83 -3.206084E-04 0 -3.206084E-04
 16 84 1.730891E-04 0 1.730891E-04
 16 85 -1.073771E-03 0 -1.073771E-03
 16 86 4.390639E-04 0 4.390639E-04
 16 87 4.732306E-04 0 4.732306E-04
 16 88 4.486858E-04 0 4.486858E-04
 16 89 9.514307E-04 0 9.514307E-04
 16 90 3.156386E-03 0 3.156386E-03
 16 91 -6.888094E-02 0 -6.888094E-02
 16 92 0.17918 0 0.17918
 16 93 -0.107414 0 -0.107414
 16 94 -2.914976E-02 0 -2.914976E-02
 16 95 -8.292641E-03 0 -8.292641E-03
 16 96 1.576315E-03 0 1.576315E-03
 16 97 -1.442633E-03 0 -1.442633E-03
 16 98 1.965787E-04 0 1.965787E-04
 16 99 2.142581E-05 0 2.142581E-05
 16 100 1.133145E-05 0 1.133145E-05
 17 25 -7.043008E-04 0 -7.043008E-04
 17 26 -4.994334E-04 0 -4.994334E-04
 17 27 -4.848472E-03 0 -4.848472E-03
 17 28 -9.786396E-03 0 -9.786396E-03
 17 29 -1.168655E-02 0 -1.168655E-02
 17 30 -9.621255E-03 0 -9.621255E-03
 17 31 -7.690131E-03 0 -7.690131E-03
 17 32 -5.777433E-02 0 -5.777433E-02
 17 33 -3.8248E-03 0 -3.8248E-03
 17 34 -2.243691E-03 0 -2.243691E-03
 17 35 -1.724854E-03 0 -1.724854E-03
 17 36 -2.555023E-03 0 -2.555023E-03
 17 37 -3.048201E-03 0 -3.048201E-03
 17 38 -5.878758E-04 0 -5.878758E-04
 17 39 -1.783886E-03 0 -1.783886E-03
 17 40 -2.092508E-04 0 -2.092508E-04
 17 41 -7.165781E-04 0 -7.165781E-04
 17 42 -1.344188E-04 0 -1.344188E-04
 17 43 -1.81529E-04 0 -1.81529E-04
 17 44 -9.57346E-05 0 -9.57346E-05
 17 45 -9.764126E-05 0 -9.764126E-05
 17 46 -3.226478E-04 0 -3.226478E-04
 17 47 -2.355399E-03 0 -2.355399E-03
 17 48 -1.843495E-04 0 -1.843495E-04
 17 49 -1.658925E-04 0 -1.658925E-04
 17 50 -1.238137E-03 0 -1.238137E-03
 17 51 -4.488575E-04 0 -4.488575E-04
 17 52 -1.3046E-04 0 -1.3046E-04
 17 53 -1.658685E-04 0 -1.658685E-04
 17 54 -1.373124E-03 0 -1.373124E-03
 17 55 -2.395593E-04 0 -2.395593E-04
 17 56 -6.014103E-05 0 -6.014103E-05
 17 57 -1.230273E-04 0 -1.230273E-04
 17 58 -2.019569E-04 0 -2.019569E-04
 17 59 -8.64104E-05 0 -8.64104E-05
 17 60 -1.004614E-03 0 -1.004614E-03
 17 61 -2.582047E-04 0 -2.582047E-04
 17 62 -4.614456E-04 0 -4.614456E-04
 17 63 -2.841925E-04 0 -2.841925E-04
 17 64 -7.717236E-04 0 -7.717236E-04
 17 65 -2.114164E-03 0 -2.114164E-03
 17 66 -9.35872E-03 0 -9.35872E-03
 17 67 -6.820042E-02 0 -6.820042E-02
 17 68 -0.404748 0 -0.404748
 17 69 -0.473174 0 -0.473174
 17 70 -0.170125 0 -0.170125
 17 71 -0.177856 0 -0.177856
 17 72 -5.044475E-02 0 -5.044475E-02
 17 73 -3.001102E-02 0 -3.001102E-02
 17 74 -2.448846E-02 0 -2.448846E-02
 17 75 -1.335756E-03 0 -1.335756E-03
 17 76 -3.834087E-04 0 -3.834087E-04
 17 77 -1.8071E-04 0 -1.8071E-04
 17 78 -6.95343E-04 0 -6.95343E-04
 17 79 -3.919852E-04 0 -3.919852E-04
 17 80 -2.74184E-03 0 -2.74184E-03
 17 81 -2.78725E-04 0 -2.78725E-04
 17 82 -3.278082E-04 0 -3.278082E-04
 17 83 -5.364499E-03 0 -5.364499E-03
 17 84 -9.686187E-04 0 -9.686187E-04
 17 85 -9.371199E-03 0 -9.371199E-03
 17 86 -2.289946E-03 0 -2.289946E-03
 17 87 -7.517602E-04 0 -7.517602E-04
 17 88 -1.067352E-03 0 -1.067352E-03
 17 89 -4.130293E-03 0 -4.130293E-03
 17 90 -1.985805E-02 0 -1.985805E-02
 17 91 -0.130692 0 -0.130692
 17 92 -0.170733 0 -0.170733
 17 93 -7.43183E-02 0 -7.43183E-02
 17 94 -3.965998E-02 0 -3.965998E-02
 17 95 -1.022661E-02 0 -1.022661E-02
 17 96 -2.449458E-03 0 -2.449458E-03
 17 97 -2.887916E-03 0 -2.887916E-03
 17 98 -3.968133E-04 0 -3.968133E-04
 17 99 -8.892762E-05 0 -8.892762E-05
 17 100 -4.743718E-05 0 -4.743718E-05
 18 25 -2.633849E-05 0 -2.633849E-05
 18 26 2.121886E-04 0 2.121886E-04
 18 27 -5.302263E-04 0 -5.302263E-04
 18 28 -1.708675E-03 0 -1.708675E-03
 18 29 -4.104117E-04 0 -4.104117E-04
 18 30 0.113848 9.811332E-02 1.57348E-02
 18 31 2.989988E-03 0 2.989988E-03
 18 32 -1.146698E-02 0 -1.146698E-02
 18 33 2.321848E-03 0 2.321848E-03
 18 34 2.191815E-03 0 2.191815E-03
 18 35 6.29229E-02 5.858031E-02 4.342595E-03
 18 36 1.359954E-03 0 1.359954E-03
 18 37 -4.535558E-04 0 -4.535558E-04
 18 38 2.463543E-04 0 2.463543E-04
 18 39 -2.857477E-04 0 -2.857477E-04
 18 40 -1.630908E-02 -1.636377E-02 5.469165E-05
 18 41 -2.393664E-05 0 -2.393664E-05
 18 42 -1.163954E-02 -1.167013E-02 3.058554E-05
 18 43 7.95228E-05 0 7.95228E-05
 18 44 4.164754E-05 0 4.164754E-05
 18 45 -1.068461E-02 -1.071337E-02 2.875749E-05
 18 46 7.356127E-05 0 7.356127E-05
 18 47 -1.59335E-04 0 -1.59335E-04
 18 48 -1.430309E-02 -1.43501E-02 4.701345E-05
 18 49 6.613977E-05 0 6.613977E-05
 18 50 -3.446142E-05 0 -3.446142E-05
 18 51 2.029249E-02 1.984163E-02 4.508565E-04
 18 52 5.762976E-05 0 5.762976E-05
 18 53 1.31151E-02 1.290475E-02 2.10351E-04
 18 54 -1.35317E-04 0 -1.35317E-04
 18 55 8.679613E-05 0 8.679613E-05
 18 56 -9.279874E-03 -9.302782E-03 2.290867E-05
 18 57 1.227276E-02 1.208443E-02 1.883297E-04
 18 58 -1.65903E-02 -1.664668E-02 5.638887E-05
 18 59 3.860808E-05 0 3.860808E-05
 18 60 -1.021824E-04 0 -1.021824E-04
 18 61 1.02815E-04 0 1.02815E-04
 18 62 1.575769E-04 0 1.575769E-04
 18 63 -1.800626E-02 -1.807708E-02 7.081441E-05
 18 64 2.167009E-04 0 2.167009E-04
 18 65 5.344511E-04 0 5.344511E-04
 18 66 5.53686E-02 5.248607E-02 2.882533E-03
 18 67 -3.837221E-03 0 -3.837221E-03
 18 68 -1.063526E-02 0 -1.063526E-02
 18 69 -2.526767E-02 0 -2.526767E-02
 18 70 1.140534E-02 0 1.140534E-02
 18 71 1.608619E-02 0 1.608619E-02
 18 72 0.110015 9.539804E-02 1.461674E-02
 18 73 2.906828E-03 0 2.906828E-03
 18 74 -1.348683E-03 0 -1.348683E-03
 18 75 -2.830794E-02 -2.846352E-02 1.555781E-04
 18 76 -1.934119E-02 -1.942194E-02 8.07582E-05
 18 77 4.733907E-05 0 4.733907E-05
 18 78 1.68863E-02 1.660658E-02 2.797115E-04
 18 79 8.61165E-05 0 8.61165E-05
 18 80 -2.73089E-04 0 -2.73089E-04
 18 81 1.083123E-04 0 1.083123E-04
 18 82 -1.92202E-02 -1.930003E-02 7.982597E-05
 18 83 -2.053192E-04 0 -2.053192E-04
 18 84 3.520834E-04 0 3.520834E-04
 18 85 -7.131738E-04 0 -7.131738E-04
 18 86 8.476518E-04 0 8.476518E-04
 18 87 3.313366E-02 3.198833E-02 1.145334E-03
 18 88 -4.018314E-02 -4.050785E-02 3.24715E-04
 18 89 2.179961E-03 0 2.179961E-03
 18 90 6.419387E-03 0 6.419387E-03
 18 91 -1.102842E-02 0 -1.102842E-02
 18 92 0.108496 8.333182E-02 2.516383E-02
 18 93 -6.680384E-03 0 -6.680384E-03
 18 94 -7.948642E-04 0 -7.948642E-04
 18 95 -1.105176E-03 0 -1.105176E-03
 18 96 3.517118E-02 3.405332E-02 1.117864E-03
 18 97 -3.701562E-04 0 -3.701562E-04
 18 98 1.565959E-02 1.541445E-02 2.451368E-04
 18 99 3.457484E-05 0 3.457484E-05
 18 100 2.086817E-05 0 2.086817E-05
 19 25 -1.35984E-04 0 -1.35984E-04
 19 26 3.838616E-04 0 3.838616E-04
 19 27 -1.845711E-03 0 -1.845711E-03
 19 28 -6.878824E-03 0 -6.878824E-03
 19 29 -2.359E-03 0 -2.359E-03
 19 30 -0.164266 -0.178559 1.429282E-02
 19 31 4.11892E-03 0 4.11892E-03
 19 32 -2.406202E-02 0 -2.406202E-02
 19 33 2.131122E-03 0 2.131122E-03
 19 34 5.430486E-03 0 5.430486E-03
 19 35 -9.684123E-02 -9.967736E-02 2.836133E-03
 19 36 2.778321E-03 0 2.778321E-03
 19 37 -1.706217E-03 0 -1.706217E-03
 19 38 3.374731E-04 0 3.374731E-04
 19 39 -7.36E-04 0 -7.36E-04
 19 40 2.632974E-02 2.603566E-02 2.940868E-04
 19 41 -7.161101E-05 0 -7.161101E-05
 19 42 1.690818E-02 1.677915E-02 1.290266E-04
 19 43 7.000167E-05 0 7.000167E-05
 19 44 3.251401E-05 0 3.251401E-05
 19 45 1.433525E-02 1.425894E-02 7.631483E-05
 19 46 4.765664E-05 0 4.765664E-05
 19 47 -2.681315E-04 0 -2.681315E-04
 19 48 1.813524E-02 1.801968E-02 1.155582E-04
 19 49 6.111933E-05 0 6.111933E-05
 19 50 -9.325624E-05 0 -9.325624E-05
 19 51 -2.653971E-02 -2.667645E-02 1.367449E-04
 19 52 4.86034E-05 0 4.86034E-05
 19 53 -1.867526E-02 -1.874515E-02 6.989379E-05
 19 54 -2.959563E-04 0 -2.959563E-04
 19 55 1.043486E-04 0 1.043486E-04
 19 56 1.337994E-02 1.331212E-02 6.781857E-05
 19 57 -1.807159E-02 -1.81374E-02 6.581412E-05
 19 58 2.466957E-02 2.441026E-02 2.593181E-04
 19 59 4.75761E-05 0 4.75761E-05
 19 60 -1.769206E-04 0 -1.769206E-04
 19 61 8.968101E-05 0 8.968101E-05
 19 62 1.382891E-04 0 1.382891E-04
 19 63 2.039603E-02 2.025278E-02 1.432508E-04
 19 64 1.827081E-04 0 1.827081E-04
 19 65 5.296807E-04 0 5.296807E-04
 19 66 -5.969528E-02 -5.969721E-02 1.921593E-06
 19 67 -6.291302E-03 0 -6.291302E-03
 19 68 -1.594974E-02 0 -1.594974E-02
 19 69 -3.785746E-02 0 -3.785746E-02
 19 70 6.688725E-03 0 6.688725E-03
 19 71 5.590342E-03 0 5.590342E-03
 19 72 -8.318379E-02 -8.50585E-02 1.874719E-03
 19 73 1.876649E-03 0 1.876649E-03
 19 74 -1.616435E-03 0 -1.616435E-03
 19 75 3.093755E-02 3.053305E-02 4.044957E-04
 19 76 2.234986E-02 2.217991E-02 1.699452E-04
 19 77 4.135548E-05 0 4.135548E-05
 19 78 -1.895299E-02 -1.895317E-02 1.752228E-07
 19 79 5.227078E-05 0 5.227078E-05
 19 80 -4.154191E-04 0 -4.154191E-04
 19 81 8.045806E-05 0 8.045806E-05
 19 82 2.219016E-02 2.202249E-02 1.676644E-04
 19 83 -3.486167E-04 0 -3.486167E-04
 19 84 3.011953E-04 0 3.011953E-04
 19 85 -1.505449E-03 0 -1.505449E-03
 19 86 1.350682E-03 0 1.350682E-03
 19 87 -4.937037E-02 -4.988608E-02 5.157111E-04
 19 88 7.158872E-02 6.907618E-02 2.512544E-03
 19 89 4.521208E-03 0 4.521208E-03
 19 90 1.79461E-02 0 1.79461E-02
 19 91 -4.341494E-02 0 -4.341494E-02
 19 92 -0.118021 -0.126191 8.169756E-03
 19 93 -1.430272E-02 0 -1.430272E-02
 19 94 -1.487788E-03 0 -1.487788E-03
 19 95 -1.274388E-03 0 -1.274388E-03
 19 96 -3.366984E-02 -3.367038E-02 5.38593E-07
 19 97 -3.096076E-04 0 -3.096076E-04
 19 98 -1.481944E-02 -1.481955E-02 1.1284E-07
 19 99 2.096533E-05 0 2.096533E-05
 19 100 1.292068E-05 0 1.292068E-05
 20 25 -2.45404E-04 0 -2.45404E-04
 20 26 4.838585E-04 0 4.838585E-04
 20 27 -3.585177E-03 0 -3.585177E-03
 20 28 -1.033733E-02 0 -1.033733E-02
 20 29 -4.101112E-03 0 -4.101112E-03
 20 30 1.808011E-02 0 1.808011E-02
 20 31 8.504691E-04 0 8.504691E-04
 20 32 -7.323339E-03 0 -7.323339E-03
 20 33 2.783378E-04 0 2.783378E-04
 20 34 4.171092E-04 0 4.171092E-04
 20 35 2.304469E-03 0 2.304469E-03
 20 36 7.22253E-04 0 7.22253E-04
 20 37 -1.381291E-03 0 -1.381291E-03
 20 38 1.667647E-04 0 1.667647E-04
 20 39 -9.681165E-04 0 -9.681165E-04
 20 40 2.00444E-04 0 2.00444E-04
 20 41 -1.88453E-04 0 -1.88453E-04
 20 42 1.065433E-04 0 1.065433E-04
 20 43 8.712283E-05 0 8.712283E-05
 20 44 3.660251E-05 0 3.660251E-05
 20 45 5.489762E-05 0 5.489762E-05
 20 46 4.096539E-05 0 4.096539E-05
 20 47 -5.031472E-04 0 -5.031472E-04
 20 48 7.137891E-05 0 7.137891E-05
 20 49 6.552474E-05 0 6.552474E-05
 20 50 -2.241422E-04 0 -2.241422E-04
 20 51 3.810781E-04 0 3.810781E-04
 20 52 3.500276E-05 0 3.500276E-05
 20 53 1.742097E-04 0 1.742097E-04
 20 54 -3.209773E-04 0 -3.209773E-04
 20 55 7.565884E-05 0 7.565884E-05
 20 56 2.666715E-05 0 2.666715E-05
 20 57 1.248832E-04 0 1.248832E-04
 20 58 9.584668E-05 0 9.584668E-05
 20 59 1.27037E-05 0 1.27037E-05
 20 60 -1.504312E-04 0 -1.504312E-04
 20 61 4.664264E-05 0 4.664264E-05
 20 62 8.500168E-05 0 8.500168E-05
 20 63 6.323245E-05 0 6.323245E-05
 20 64 1.230712E-04 0 1.230712E-04
 20 65 3.728414E-04 0 3.728414E-04
 20 66 1.168385E-03 0 1.168385E-03
 20 67 -1.083821E-02 0 -1.083821E-02
 20 68 -4.239086E-02 0 -4.239086E-02
 20 69 -0.157592 0 -0.157592
 20 70 1.531686E-02 0 1.531686E-02
 20 71 7.619358E-03 0 7.619358E-03
 20 72 1.271299E-02 0 1.271299E-02
 20 73 3.190073E-03 0 3.190073E-03
 20 74 -3.958373E-03 0 -3.958373E-03
 20 75 3.599019E-04 0 3.599019E-04
 20 76 1.134738E-04 0 1.134738E-04
 20 77 2.331269E-05 0 2.331269E-05
 20 78 1.81001E-04 0 1.81001E-04
 20 79 5.202745E-05 0 5.202745E-05
 20 80 -1.077545E-03 0 -1.077545E-03
 20 81 1.190497E-04 0 1.190497E-04
 20 82 1.779736E-04 0 1.779736E-04
 20 83 -9.44582E-04 0 -9.44582E-04
 20 84 7.356474E-04 0 7.356474E-04
 20 85 -6.311043E-03 0 -6.311043E-03
 20 86 3.765528E-03 0 3.765528E-03
 20 87 2.779393E-03 0 2.779393E-03
 20 88 2.497725E-03 0 2.497725E-03
 20 89 9.736223E-03 0 9.736223E-03
 20 90 2.07454E-02 0 2.07454E-02
 20 91 -0.107152 0 -0.107152
 20 92 1.02719E-02 0 1.02719E-02
 20 93 -1.149501E-02 0 -1.149501E-02
 20 94 -1.673089E-03 0 -1.673089E-03
 20 95 -9.154137E-04 0 -9.154137E-04
 20 96 2.144253E-04 0 2.144253E-04
 20 97 -2.137044E-04 0 -2.137044E-04
 20 98 4.107627E-05 0 4.107627E-05
 20 99 5.209988E-06 0 5.209988E-06
 20 100 3.0096E-06 0 3.0096E-06
 21 25 -2.549394E-04 0 -2.549394E-04
 21 26 2.271898E-04 0 2.271898E-04
 21 27 -2.152716E-03 0 -2.152716E-03
 21 28 -4.437653E-03 0 -4.437653E-03
 21 29 -1.582143E-03 0 -1.582143E-03
 21 30 8.841602E-02 8.036392E-02 8.052102E-03
 21 31 4.825142E-04 0 4.825142E-04
 21 32 -4.154326E-03 0 -4.154326E-03
 21 33 2.49044E-04 0 2.49044E-04
 21 34 3.785959E-04 0 3.785959E-04
 21 35 4.578307E-02 4.385936E-02 1.923705E-03
 21 36 4.612448E-04 0 4.612448E-04
 21 37 -8.950755E-04 0 -8.950755E-04
 21 38 1.370836E-04 0 1.370836E-04
 21 39 -6.769458E-04 0 -6.769458E-04
 21 40 -2.095749E-02 -2.09577E-02 2.111474E-07
 21 41 -1.563169E-04 0 -1.563169E-04
 21 42 -1.637443E-02 -1.637457E-02 1.345243E-07
 21 43 9.758515E-05 0 9.758515E-05
 21 44 4.48656E-05 0 4.48656E-05
 21 45 -1.400601E-02 -1.400432E-02 -1.687175E-06
 21 46 4.527769E-05 0 4.527769E-05
 21 47 -4.086002E-04 0 -4.086002E-04
 21 48 -1.50181E-02 -1.50162E-02 -1.904374E-06
 21 49 5.12682E-05 0 5.12682E-05
 21 50 -1.629836E-04 0 -1.629836E-04
 21 51 1.944339E-02 1.908359E-02 3.598049E-04
 21 52 3.248453E-05 0 3.248453E-05
 21 53 1.321485E-02 1.303144E-02 1.834016E-04
 21 54 -2.37777E-04 0 -2.37777E-04
 21 55 3.585729E-05 0 3.585729E-05
 21 56 -8.427216E-03 -8.426482E-03 -7.339131E-07
 21 57 1.106419E-02 1.092748E-02 1.367123E-04
 21 58 -1.364415E-02 -1.364425E-02 9.781913E-08
 21 59 1.436244E-05 0 1.436244E-05
 21 60 -1.275603E-04 0 -1.275603E-04
 21 61 3.239907E-05 0 3.239907E-05
 21 62 5.496187E-05 0 5.496187E-05
 21 63 -1.412426E-02 -1.412254E-02 -1.711818E-06
 21 64 6.031677E-05 0 6.031677E-05
 21 65 1.481878E-04 0 1.481878E-04
 21 66 4.047811E-02 3.974935E-02 7.287553E-04
 21 67 -4.636731E-03 0 -4.636731E-03
 21 68 -1.534689E-02 0 -1.534689E-02
 21 69 -8.080315E-02 0 -8.080315E-02
 21 70 2.459535E-02 0 2.459535E-02
 21 71 1.197482E-02 0 1.197482E-02
 21 72 0.116881 0.101971 1.490943E-02
 21 73 1.276114E-03 0 1.276114E-03
 21 74 -2.691229E-03 0 -2.691229E-03
 21 75 -2.921613E-02 -2.921653E-02 4.027952E-07
 21 76 -1.958969E-02 -1.958662E-02 -3.070372E-06
 21 77 3.084226E-05 0 3.084226E-05
 21 78 2.066605E-02 2.047358E-02 1.924782E-04
 21 79 6.384337E-05 0 6.384337E-05
 21 80 -1.014894E-03 0 -1.014894E-03
 21 81 1.548199E-04 0 1.548199E-04
 21 82 -3.019485E-02 -3.018775E-02 -7.098301E-06
 21 83 -1.686381E-03 0 -1.686381E-03
 21 84 8.282985E-04 0 8.282985E-04
 21 85 -5.703645E-03 0 -5.703645E-03
 21 86 2.284662E-03 0 2.284662E-03
 21 87 6.112816E-02 5.755708E-02 3.571078E-03
 21 88 -6.532788E-02 -6.533027E-02 2.384484E-06
 21 89 4.914771E-03 0 4.914771E-03
 21 90 5.996907E-03 0 5.996907E-03
 21 91 -2.369941E-02 0 -2.369941E-02
 21 92 6.486207E-02 6.333143E-02 1.530638E-03
 21 93 -4.644773E-03 0 -4.644773E-03
 21 94 -9.596953E-04 0 -9.596953E-04
 21 95 -6.961993E-04 0 -6.961993E-04
 21 96 2.107443E-02 2.087484E-02 1.995896E-04
 21 97 -2.280508E-04 0 -2.280508E-04
 21 98 9.143123E-03 9.09534E-03 4.778376E-05
 21 99 8.423721E-06 0 8.423721E-06
 21 100 5.100542E-06 0 5.100542E-06
 22 25 -2.589858E-04 0 -2.589858E-04
 22 26 3.249252E-04 0 3.249252E-04
 22 27 -1.727278E-03 0 -1.727278E-03
 22 28 -3.421095E-03 0 -3.421095E-03
 22 29 -6.639569E-04 0 -6.639569E-04
 22 30 2.257471E-03 0 2.257471E-03
 22 31 1.826222E-04 0 1.826222E-04
 22 32 -9.484591E-04 0 -9.484591E-04
 22 33 8.225231E-05 0 8.225231E-05
 22 34 1.210185E-04 0 1.210185E-04
 22 35 5.700568E-04 0 5.700568E-04
 22 36 2.813721E-04 0 2.813721E-04
 22 37 -4.449918E-04 0 -4.449918E-04
 22 38 1.228107E-04 0 1.228107E-04
 22 39 -4.843358E-04 0 -4.843358E-04
 22 40 1.468109E-04 0 1.468109E-04
 22 41 -1.02792E-04 0 -1.02792E-04
 22 42 9.76801E-05 0 9.76801E-05
 22 43 1.085701E-04 0 1.085701E-04
 22 44 4.425221E-05 0 4.425221E-05
 22 45 4.181043E-05 0 4.181043E-05
 22 46 3.565753E-05 0 3.565753E-05
 22 47 -1.971027E-04 0 -1.971027E-04
 22 48 3.481967E-05 0 3.481967E-05
 22 49 3.331532E-05 0 3.331532E-05
 22 50 -7.93384E-05 0 -7.93384E-05
 22 51 1.358909E-04 0 1.358909E-04
 22 52 2.088117E-05 0 2.088117E-05
 22 53 7.896012E-05 0 7.896012E-05
 22 54 -1.028059E-04 0 -1.028059E-04
 22 55 2.413355E-05 0 2.413355E-05
 22 56 1.310003E-05 0 1.310003E-05
 22 57 5.444185E-05 0 5.444185E-05
 22 58 3.893078E-05 0 3.893078E-05
 22 59 6.896733E-06 0 6.896733E-06
 22 60 -4.45831E-05 0 -4.45831E-05
 22 61 2.015811E-05 0 2.015811E-05
 22 62 3.494838E-05 0 3.494838E-05
 22 63 2.252951E-05 0 2.252951E-05
 22 64 2.964992E-05 0 2.964992E-05
 22 65 7.15547E-05 0 7.15547E-05
 22 66 2.428905E-04 0 2.428905E-04
 22 67 -1.516372E-03 0 -1.516372E-03
 22 68 -3.302366E-03 0 -3.302366E-03
 22 69 -2.845753E-02 0 -2.845753E-02
 22 70 1.031091E-02 0 1.031091E-02
 22 71 2.204312E-03 0 2.204312E-03
 22 72 3.148018E-03 0 3.148018E-03
 22 73 5.367534E-04 0 5.367534E-04
 22 74 -1.111911E-03 0 -1.111911E-03
 22 75 1.501507E-04 0 1.501507E-04
 22 76 4.96003E-05 0 4.96003E-05
 22 77 1.731903E-05 0 1.731903E-05
 22 78 1.196511E-04 0 1.196511E-04
 22 79 5.50842E-05 0 5.50842E-05
 22 80 -8.185046E-04 0 -8.185046E-04
 22 81 1.752961E-04 0 1.752961E-04
 22 82 2.003051E-04 0 2.003051E-04
 22 83 -9.398564E-04 0 -9.398564E-04
 22 84 1.100928E-03 0 1.100928E-03
 22 85 -6.562012E-03 0 -6.562012E-03
 22 86 7.068773E-03 0 7.068773E-03
 22 87 4.741506E-03 0 4.741506E-03
 22 88 2.957603E-03 0 2.957603E-03
 22 89 8.92596E-03 0 8.92596E-03
 22 90 5.479663E-03 0 5.479663E-03
 22 91 -1.032693E-02 0 -1.032693E-02
 22 92 7.625119E-04 0 7.625119E-04
 22 93 -1.282645E-03 0 -1.282645E-03
 22 94 -1.94562E-04 0 -1.94562E-04
 22 95 -1.96749E-04 0 -1.96749E-04
 22 96 6.011237E-05 0 6.011237E-05
 22 97 -6.382977E-05 0 -6.382977E-05
 22 98 1.57415E-05 0 1.57415E-05
 22 99 2.860292E-06 0 2.860292E-06
 22 100 1.774279E-06 0 1.774279E-06
 23 25 -4.069989E-04 0 -4.069989E-04
 23 26 5.768529E-04 0 5.768529E-04
 23 27 -3.148312E-03 0 -3.148312E-03
 23 28 -4.365349E-03 0 -4.365349E-03
 23 29 -1.091472E-03 0 -1.091472E-03
 23 30 2.375455E-03 0 2.375455E-03
 23 31 1.289669E-04 0 1.289669E-04
 23 32 -8.87829E-04 0 -8.87829E-04
 23 33 4.58898E-05 0 4.58898E-05
 23 34 6.030153E-05 0 6.030153E-05
 23 35 4.478057E-04 0 4.478057E-04
 23 36 1.594979E-04 0 1.594979E-04
 23 37 -4.946811E-04 0 -4.946811E-04
 23 38 9.113485E-05 0 9.113485E-05
 23 39 -6.533695E-04 0 -6.533695E-04
 23 40 1.94427E-04 0 1.94427E-04
 23 41 -2.219004E-04 0 -2.219004E-04
 23 42 1.643038E-04 0 1.643038E-04
 23 43 1.813907E-04 0 1.813907E-04
 23 44 6.947975E-05 0 6.947975E-05
 23 45 8.060457E-05 0 8.060457E-05
 23 46 5.628673E-05 0 5.628673E-05
 23 47 -5.322945E-04 0 -5.322945E-04
 23 48 6.51332E-05 0 6.51332E-05
 23 49 6.237808E-05 0 6.237808E-05
 23 50 -1.833267E-04 0 -1.833267E-04
 23 51 2.44846E-04 0 2.44846E-04
 23 52 2.477493E-05 0 2.477493E-05
 23 53 1.192031E-04 0 1.192031E-04
 23 54 -1.68594E-04 0 -1.68594E-04
 23 55 4.068811E-05 0 4.068811E-05
 23 56 1.589964E-05 0 1.589964E-05
 23 57 6.633854E-05 0 6.633854E-05
 23 58 4.130863E-05 0 4.130863E-05
 23 59 5.988055E-06 0 5.988055E-06
 23 60 -6.616876E-05 0 -6.616876E-05
 23 61 2.368154E-05 0 2.368154E-05
 23 62 4.70831E-05 0 4.70831E-05
 23 63 3.489952E-05 0 3.489952E-05
 23 64 5.381283E-05 0 5.381283E-05
 23 65 1.37387E-04 0 1.37387E-04
 23 66 4.215477E-04 0 4.215477E-04
 23 67 -3.504905E-03 0 -3.504905E-03
 23 68 -1.146052E-02 0 -1.146052E-02
 23 69 -0.149821 0 -0.149821
 23 70 5.23503E-02 0 5.23503E-02
 23 71 6.743946E-03 0 6.743946E-03
 23 72 1.341631E-02 0 1.341631E-02
 23 73 2.058764E-03 0 2.058764E-03
 23 74 -3.620704E-03 0 -3.620704E-03
 23 75 3.619783E-04 0 3.619783E-04
 23 76 1.048353E-04 0 1.048353E-04
 23 77 2.822989E-05 0 2.822989E-05
 23 78 2.906178E-04 0 2.906178E-04
 23 79 1.010777E-04 0 1.010777E-04
 23 80 -2.555569E-03 0 -2.555569E-03
 23 81 3.838096E-04 0 3.838096E-04
 23 82 6.31791E-04 0 6.31791E-04
 23 83 -4.260928E-03 0 -4.260928E-03
 23 84 4.951816E-03 0 4.951816E-03
 23 85 -3.790047E-02 0 -3.790047E-02
 23 86 2.585984E-02 0 2.585984E-02
 23 87 8.109318E-03 0 8.109318E-03
 23 88 3.443884E-03 0 3.443884E-03
 23 89 1.275252E-02 0 1.275252E-02
 23 90 5.535325E-03 0 5.535325E-03
 23 91 -2.279097E-02 0 -2.279097E-02
 23 92 9.365472E-04 0 9.365472E-04
 23 93 -1.878581E-03 0 -1.878581E-03
 23 94 -3.436529E-04 0 -3.436529E-04
 23 95 -2.634675E-04 0 -2.634675E-04
 23 96 7.728162E-05 0 7.728162E-05
 23 97 -7.84815E-05 0 -7.84815E-05
 23 98 1.765008E-05 0 1.765008E-05
 23 99 2.535198E-06 0 2.535198E-06
 23 100 1.465038E-06 0 1.465038E-06
 24 25 -2.140113E-03 0 -2.140113E-03
 24 26 9.493871E-04 0 9.493871E-04
 24 27 -3.166272E-02 0 -3.166272E-02
 24 28 -4.034154E-02 0 -4.034154E-02
 24 29 -1.271784E-02 0 -1.271784E-02
 24 30 8.535799E-03 0 8.535799E-03
 24 31 -6.039309E-05 0 -6.039309E-05
 24 32 -3.146078E-03 0 -3.146078E-03
 24 33 -1.519761E-05 0 -1.519761E-05
 24 34 -1.311005E-05 0 -1.311005E-05
 24 35 1.053713E-03 0 1.053713E-03
 24 36 -1.045073E-04 0 -1.045073E-04
 24 37 -3.410671E-03 0 -3.410671E-03
 24 38 -5.443929E-05 0 -5.443929E-05
 24 39 -3.554872E-03 0 -3.554872E-03
 24 40 5.209451E-04 0 5.209451E-04
 24 41 -1.212165E-03 0 -1.212165E-03
 24 42 2.971107E-04 0 2.971107E-04
 24 43 1.282848E-04 0 1.282848E-04
 24 44 4.092813E-05 0 4.092813E-05
 24 45 1.118127E-04 0 1.118127E-04
 24 46 -1.343311E-05 0 -1.343311E-05
 24 47 -1.70343E-03 0 -1.70343E-03
 24 48 9.340119E-05 0 9.340119E-05
 24 49 6.94821E-05 0 6.94821E-05
 24 50 -9.340709E-04 0 -9.340709E-04
 24 51 4.001858E-04 0 4.001858E-04
 24 52 2.017608E-05 0 2.017608E-05
 24 53 2.046436E-04 0 2.046436E-04
 24 54 -7.482572E-04 0 -7.482572E-04
 24 55 3.977015E-05 0 3.977015E-05
 24 56 2.777057E-05 0 2.777057E-05
 24 57 1.154851E-04 0 1.154851E-04
 24 58 8.853905E-05 0 8.853905E-05
 24 59 -1.013158E-06 0 -1.013158E-06
 24 60 -2.308875E-04 0 -2.308875E-04
 24 61 1.365729E-05 0 1.365729E-05
 24 62 2.75078E-05 0 2.75078E-05
 24 63 4.54235E-05 0 4.54235E-05
 24 64 4.047631E-05 0 4.047631E-05
 24 65 1.223586E-04 0 1.223586E-04
 24 66 5.018438E-04 0 5.018438E-04
 24 67 -1.286519E-02 0 -1.286519E-02
 24 68 -3.797663E-02 0 -3.797663E-02
 24 69 -0.238688 0 -0.238688
 24 70 -2.515285E-02 0 -2.515285E-02
 24 71 -2.045794E-04 0 -2.045794E-04
 24 72 6.332436E-03 0 6.332436E-03
 24 73 1.048175E-03 0 1.048175E-03
 24 74 -7.786772E-03 0 -7.786772E-03
 24 75 4.061657E-04 0 4.061657E-04
 24 76 1.262208E-04 0 1.262208E-04
 24 77 -2.921289E-06 0 -2.921289E-06
 24 78 2.197512E-04 0 2.197512E-04
 24 79 -1.963979E-05 0 -1.963979E-05
 24 80 -5.85768E-03 0 -5.85768E-03
 24 81 1.751545E-04 0 1.751545E-04
 24 82 4.354791E-04 0 4.354791E-04
 24 83 -7.176014E-03 0 -7.176014E-03
 24 84 2.449622E-03 0 2.449622E-03
 24 85 -0.114888 0 -0.114888
 24 86 2.544511E-02 0 2.544511E-02
 24 87 1.975716E-02 0 1.975716E-02
 24 88 1.842791E-02 0 1.842791E-02
 24 89 7.959955E-02 0 7.959955E-02
 24 90 4.124628E-03 0 4.124628E-03
 24 91 -0.220651 0 -0.220651
 24 92 -2.976899E-03 0 -2.976899E-03
 24 93 -7.985412E-03 0 -7.985412E-03
 24 94 -1.401173E-03 0 -1.401173E-03
 24 95 -6.89651E-04 0 -6.89651E-04
 24 96 7.108071E-05 0 7.108071E-05
 24 97 -1.583503E-04 0 -1.583503E-04
 24 98 1.488426E-05 0 1.488426E-05
 24 99 -2.500785E-07 0 -2.500785E-07
 24 100 -1.454961E-07 0 -1.454961E-07
