 1 25 -1.710833E-05 0 -1.710833E-05
 1 26 -6.215923E-06 0 -6.215923E-06
 1 27 -5.475888E-05 0 -5.475888E-05
 1 28 -1.085474E-04 0 -1.085474E-04
 1 29 -1.163371E-04 0 -1.163371E-04
 1 30 -3.845903E-05 0 -3.845903E-05
 1 31 -1.16951E-04 0 -1.16951E-04
 1 32 -2.020146E-03 0 -2.020146E-03
 1 33 -2.475071E-04 0 -2.475071E-04
 1 34 -5.735568E-05 0 -5.735568E-05
 1 35 -3.101864E-05 0 -3.101864E-05
 1 36 -2.769221E-05 0 -2.769221E-05
 1 37 -8.853828E-05 0 -8.853828E-05
 1 38 -9.244608E-06 0 -9.244608E-06
 1 39 -5.5243E-05 0 -5.5243E-05
 1 40 -4.325844E-06 0 -4.325844E-06
 1 41 -2.037471E-05 0 -2.037471E-05
 1 42 -3.005456E-06 0 -3.005456E-06
 1 43 -2.350635E-06 0 -2.350635E-06
 1 44 -1.89322E-06 0 -1.89322E-06
 1 45 -3.108708E-06 0 -3.108708E-06
 1 46 -7.932653E-06 0 -7.932653E-06
 1 47 -8.167842E-05 0 -8.167842E-05
 1 48 -9.214034E-06 0 -9.214034E-06
 1 49 -5.958882E-06 0 -5.958882E-06
 1 50 -4.681818E-05 0 -4.681818E-05
 1 51 -1.41205E-05 0 -1.41205E-05
 1 52 -6.920754E-06 0 -6.920754E-06
 1 53 -6.478094E-06 0 -6.478094E-06
 1 54 -1.023092E-04 0 -1.023092E-04
 1 55 -2.278254E-05 0 -2.278254E-05
 1 56 -6.798141E-06 0 -6.798141E-06
 1 57 -7.437943E-06 0 -7.437943E-06
 1 58 -1.855794E-05 0 -1.855794E-05
 1 59 -1.382515E-05 0 -1.382515E-05
 1 60 -2.585004E-04 0 -2.585004E-04
 1 61 -5.934204E-05 0 -5.934204E-05
 1 62 -5.540322E-05 0 -5.540322E-05
 1 63 -5.267152E-05 0 -5.267152E-05
 1 64 -1.905173E-04 0 -1.905173E-04
 1 65 -1.656576E-04 0 -1.656576E-04
 1 66 -3.162824E-04 0 -3.162824E-04
 1 67 -5.946561E-04 0 -5.946561E-04
 1 68 -6.235262E-04 0 -6.235262E-04
 1 69 -3.881461E-04 0 -3.881461E-04
 1 70 -4.65991E-05 0 -4.65991E-05
 1 71 -5.40086E-05 0 -5.40086E-05
 1 72 -5.395021E-05 0 -5.395021E-05
 1 73 -1.220847E-04 0 -1.220847E-04
 1 74 -2.911048E-04 0 -2.911048E-04
 1 75 -2.996631E-05 0 -2.996631E-05
 1 76 -1.688974E-05 0 -1.688974E-05
 1 77 -7.657887E-06 0 -7.657887E-06
 1 78 -2.120085E-05 0 -2.120085E-05
 1 79 -6.952595E-06 0 -6.952595E-06
 1 80 -4.945001E-05 0 -4.945001E-05
 1 81 -2.757526E-06 0 -2.757526E-06
 1 82 -4.24809E-06 0 -4.24809E-06
 1 83 -4.244423E-05 0 -4.244423E-05
 1 84 -4.706133E-06 0 -4.706133E-06
 1 85 -5.142256E-05 0 -5.142256E-05
 1 86 -8.249875E-06 0 -8.249875E-06
 1 87 -3.487664E-06 0 -3.487664E-06
 1 88 -6.036873E-06 0 -6.036873E-06
 1 89 -7.540344E-06 0 -7.540344E-06
 1 90 -2.611254E-05 0 -2.611254E-05
 1 91 -2.844027E-04 0 -2.844027E-04
 1 92 -2.547945E-04 0 -2.547945E-04
 1 93 -1.026804E-03 0 -1.026804E-03
 1 94 -1.718156E-03 0 -1.718156E-03
 1 95 -3.344068E-03 0 -3.344068E-03
 1 96 -1.830776E-03 0 -1.830776E-03
 1 97 -1.773521E-02 0 -1.773521E-02
 1 98 -2.534209E-03 0 -2.534209E-03
 1 99 -7.642079E-04 0 -7.642079E-04
 1 100 -7.05143E-04 0 -7.05143E-04
 2 25 -5.143188E-06 0 -5.143188E-06
 2 26 3.109439E-06 0 3.109439E-06
 2 27 -1.756564E-05 0 -1.756564E-05
 2 28 -3.893519E-05 0 -3.893519E-05
 2 29 -3.22914E-05 0 -3.22914E-05
 2 30 8.668573E-05 0 8.668573E-05
 2 31 3.26176E-05 0 3.26176E-05
 2 32 -5.809926E-04 0 -5.809926E-04
 2 33 5.609265E-05 0 5.609265E-05
 2 34 1.341043E-05 0 1.341043E-05
 2 35 6.441974E-05 0 6.441974E-05
 2 36 7.497967E-06 0 7.497967E-06
 2 37 -2.66492E-05 0 -2.66492E-05
 2 38 2.817968E-06 0 2.817968E-06
 2 39 -2.104058E-05 0 -2.104058E-05
 2 40 5.706425E-06 0 5.706425E-06
 2 41 -6.50647E-06 0 -6.50647E-06
 2 42 4.231381E-06 0 4.231381E-06
 2 43 2.270795E-06 0 2.270795E-06
 2 44 1.918321E-06 0 1.918321E-06
 2 45 4.623076E-06 0 4.623076E-06
 2 46 3.223143E-06 0 3.223143E-06
 2 47 -3.435435E-05 0 -3.435435E-05
 2 48 1.545933E-05 0 1.545933E-05
 2 49 7.382081E-06 0 7.382081E-06
 2 50 -1.64213E-05 0 -1.64213E-05
 2 51 4.734938E-05 0 4.734938E-05
 2 52 7.755728E-06 0 7.755728E-06
 2 53 2.007315E-05 0 2.007315E-05
 2 54 -3.930036E-05 0 -3.930036E-05
 2 55 1.438247E-05 0 1.438247E-05
 2 56 1.005657E-05 0 1.005657E-05
 2 57 2.151205E-05 0 2.151205E-05
 2 58 2.578467E-05 0 2.578467E-05
 2 59 5.535119E-06 0 5.535119E-06
 2 60 -1.110696E-04 0 -1.110696E-04
 2 61 3.1953E-05 0 3.1953E-05
 2 62 2.973506E-05 0 2.973506E-05
 2 63 1.111444E-04 0 1.111444E-04
 2 64 1.623592E-04 0 1.623592E-04
 2 65 1.172369E-04 0 1.172369E-04
 2 66 1.848459E-04 0 1.848459E-04
 2 67 -2.595812E-04 0 -2.595812E-04
 2 68 -2.192501E-04 0 -2.192501E-04
 2 69 -1.485338E-04 0 -1.485338E-04
 2 70 6.128671E-06 0 6.128671E-06
 2 71 1.729297E-05 0 1.729297E-05
 2 72 1.593972E-04 0 1.593972E-04
 2 73 7.769823E-05 0 7.769823E-05
 2 74 -1.384848E-04 0 -1.384848E-04
 2 75 5.391186E-05 0 5.391186E-05
 2 76 3.028378E-05 0 3.028378E-05
 2 77 3.598929E-06 0 3.598929E-06
 2 78 1.18966E-05 0 1.18966E-05
 2 79 2.741195E-06 0 2.741195E-06
 2 80 -2.120465E-05 0 -2.120465E-05
 2 81 2.687332E-06 0 2.687332E-06
 2 82 6.029366E-06 0 6.029366E-06
 2 83 -1.517135E-05 0 -1.517135E-05
 2 84 4.810062E-06 0 4.810062E-06
 2 85 -1.714392E-05 0 -1.714392E-05
 2 86 3.955565E-06 0 3.955565E-06
 2 87 8.638077E-06 0 8.638077E-06
 2 88 7.040637E-06 0 7.040637E-06
 2 89 5.99072E-06 0 5.99072E-06
 2 90 7.443985E-06 0 7.443985E-06
 2 91 -1.014433E-04 0 -1.014433E-04
 2 92 2.453526E-06 0 2.453526E-06
 2 93 -3.889701E-04 0 -3.889701E-04
 2 94 -5.705507E-04 0 -5.705507E-04
 2 95 -1.738451E-03 0 -1.738451E-03
 2 96 1.537785E-03 0 1.537785E-03
 2 97 -1.657791E-02 0 -1.657791E-02
 2 98 3.105146E-03 0 3.105146E-03
 2 99 1.056466E-03 0 1.056466E-03
 2 100 8.558859E-04 0 8.558859E-04
 3 25 -5.400781E-06 0 -5.400781E-06
 3 26 9.978604E-06 0 9.978604E-06
 3 27 -2.55914E-05 0 -2.55914E-05
 3 28 -5.545795E-05 0 -5.545795E-05
 3 29 -2.878885E-05 0 -2.878885E-05
 3 30 -1.945606E-02 -1.953144E-02 7.538034E-05
 3 31 1.14144E-04 0 1.14144E-04
 3 32 -1.076519E-03 0 -1.076519E-03
 3 33 1.73247E-04 0 1.73247E-04
 3 34 7.558902E-05 0 7.558902E-05
 3 35 -1.497401E-02 -1.502104E-02 4.702522E-05
 3 36 2.264109E-05 0 2.264109E-05
 3 37 -3.592058E-05 0 -3.592058E-05
 3 38 8.060972E-06 0 8.060972E-06
 3 39 -2.923827E-05 0 -2.923827E-05
 3 40 4.321188E-03 4.305903E-03 1.528494E-05
 3 41 -5.084893E-06 0 -5.084893E-06
 3 42 3.495675E-03 3.484194E-03 1.148043E-05
 3 43 5.426986E-06 0 5.426986E-06
 3 44 4.467774E-06 0 4.467774E-06
 3 45 4.500518E-03 4.487772E-03 1.274563E-05
 3 46 1.018469E-05 0 1.018469E-05
 3 47 -5.416182E-05 0 -5.416182E-05
 3 48 1.053852E-02 1.04929E-02 4.562502E-05
 3 49 1.577067E-05 0 1.577067E-05
 3 50 -1.367222E-05 0 -1.367222E-05
 3 51 -1.321439E-02 -1.325227E-02 3.788025E-05
 3 52 1.765083E-05 0 1.765083E-05
 3 53 -7.153803E-03 -7.167934E-03 1.413115E-05
 3 54 -5.39893E-05 0 -5.39893E-05
 3 55 4.354241E-05 0 4.354241E-05
 3 56 6.971981E-03 6.948028E-03 2.395341E-05
 3 57 -7.085431E-03 -7.099358E-03 1.392754E-05
 3 58 1.122729E-02 1.116318E-02 6.411163E-05
 3 59 2.622315E-05 0 2.622315E-05
 3 60 -1.440829E-04 0 -1.440829E-04
 3 61 1.248531E-04 0 1.248531E-04
 3 62 1.313915E-04 0 1.313915E-04
 3 63 3.271987E-02 3.236096E-02 3.589067E-04
 3 64 6.338814E-04 0 6.338814E-04
 3 65 5.069423E-04 0 5.069423E-04
 3 66 -4.722389E-02 -4.722501E-02 1.119081E-06
 3 67 -5.594495E-04 0 -5.594495E-04
 3 68 -5.085164E-04 0 -5.085164E-04
 3 69 -2.950874E-04 0 -2.950874E-04
 3 70 5.798164E-05 0 5.798164E-05
 3 71 1.591725E-04 0 1.591725E-04
 3 72 -3.187727E-02 -3.207557E-02 1.983011E-04
 3 73 4.407017E-04 0 4.407017E-04
 3 74 -2.831545E-04 0 -2.831545E-04
 3 75 2.169347E-02 2.149021E-02 2.032649E-04
 3 76 1.680733E-02 1.67065E-02 1.008303E-04
 3 77 2.241846E-05 0 2.241846E-05
 3 78 -9.196538E-03 -9.196589E-03 5.105622E-08
 3 79 8.836119E-06 0 8.836119E-06
 3 80 -3.324088E-05 0 -3.324088E-05
 3 81 6.728976E-06 0 6.728976E-06
 3 82 5.838547E-03 5.820111E-03 1.843647E-05
 3 83 -2.084032E-05 0 -2.084032E-05
 3 84 1.138281E-05 0 1.138281E-05
 3 85 -2.701867E-05 0 -2.701867E-05
 3 86 1.391985E-05 0 1.391985E-05
 3 87 -4.209189E-03 -4.215771E-03 6.581593E-06
 3 88 5.269905E-03 5.249727E-03 2.017896E-05
 3 89 1.577656E-05 0 1.577656E-05
 3 90 2.606922E-05 0 2.606922E-05
 3 91 -1.866466E-04 0 -1.866466E-04
 3 92 -1.619951E-02 -1.624434E-02 4.483198E-05
 3 93 -8.026279E-04 0 -8.026279E-04
 3 94 -8.109495E-04 0 -8.109495E-04
 3 95 -3.771267E-03 0 -3.771267E-03
 3 96 -0.114996 -0.115006 1.021402E-05
 3 97 -3.267045E-02 0 -3.267045E-02
 3 98 -0.110625 -0.110634 9.195474E-06
 3 99 3.676657E-03 0 3.676657E-03
 3 100 1.758642E-03 0 1.758642E-03
 4 25 -3.507108E-06 0 -3.507108E-06
 4 26 1.363037E-05 0 1.363037E-05
 4 27 -3.512056E-05 0 -3.512056E-05
 4 28 -8.704896E-05 0 -8.704896E-05
 4 29 -2.866464E-05 0 -2.866464E-05
 4 30 -3.060334E-02 -3.080091E-02 1.97568E-04
 4 31 2.601289E-04 0 2.601289E-04
 4 32 -2.847102E-03 0 -2.847102E-03
 4 33 4.40113E-04 0 4.40113E-04
 4 34 1.081578E-04 0 1.081578E-04
 4 35 -2.434824E-02 -2.447329E-02 1.250517E-04
 4 36 3.772862E-05 0 3.772862E-05
 4 37 -5.87885E-05 0 -5.87885E-05
 4 38 1.169408E-05 0 1.169408E-05
 4 39 -4.072147E-05 0 -4.072147E-05
 4 40 6.353724E-03 6.33286E-03 2.08642E-05
 4 41 -3.822865E-06 0 -3.822865E-06
 4 42 4.802247E-03 4.788295E-03 1.395193E-05
 4 43 5.490765E-06 0 5.490765E-06
 4 44 4.356229E-06 0 4.356229E-06
 4 45 6.006419E-03 5.992497E-03 1.392116E-05
 4 46 1.173405E-05 0 1.173405E-05
 4 47 -7.031249E-05 0 -7.031249E-05
 4 48 1.451173E-02 1.445518E-02 5.654835E-05
 4 49 1.793763E-05 0 1.793763E-05
 4 50 -1.140962E-05 0 -1.140962E-05
 4 51 -1.975049E-02 -1.983445E-02 8.395852E-05
 4 52 2.346288E-05 0 2.346288E-05
 4 53 -1.093537E-02 -1.096525E-02 2.987242E-05
 4 54 -9.207378E-05 0 -9.207378E-05
 4 55 7.98363E-05 0 7.98363E-05
 4 56 1.10369E-02 1.100123E-02 3.56697E-05
 4 57 -1.143945E-02 -1.147163E-02 3.217972E-05
 4 58 1.870299E-02 1.858079E-02 1.221983E-04
 4 59 3.458691E-05 0 3.458691E-05
 4 60 -3.016784E-04 0 -3.016784E-04
 4 61 2.460929E-04 0 2.460929E-04
 4 62 2.379449E-04 0 2.379449E-04
 4 63 4.799636E-02 4.740498E-02 5.913836E-04
 4 64 1.608275E-03 0 1.608275E-03
 4 65 1.313607E-03 0 1.313607E-03
 4 66 -7.237152E-02 -7.232104E-02 -5.048024E-05
 4 67 -9.48336E-04 0 -9.48336E-04
 4 68 -7.702545E-04 0 -7.702545E-04
 4 69 -3.888341E-04 0 -3.888341E-04
 4 70 4.980598E-05 0 4.980598E-05
 4 71 1.09469E-04 0 1.09469E-04
 4 72 -3.636961E-02 -3.665332E-02 2.837031E-04
 4 73 5.768945E-04 0 5.768945E-04
 4 74 -3.416261E-04 0 -3.416261E-04
 4 75 2.690331E-02 2.666061E-02 2.427057E-04
 4 76 2.187088E-02 2.175235E-02 1.185312E-04
 4 77 1.742191E-05 0 1.742191E-05
 4 78 -1.122785E-02 -1.122668E-02 -1.162363E-06
 4 79 9.356508E-06 0 9.356508E-06
 4 80 -3.560165E-05 0 -3.560165E-05
 4 81 6.226576E-06 0 6.226576E-06
 4 82 6.853448E-03 6.83653E-03 1.691797E-05
 4 83 -2.258614E-05 0 -2.258614E-05
 4 84 1.005347E-05 0 1.005347E-05
 4 85 -3.037922E-05 0 -3.037922E-05
 4 86 1.652775E-05 0 1.652775E-05
 4 87 -5.64913E-03 -5.659918E-03 1.078796E-05
 4 88 7.366355E-03 7.34033E-03 2.602495E-05
 4 89 1.804306E-05 0 1.804306E-05
 4 90 3.669634E-05 0 3.669634E-05
 4 91 -2.797422E-04 0 -2.797422E-04
 4 92 -2.440533E-02 -2.436677E-02 -3.856933E-05
 4 93 -1.823483E-03 0 -1.823483E-03
 4 94 -1.552058E-03 0 -1.552058E-03
 4 95 -1.47805E-02 0 -1.47805E-02
 4 96 -0.205762 -0.204907 -8.557366E-04
 4 97 -0.102296 0 -0.102296
 4 98 -0.179286 -0.178702 -5.831078E-04
 4 99 4.018834E-03 0 4.018834E-03
 4 100 1.759073E-03 0 1.759073E-03
 5 25 -1.318981E-05 0 -1.318981E-05
 5 26 2.546855E-05 0 2.546855E-05
 5 27 -7.211482E-05 0 -7.211482E-05
 5 28 -1.59965E-04 0 -1.59965E-04
 5 29 -9.917921E-05 0 -9.917921E-05
 5 30 -3.597693E-02 -3.623264E-02 2.557103E-04
 5 31 4.294433E-04 0 4.294433E-04
 5 32 -4.219786E-03 0 -4.219786E-03
 5 33 4.607921E-04 0 4.607921E-04
 5 34 1.844348E-04 0 1.844348E-04
 5 35 -2.495969E-02 -2.508084E-02 1.211558E-04
 5 36 6.076887E-05 0 6.076887E-05
 5 37 -9.717555E-05 0 -9.717555E-05
 5 38 2.096465E-05 0 2.096465E-05
 5 39 -8.254274E-05 0 -8.254274E-05
 5 40 8.403588E-03 8.363205E-03 4.03828E-05
 5 41 -1.414679E-05 0 -1.414679E-05
 5 42 6.891191E-03 6.861343E-03 2.984805E-05
 5 43 1.424192E-05 0 1.424192E-05
 5 44 1.145346E-05 0 1.145346E-05
 5 45 9.016296E-03 8.980738E-03 3.555863E-05
 5 46 3.197027E-05 0 3.197027E-05
 5 47 -2.028843E-04 0 -2.028843E-04
 5 48 2.213075E-02 2.196393E-02 1.668206E-04
 5 49 5.050564E-05 0 5.050564E-05
 5 50 -4.76101E-05 0 -4.76101E-05
 5 51 -2.794055E-02 -2.80921E-02 1.515417E-04
 5 52 5.879509E-05 0 5.879509E-05
 5 53 -1.432051E-02 -1.436402E-02 4.350366E-05
 5 54 -1.871337E-04 0 -1.871337E-04
 5 55 1.466861E-04 0 1.466861E-04
 5 56 1.334828E-02 1.328073E-02 6.754604E-05
 5 57 -1.331546E-02 -1.335384E-02 3.837672E-05
 5 58 2.103993E-02 2.084793E-02 1.919985E-04
 5 59 7.918574E-05 0 7.918574E-05
 5 60 -5.481089E-04 0 -5.481089E-04
 5 61 5.224986E-04 0 5.224986E-04
 5 62 6.372129E-04 0 6.372129E-04
 5 63 7.318733E-02 7.10639E-02 2.123422E-03
 5 64 4.546544E-03 0 4.546544E-03
 5 65 3.848916E-03 0 3.848916E-03
 5 66 -0.11626 -0.116271 1.052265E-05
 5 67 -3.650684E-03 0 -3.650684E-03
 5 68 -2.962816E-03 0 -2.962816E-03
 5 69 -1.16091E-03 0 -1.16091E-03
 5 70 1.776928E-04 0 1.776928E-04
 5 71 5.378611E-04 0 5.378611E-04
 5 72 -6.092973E-02 -6.177869E-02 8.48967E-04
 5 73 2.756116E-03 0 2.756116E-03
 5 74 -1.430039E-03 0 -1.430039E-03
 5 75 4.67982E-02 4.583636E-02 9.61843E-04
 5 76 3.606951E-02 3.563082E-02 4.386915E-04
 5 77 7.805745E-05 0 7.805745E-05
 5 78 -1.837098E-02 -1.837115E-02 1.655054E-07
 5 79 2.590976E-05 0 2.590976E-05
 5 80 -9.867436E-05 0 -9.867436E-05
 5 81 1.742364E-05 0 1.742364E-05
 5 82 1.092214E-02 1.087378E-02 4.8359E-05
 5 83 -5.983191E-05 0 -5.983191E-05
 5 84 2.902095E-05 0 2.902095E-05
 5 85 -7.406216E-05 0 -7.406216E-05
 5 86 3.418043E-05 0 3.418043E-05
 5 87 -7.675336E-03 -7.691065E-03 1.572952E-05
 5 88 9.630404E-03 9.580373E-03 5.003086E-05
 5 89 4.286189E-05 0 4.286189E-05
 5 90 7.851198E-05 0 7.851198E-05
 5 91 -7.25154E-04 0 -7.25154E-04
 5 92 -3.241767E-02 -3.263109E-02 2.134144E-04
 5 93 -4.899357E-03 0 -4.899357E-03
 5 94 -8.902111E-03 0 -8.902111E-03
 5 95 -4.127856E-02 0 -4.127856E-02
 5 96 -0.310765 -0.31087 1.052185E-04
 5 97 -6.042462E-02 0 -6.042462E-02
 5 98 -0.172643 -0.172674 3.166582E-05
 5 99 7.611049E-03 0 7.611049E-03
 5 100 1.948716E-03 0 1.948716E-03
 6 25 -1.229363E-05 0 -1.229363E-05
 6 26 2.33759E-05 0 2.33759E-05
 6 27 -6.731197E-05 0 -6.731197E-05
 6 28 -1.472469E-04 0 -1.472469E-04
 6 29 -8.198273E-05 0 -8.198273E-05
 6 30 -3.404015E-02 -3.426758E-02 2.274304E-04
 6 31 3.147511E-04 0 3.147511E-04
 6 32 -3.3985E-03 0 -3.3985E-03
 6 33 3.546913E-04 0 3.546913E-04
 6 34 1.685538E-04 0 1.685538E-04
 6 35 -2.275065E-02 -2.285189E-02 1.012385E-04
 6 36 5.376997E-05 0 5.376997E-05
 6 37 -7.885703E-05 0 -7.885703E-05
 6 38 1.762696E-05 0 1.762696E-05
 6 39 -6.568544E-05 0 -6.568544E-05
 6 40 7.40306E-03 7.369812E-03 3.324783E-05
 6 41 -1.155167E-05 0 -1.155167E-05
 6 42 6.192134E-03 6.166659E-03 2.547534E-05
 6 43 1.30576E-05 0 1.30576E-05
 6 44 1.007187E-05 0 1.007187E-05
 6 45 7.822043E-03 7.793526E-03 2.851738E-05
 6 46 2.476827E-05 0 2.476827E-05
 6 47 -1.463668E-04 0 -1.463668E-04
 6 48 1.71217E-02 1.701749E-02 1.042165E-04
 6 49 3.364086E-05 0 3.364086E-05
 6 50 -3.243566E-05 0 -3.243566E-05
 6 51 -2.099584E-02 -2.108275E-02 8.691037E-05
 6 52 3.375831E-05 0 3.375831E-05
 6 53 -1.087528E-02 -1.090262E-02 2.733831E-05
 6 54 -1.103663E-04 0 -1.103663E-04
 6 55 7.581611E-05 0 7.581611E-05
 6 56 9.482906E-03 9.444393E-03 3.851281E-05
 6 57 -9.867086E-03 -9.890426E-03 2.333947E-05
 6 58 1.523586E-02 1.512844E-02 1.07417E-04
 6 59 3.8945E-05 0 3.8945E-05
 6 60 -2.304334E-04 0 -2.304334E-04
 6 61 2.003205E-04 0 2.003205E-04
 6 62 2.698901E-04 0 2.698901E-04
 6 63 4.543814E-02 4.472091E-02 7.172383E-04
 6 64 1.179783E-03 0 1.179783E-03
 6 65 1.355891E-03 0 1.355891E-03
 6 66 -8.662934E-02 -8.663416E-02 4.823069E-06
 6 67 -2.682272E-03 0 -2.682272E-03
 6 68 -3.382196E-03 0 -3.382196E-03
 6 69 -1.605546E-03 0 -1.605546E-03
 6 70 2.993232E-04 0 2.993232E-04
 6 71 1.162403E-03 0 1.162403E-03
 6 72 -7.34868E-02 -7.484297E-02 1.356167E-03
 6 73 2.97332E-03 0 2.97332E-03
 6 74 -1.251319E-03 0 -1.251319E-03
 6 75 4.078159E-02 4.006602E-02 7.155762E-04
 6 76 2.86846E-02 2.840919E-02 2.754097E-04
 6 77 5.610685E-05 0 5.610685E-05
 6 78 -1.6703E-02 -1.670314E-02 1.393766E-07
 6 79 2.298621E-05 0 2.298621E-05
 6 80 -9.387673E-05 0 -9.387673E-05
 6 81 1.776589E-05 0 1.776589E-05
 6 82 1.144279E-02 1.139059E-02 5.219882E-05
 6 83 -6.822222E-05 0 -6.822222E-05
 6 84 3.379964E-05 0 3.379964E-05
 6 85 -8.475663E-05 0 -8.475663E-05
 6 86 4.033291E-05 0 4.033291E-05
 6 87 -8.106403E-03 -8.123514E-03 1.711148E-05
 6 88 9.92402E-03 9.871531E-03 5.248932E-05
 6 89 4.808326E-05 0 4.808326E-05
 6 90 8.663483E-05 0 8.663483E-05
 6 91 -7.343663E-04 0 -7.343663E-04
 6 92 -3.28007E-02 -3.302034E-02 2.196381E-04
 6 93 -3.313525E-03 0 -3.313525E-03
 6 94 -4.097357E-03 0 -4.097357E-03
 6 95 -9.973783E-03 0 -9.973783E-03
 6 96 -0.151122 -0.151144 2.178377E-05
 6 97 -2.516212E-02 0 -2.516212E-02
 6 98 -8.451749E-02 -8.452202E-02 4.526976E-06
 6 99 1.230701E-03 0 1.230701E-03
 6 100 4.591701E-04 0 4.591701E-04
 7 25 -1.275777E-05 0 -1.275777E-05
 7 26 2.623698E-05 0 2.623698E-05
 7 27 -7.891289E-05 0 -7.891289E-05
 7 28 -1.980391E-04 0 -1.980391E-04
 7 29 -1.147818E-04 0 -1.147818E-04
 7 30 -4.415596E-02 -4.455611E-02 4.001415E-04
 7 31 6.506277E-04 0 6.506277E-04
 7 32 -1.029626E-02 0 -1.029626E-02
 7 33 1.098608E-03 0 1.098608E-03
 7 34 4.349348E-04 0 4.349348E-04
 7 35 -3.240982E-02 -3.261506E-02 2.052395E-04
 7 36 9.237852E-05 0 9.237852E-05
 7 37 -1.173985E-04 0 -1.173985E-04
 7 38 2.339361E-05 0 2.339361E-05
 7 39 -7.787646E-05 0 -7.787646E-05
 7 40 7.849119E-03 7.81277E-03 3.634829E-05
 7 41 -1.141451E-05 0 -1.141451E-05
 7 42 5.882651E-03 5.859013E-03 2.363836E-05
 7 43 1.150626E-05 0 1.150626E-05
 7 44 8.31042E-06 0 8.31042E-06
 7 45 6.886703E-03 6.863187E-03 2.351584E-05
 7 46 1.875547E-05 0 1.875547E-05
 7 47 -1.113919E-04 0 -1.113919E-04
 7 48 1.455243E-02 1.447411E-02 7.832114E-05
 7 49 2.839036E-05 0 2.839036E-05
 7 50 -2.97446E-05 0 -2.97446E-05
 7 51 -1.98357E-02 -1.991384E-02 7.813475E-05
 7 52 3.095008E-05 0 3.095008E-05
 7 53 -1.103234E-02 -1.106033E-02 2.799029E-05
 7 54 -1.220958E-04 0 -1.220958E-04
 7 55 8.045953E-05 0 8.045953E-05
 7 56 1.002642E-02 9.984316E-03 4.209988E-05
 7 57 -1.112991E-02 -1.115831E-02 2.839928E-05
 7 58 1.782284E-02 1.768107E-02 1.417703E-04
 7 59 4.6925E-05 0 4.6925E-05
 7 60 -2.611021E-04 0 -2.611021E-04
 7 61 1.846012E-04 0 1.846012E-04
 7 62 2.192616E-04 0 2.192616E-04
 7 63 3.752379E-02 3.704734E-02 4.764414E-04
 7 64 9.390937E-04 0 9.390937E-04
 7 65 1.279381E-03 0 1.279381E-03
 7 66 -7.822713E-02 -7.823085E-02 3.719847E-06
 7 67 -2.421127E-03 0 -2.421127E-03
 7 68 -2.943804E-03 0 -2.943804E-03
 7 69 -1.476452E-03 0 -1.476452E-03
 7 70 2.552757E-04 0 2.552757E-04
 7 71 8.264558E-04 0 8.264558E-04
 7 72 -5.803685E-02 -5.879153E-02 7.546816E-04
 7 73 1.563238E-03 0 1.563238E-03
 7 74 -7.840818E-04 0 -7.840818E-04
 7 75 3.04308E-02 3.003948E-02 3.913176E-04
 7 76 2.236075E-02 2.219065E-02 1.701013E-04
 7 77 3.457838E-05 0 3.457838E-05
 7 78 -1.301546E-02 -1.301555E-02 9.025508E-08
 7 79 1.679389E-05 0 1.679389E-05
 7 80 -7.488759E-05 0 -7.488759E-05
 7 81 1.418535E-05 0 1.418535E-05
 7 82 9.379748E-03 9.341898E-03 3.784977E-05
 7 83 -5.126649E-05 0 -5.126649E-05
 7 84 2.83925E-05 0 2.83925E-05
 7 85 -7.837269E-05 0 -7.837269E-05
 7 86 4.16024E-05 0 4.16024E-05
 7 87 -8.575358E-03 -8.594036E-03 1.867809E-05
 7 88 1.110907E-02 1.104606E-02 6.300907E-05
 7 89 5.763601E-05 0 5.763601E-05
 7 90 1.176328E-04 0 1.176328E-04
 7 91 -9.212617E-04 0 -9.212617E-04
 7 92 -3.870228E-02 -3.903456E-02 3.322833E-04
 7 93 -5.071992E-03 0 -5.071992E-03
 7 94 -5.88496E-03 0 -5.88496E-03
 7 95 -1.239006E-02 0 -1.239006E-02
 7 96 -0.133495 -0.13351 1.539829E-05
 7 97 -2.171103E-02 0 -2.171103E-02
 7 98 -7.745585E-02 -7.745948E-02 3.628299E-06
 7 99 7.225158E-04 0 7.225158E-04
 7 100 3.575649E-04 0 3.575649E-04
 8 25 -1.852494E-04 0 -1.852494E-04
 8 26 -1.274429E-04 0 -1.274429E-04
 8 27 -9.620205E-04 0 -9.620205E-04
 8 28 -2.12064E-03 0 -2.12064E-03
 8 29 -4.201759E-03 0 -4.201759E-03
 8 30 -3.437454E-03 0 -3.437454E-03
 8 31 -1.223081E-02 0 -1.223081E-02
 8 32 -0.216722 0 -0.216722
 8 33 -1.54375E-02 0 -1.54375E-02
 8 34 -2.306637E-03 0 -2.306637E-03
 8 35 -1.420855E-03 0 -1.420855E-03
 8 36 -1.040515E-03 0 -1.040515E-03
 8 37 -1.585056E-03 0 -1.585056E-03
 8 38 -2.382097E-04 0 -2.382097E-04
 8 39 -8.155928E-04 0 -8.155928E-04
 8 40 -8.705628E-05 0 -8.705628E-05
 8 41 -2.9791E-04 0 -2.9791E-04
 8 42 -5.198815E-05 0 -5.198815E-05
 8 43 -5.312459E-05 0 -5.312459E-05
 8 44 -3.728202E-05 0 -3.728202E-05
 8 45 -4.955639E-05 0 -4.955639E-05
 8 46 -1.812159E-04 0 -1.812159E-04
 8 47 -1.518898E-03 0 -1.518898E-03
 8 48 -2.038881E-04 0 -2.038881E-04
 8 49 -1.495175E-04 0 -1.495175E-04
 8 50 -9.414739E-04 0 -9.414739E-04
 8 51 -6.245433E-04 0 -6.245433E-04
 8 52 -1.953319E-04 0 -1.953319E-04
 8 53 -1.89834E-04 0 -1.89834E-04
 8 54 -1.963945E-03 0 -1.963945E-03
 8 55 -5.526257E-04 0 -5.526257E-04
 8 56 -1.090184E-04 0 -1.090184E-04
 8 57 -1.911118E-04 0 -1.911118E-04
 8 58 -4.50499E-04 0 -4.50499E-04
 8 59 -2.784135E-04 0 -2.784135E-04
 8 60 -4.795453E-03 0 -4.795453E-03
 8 61 -1.320214E-03 0 -1.320214E-03
 8 62 -1.63042E-03 0 -1.63042E-03
 8 63 -1.703736E-03 0 -1.703736E-03
 8 64 -9.935363E-03 0 -9.935363E-03
 8 65 -1.698879E-02 0 -1.698879E-02
 8 66 -4.120945E-02 0 -4.120945E-02
 8 67 -4.874651E-02 0 -4.874651E-02
 8 68 -5.740523E-02 0 -5.740523E-02
 8 69 -1.541161E-02 0 -1.541161E-02
 8 70 -1.737984E-03 0 -1.737984E-03
 8 71 -2.68848E-03 0 -2.68848E-03
 8 72 -3.912746E-03 0 -3.912746E-03
 8 73 -1.065032E-02 0 -1.065032E-02
 8 74 -9.557192E-03 0 -9.557192E-03
 8 75 -1.084257E-03 0 -1.084257E-03
 8 76 -4.531584E-04 0 -4.531584E-04
 8 77 -1.555435E-04 0 -1.555435E-04
 8 78 -3.469071E-04 0 -3.469071E-04
 8 79 -1.469779E-04 0 -1.469779E-04
 8 80 -6.597497E-04 0 -6.597497E-04
 8 81 -6.048984E-05 0 -6.048984E-05
 8 82 -6.656217E-05 0 -6.656217E-05
 8 83 -6.852512E-04 0 -6.852512E-04
 8 84 -1.068547E-04 0 -1.068547E-04
 8 85 -7.948279E-04 0 -7.948279E-04
 8 86 -1.728491E-04 0 -1.728491E-04
 8 87 -8.933007E-05 0 -8.933007E-05
 8 88 -1.354472E-04 0 -1.354472E-04
 8 89 -2.831978E-04 0 -2.831978E-04
 8 90 -1.243787E-03 0 -1.243787E-03
 8 91 -1.23287E-02 0 -1.23287E-02
 8 92 -2.967293E-02 0 -2.967293E-02
 8 93 -0.139417 0 -0.139417
 8 94 -0.294991 0 -0.294991
 8 95 -0.423479 0 -0.423479
 8 96 -0.153683 0 -0.153683
 8 97 -0.33419 0 -0.33419
 8 98 -1.690859E-02 0 -1.690859E-02
 8 99 -2.558038E-03 0 -2.558038E-03
 8 100 -1.063227E-03 0 -1.063227E-03
 9 25 -2.420424E-04 0 -2.420424E-04
 9 26 -1.386475E-04 0 -1.386475E-04
 9 27 -1.244042E-03 0 -1.244042E-03
 9 28 -2.478037E-03 0 -2.478037E-03
 9 29 -4.487924E-03 0 -4.487924E-03
 9 30 -2.358047E-03 0 -2.358047E-03
 9 31 -6.769919E-03 0 -6.769919E-03
 9 32 -9.153706E-02 0 -9.153706E-02
 9 33 -4.835338E-03 0 -4.835338E-03
 9 34 -1.069064E-03 0 -1.069064E-03
 9 35 -6.658889E-04 0 -6.658889E-04
 9 36 -8.126067E-04 0 -8.126067E-04
 9 37 -1.355335E-03 0 -1.355335E-03
 9 38 -2.208024E-04 0 -2.208024E-04
 9 39 -8.996812E-04 0 -8.996812E-04
 9 40 -8.336994E-05 0 -8.336994E-05
 9 41 -3.72964E-04 0 -3.72964E-04
 9 42 -5.786995E-05 0 -5.786995E-05
 9 43 -6.65046E-05 0 -6.65046E-05
 9 44 -4.572617E-05 0 -4.572617E-05
 9 45 -6.10635E-05 0 -6.10635E-05
 9 46 -2.602094E-04 0 -2.602094E-04
 9 47 -2.368577E-03 0 -2.368577E-03
 9 48 -2.376367E-04 0 -2.376367E-04
 9 49 -1.328289E-04 0 -1.328289E-04
 9 50 -1.152912E-03 0 -1.152912E-03
 9 51 -5.113262E-04 0 -5.113262E-04
 9 52 -1.614746E-04 0 -1.614746E-04
 9 53 -1.35397E-04 0 -1.35397E-04
 9 54 -1.706766E-03 0 -1.706766E-03
 9 55 -3.73182E-04 0 -3.73182E-04
 9 56 -7.477544E-05 0 -7.477544E-05
 9 57 -1.066386E-04 0 -1.066386E-04
 9 58 -2.445864E-04 0 -2.445864E-04
 9 59 -1.516683E-04 0 -1.516683E-04
 9 60 -2.827489E-03 0 -2.827489E-03
 9 61 -7.768278E-04 0 -7.768278E-04
 9 62 -1.282677E-03 0 -1.282677E-03
 9 63 -1.389962E-03 0 -1.389962E-03
 9 64 -5.430244E-03 0 -5.430244E-03
 9 65 -1.118763E-02 0 -1.118763E-02
 9 66 -5.162349E-02 0 -5.162349E-02
 9 67 -0.107672 0 -0.107672
 9 68 -0.218797 0 -0.218797
 9 69 -5.342574E-02 0 -5.342574E-02
 9 70 -5.870935E-03 0 -5.870935E-03
 9 71 -1.309543E-02 0 -1.309543E-02
 9 72 -1.526595E-02 0 -1.526595E-02
 9 73 -4.438404E-02 0 -4.438404E-02
 9 74 -2.777838E-02 0 -2.777838E-02
 9 75 -2.069627E-03 0 -2.069627E-03
 9 76 -6.644502E-04 0 -6.644502E-04
 9 77 -2.304227E-04 0 -2.304227E-04
 9 78 -5.494522E-04 0 -5.494522E-04
 9 79 -2.385985E-04 0 -2.385985E-04
 9 80 -1.226E-03 0 -1.226E-03
 9 81 -8.896705E-05 0 -8.896705E-05
 9 82 -1.155206E-04 0 -1.155206E-04
 9 83 -1.466334E-03 0 -1.466334E-03
 9 84 -1.520198E-04 0 -1.520198E-04
 9 85 -1.512112E-03 0 -1.512112E-03
 9 86 -2.586819E-04 0 -2.586819E-04
 9 87 -9.807252E-05 0 -9.807252E-05
 9 88 -1.538089E-04 0 -1.538089E-04
 9 89 -3.724124E-04 0 -3.724124E-04
 9 90 -1.757245E-03 0 -1.757245E-03
 9 91 -2.223454E-02 0 -2.223454E-02
 9 92 -4.644137E-02 0 -4.644137E-02
 9 93 -0.139184 0 -0.139184
 9 94 -0.360612 0 -0.360612
 9 95 -0.168019 0 -0.168019
 9 96 -5.987207E-02 0 -5.987207E-02
 9 97 -7.760176E-02 0 -7.760176E-02
 9 98 -4.460914E-03 0 -4.460914E-03
 9 99 -9.375004E-04 0 -9.375004E-04
 9 100 -3.584772E-04 0 -3.584772E-04
 10 25 -5.403309E-05 0 -5.403309E-05
 10 26 4.68195E-05 0 4.68195E-05
 10 27 -3.966073E-04 0 -3.966073E-04
 10 28 -9.830927E-04 0 -9.830927E-04
 10 29 -8.546186E-04 0 -8.546186E-04
 10 30 7.655587E-02 7.070323E-02 5.852639E-03
 10 31 1.320957E-03 0 1.320957E-03
 10 32 -3.766421E-02 0 -3.766421E-02
 10 33 1.34188E-03 0 1.34188E-03
 10 34 6.255312E-04 0 6.255312E-04
 10 35 4.538433E-02 4.349562E-02 1.888707E-03
 10 36 2.089013E-04 0 2.089013E-04
 10 37 -4.449544E-04 0 -4.449544E-04
 10 38 4.764947E-05 0 4.764947E-05
 10 39 -2.926265E-04 0 -2.926265E-04
 10 40 -1.195418E-02 -1.195426E-02 7.821432E-08
 10 41 -6.48022E-05 0 -6.48022E-05
 10 42 -9.199194E-03 -9.199245E-03 5.107959E-08
 10 43 2.996516E-05 0 2.996516E-05
 10 44 1.941365E-05 0 1.941365E-05
 10 45 -1.022343E-02 -1.022243E-02 -9.97424E-07
 10 46 3.545416E-05 0 3.545416E-05
 10 47 -4.222029E-04 0 -4.222029E-04
 10 48 -1.872439E-02 -1.872157E-02 -2.82557E-06
 10 49 5.388199E-05 0 5.388199E-05
 10 50 -1.529406E-04 0 -1.529406E-04
 10 51 2.576854E-02 2.516127E-02 6.072674E-04
 10 52 5.006891E-05 0 5.006891E-05
 10 53 1.414395E-02 1.393819E-02 2.057573E-04
 10 54 -3.43654E-04 0 -3.43654E-04
 10 55 7.418682E-05 0 7.418682E-05
 10 56 -1.110596E-02 -1.110482E-02 -1.141661E-06
 10 57 1.308643E-02 1.290601E-02 1.804168E-04
 10 58 -1.939093E-02 -1.939111E-02 1.827439E-07
 10 59 3.618831E-05 0 3.618831E-05
 10 60 -4.706816E-04 0 -4.706816E-04
 10 61 1.354637E-04 0 1.354637E-04
 10 62 2.022646E-04 0 2.022646E-04
 10 63 -3.61126E-02 -3.610232E-02 -1.028323E-05
 10 64 5.54248E-04 0 5.54248E-04
 10 65 1.140437E-03 0 1.140437E-03
 10 66 0.105171 9.875101E-02 6.420379E-03
 10 67 -1.486785E-02 0 -1.486785E-02
 10 68 -3.636968E-02 0 -3.636968E-02
 10 69 -1.916257E-02 0 -1.916257E-02
 10 70 1.537273E-03 0 1.537273E-03
 10 71 6.696361E-03 0 6.696361E-03
 10 72 0.141213 0.118773 2.24394E-02
 10 73 5.103959E-03 0 5.103959E-03
 10 74 -4.444225E-03 0 -4.444225E-03
 10 75 -4.268981E-02 -4.26907E-02 8.944061E-07
 10 76 -2.895281E-02 -2.894628E-02 -6.520692E-06
 10 77 4.55394E-05 0 4.55394E-05
 10 78 1.96308E-02 1.945569E-02 1.751032E-04
 10 79 3.571891E-05 0 3.571891E-05
 10 80 -3.501847E-04 0 -3.501847E-04
 10 81 4.095137E-05 0 4.095137E-05
 10 82 -1.626644E-02 -1.626425E-02 -2.192178E-06
 10 83 -3.767199E-04 0 -3.767199E-04
 10 84 1.006558E-04 0 1.006558E-04
 10 85 -4.983537E-04 0 -4.983537E-04
 10 86 1.057575E-04 0 1.057575E-04
 10 87 1.626519E-02 1.600329E-02 2.618998E-04
 10 88 -2.004033E-02 -2.004052E-02 1.942315E-07
 10 89 2.432924E-04 0 2.432924E-04
 10 90 4.709241E-04 0 4.709241E-04
 10 91 -7.550245E-03 0 -7.550245E-03
 10 92 7.67408E-02 7.435264E-02 2.388161E-03
 10 93 -2.598033E-02 0 -2.598033E-02
 10 94 -2.668633E-02 0 -2.668633E-02
 10 95 -1.565672E-02 0 -1.565672E-02
 10 96 0.10328 9.713177E-02 6.14806E-03
 10 97 -8.046412E-03 0 -8.046412E-03
 10 98 4.458143E-02 4.368601E-02 8.954195E-04
 10 99 1.44712E-04 0 1.44712E-04
 10 100 7.081872E-05 0 7.081872E-05
 11 25 -1.444833E-05 0 -1.444833E-05
 11 26 1.184782E-04 0 1.184782E-04
 11 27 -2.797934E-04 0 -2.797934E-04
 11 28 -1.013988E-03 0 -1.013988E-03
 11 29 -4.499314E-04 0 -4.499314E-04
 11 30 0.129774 0.108973 2.080144E-02
 11 31 1.387967E-02 0 1.387967E-02
 11 32 -0.100402 0 -0.100402
 11 33 2.161949E-02 0 2.161949E-02
 11 34 5.810237E-03 0 5.810237E-03
 11 35 8.1814E-02 7.413485E-02 7.679149E-03
 11 36 1.299857E-03 0 1.299857E-03
 11 37 -4.793791E-04 0 -4.793791E-04
 11 38 1.993848E-04 0 1.993848E-04
 11 39 -2.644221E-04 0 -2.644221E-04
 11 40 -1.44246E-02 -1.446865E-02 4.405454E-05
 11 41 -1.993427E-05 0 -1.993427E-05
 11 42 -9.782372E-03 -9.80539E-03 2.3018E-05
 11 43 5.067693E-05 0 5.067693E-05
 11 44 3.139731E-05 0 3.139731E-05
 11 45 -1.026902E-02 -1.029597E-02 2.695731E-05
 11 46 7.887585E-05 0 7.887585E-05
 11 47 -2.077777E-04 0 -2.077777E-04
 11 48 -1.917625E-02 -1.925574E-02 7.94889E-05
 11 49 9.457688E-05 0 9.457688E-05
 11 50 -4.82425E-05 0 -4.82425E-05
 11 51 3.0146E-02 2.919505E-02 9.509552E-04
 11 52 1.142134E-04 0 1.142134E-04
 11 53 1.771274E-02 1.735956E-02 3.531766E-04
 11 54 -2.876829E-04 0 -2.876829E-04
 11 55 2.320713E-04 0 2.320713E-04
 11 56 -1.470297E-02 -1.475229E-02 4.932582E-05
 11 57 1.845368E-02 1.807378E-02 3.799024E-04
 11 58 -2.824581E-02 -2.84007E-02 1.548909E-04
 11 59 1.253425E-04 0 1.253425E-04
 11 60 -4.389946E-04 0 -4.389946E-04
 11 61 4.289749E-04 0 4.289749E-04
 11 62 5.567895E-04 0 5.567895E-04
 11 63 -3.834717E-02 -3.866514E-02 3.179681E-04
 11 64 1.527749E-03 0 1.527749E-03
 11 65 3.668558E-03 0 3.668558E-03
 11 66 0.124341 0.107279 1.706252E-02
 11 67 -1.02555E-02 0 -1.02555E-02
 11 68 -1.412645E-02 0 -1.412645E-02
 11 69 -7.721616E-03 0 -7.721616E-03
 11 70 1.535593E-03 0 1.535593E-03
 11 71 3.578606E-03 0 3.578606E-03
 11 72 9.08619E-02 8.120941E-02 9.652495E-03
 11 73 4.800958E-03 0 4.800958E-03
 11 74 -1.790207E-03 0 -1.790207E-03
 11 75 -3.60292E-02 -3.62857E-02 2.56503E-04
 11 76 -2.677738E-02 -2.692819E-02 1.508122E-04
 11 77 6.730147E-05 0 6.730147E-05
 11 78 1.717714E-02 1.688887E-02 2.8827E-04
 11 79 7.049822E-05 0 7.049822E-05
 11 80 -1.742239E-04 0 -1.742239E-04
 11 81 5.780565E-05 0 5.780565E-05
 11 82 -1.349731E-02 -1.353985E-02 4.253635E-05
 11 83 -9.078205E-05 0 -9.078205E-05
 11 84 1.208212E-04 0 1.208212E-04
 11 85 -2.186718E-04 0 -2.186718E-04
 11 86 1.964093E-04 0 1.964093E-04
 11 87 1.74676E-02 1.712304E-02 3.445667E-04
 11 88 -2.316118E-02 -2.326596E-02 1.047787E-04
 11 89 5.220384E-04 0 5.220384E-04
 11 90 1.760124E-03 0 1.760124E-03
 11 91 -6.700277E-03 0 -6.700277E-03
 11 92 0.136735 9.765011E-02 3.908482E-02
 11 93 -4.236769E-02 0 -4.236769E-02
 11 94 -1.622937E-02 0 -1.622937E-02
 11 95 -2.074456E-02 0 -2.074456E-02
 11 96 0.127919 0.109774 1.814488E-02
 11 97 -6.761628E-03 0 -6.761628E-03
 11 98 5.27919E-02 5.018968E-02 2.602218E-03
 11 99 2.826151E-04 0 2.826151E-04
 11 100 1.540414E-04 0 1.540414E-04
 12 25 -1.379743E-04 0 -1.379743E-04
 12 26 5.881461E-05 0 5.881461E-05
 12 27 -1.377204E-03 0 -1.377204E-03
 12 28 -4.025881E-03 0 -4.025881E-03
 12 29 -7.696386E-03 0 -7.696386E-03
 12 30 2.164064E-02 0 2.164064E-02
 12 31 -1.228525E-03 0 -1.228525E-03
 12 32 -0.204784 0 -0.204784
 12 33 -5.506013E-04 0 -5.506013E-04
 12 34 -1.328963E-04 0 -1.328963E-04
 12 35 3.458453E-03 0 3.458453E-03
 12 36 -8.617658E-05 0 -8.617658E-05
 12 37 -1.91615E-03 0 -1.91615E-03
 12 38 -1.261117E-05 0 -1.261117E-05
 12 39 -8.648126E-04 0 -8.648126E-04
 12 40 8.736182E-05 0 8.736182E-05
 12 41 -2.047103E-04 0 -2.047103E-04
 12 42 4.371061E-05 0 4.371061E-05
 12 43 1.25475E-05 0 1.25475E-05
 12 44 7.159824E-06 0 7.159824E-06
 12 45 2.998013E-05 0 2.998013E-05
 12 46 -5.079242E-06 0 -5.079242E-06
 12 47 -9.770105E-04 0 -9.770105E-04
 12 48 9.496332E-05 0 9.496332E-05
 12 49 4.601528E-05 0 4.601528E-05
 12 50 -5.556359E-04 0 -5.556359E-04
 12 51 6.168145E-04 0 6.168145E-04
 12 52 2.660768E-05 0 2.660768E-05
 12 53 1.896587E-04 0 1.896587E-04
 12 54 -1.177138E-03 0 -1.177138E-03
 12 55 9.654624E-05 0 9.654624E-05
 12 56 4.497137E-05 0 4.497137E-05
 12 57 1.724468E-04 0 1.724468E-04
 12 58 2.466408E-04 0 2.466408E-04
 12 59 -3.585626E-06 0 -3.585626E-06
 12 60 -1.339466E-03 0 -1.339466E-03
 12 61 7.470529E-05 0 7.470529E-05
 12 62 1.203336E-04 0 1.203336E-04
 12 63 3.156167E-04 0 3.156167E-04
 12 64 5.744031E-04 0 5.744031E-04
 12 65 2.140602E-03 0 2.140602E-03
 12 66 1.084113E-02 0 1.084113E-02
 12 67 -9.728146E-02 0 -9.728146E-02
 12 68 -0.19637 0 -0.19637
 12 69 -5.925893E-02 0 -5.925893E-02
 12 70 -1.255172E-03 0 -1.255172E-03
 12 71 -1.960211E-04 0 -1.960211E-04
 12 72 8.303682E-03 0 8.303682E-03
 12 73 4.371598E-03 0 4.371598E-03
 12 74 -9.065984E-03 0 -9.065984E-03
 12 75 6.105361E-04 0 6.105361E-04
 12 76 1.899283E-04 0 1.899283E-04
 12 77 -2.556576E-06 0 -2.556576E-06
 12 78 9.787123E-05 0 9.787123E-05
 12 79 -4.466985E-06 0 -4.466985E-06
 12 80 -5.913823E-04 0 -5.913823E-04
 12 81 1.414898E-05 0 1.414898E-05
 12 82 4.776034E-05 0 4.776034E-05
 12 83 -4.324487E-04 0 -4.324487E-04
 12 84 6.186676E-05 0 6.186676E-05
 12 85 -1.043883E-03 0 -1.043883E-03
 12 86 1.027358E-04 0 1.027358E-04
 12 87 1.997594E-04 0 1.997594E-04
 12 88 2.2815E-04 0 2.2815E-04
 12 89 1.784467E-04 0 1.784467E-04
 12 90 -1.998651E-04 0 -1.998651E-04
 12 91 -5.962371E-02 0 -5.962371E-02
 12 92 4.026323E-02 0 4.026323E-02
 12 93 -0.224328 0 -0.224328
 12 94 -9.723902E-02 0 -9.723902E-02
 12 95 -4.995851E-02 0 -4.995851E-02
 12 96 3.381109E-03 0 3.381109E-03
 12 97 -6.486054E-03 0 -6.486054E-03
 12 98 2.977185E-04 0 2.977185E-04
 12 99 -3.688138E-06 0 -3.688138E-06
 12 100 -1.818574E-06 0 -1.818574E-06
 13 25 -5.013E-04 0 -5.013E-04
 13 26 -3.192094E-04 0 -3.192094E-04
 13 27 -3.472031E-03 0 -3.472031E-03
 13 28 -7.891196E-03 0 -7.891196E-03
 13 29 -1.186121E-02 0 -1.186121E-02
 13 30 -8.575124E-03 0 -8.575124E-03
 13 31 -1.2489E-02 0 -1.2489E-02
 13 32 -0.147553 0 -0.147553
 13 33 -6.905087E-03 0 -6.905087E-03
 13 34 -2.898497E-03 0 -2.898497E-03
 13 35 -1.597953E-03 0 -1.597953E-03
 13 36 -2.443607E-03 0 -2.443607E-03
 13 37 -2.992542E-03 0 -2.992542E-03
 13 38 -4.853432E-04 0 -4.853432E-04
 13 39 -1.648929E-03 0 -1.648929E-03
 13 40 -1.459302E-04 0 -1.459302E-04
 13 41 -5.867176E-04 0 -5.867176E-04
 13 42 -8.822823E-05 0 -8.822823E-05
 13 43 -1.100093E-04 0 -1.100093E-04
 13 44 -6.164504E-05 0 -6.164504E-05
 13 45 -7.214448E-05 0 -7.214448E-05
 13 46 -2.66103E-04 0 -2.66103E-04
 13 47 -2.228488E-03 0 -2.228488E-03
 13 48 -1.710931E-04 0 -1.710931E-04
 13 49 -1.202657E-04 0 -1.202657E-04
 13 50 -1.229109E-03 0 -1.229109E-03
 13 51 -3.892437E-04 0 -3.892437E-04
 13 52 -1.230537E-04 0 -1.230537E-04
 13 53 -1.322952E-04 0 -1.322952E-04
 13 54 -1.604535E-03 0 -1.604535E-03
 13 55 -2.631318E-04 0 -2.631318E-04
 13 56 -6.163549E-05 0 -6.163549E-05
 13 57 -1.055138E-04 0 -1.055138E-04
 13 58 -2.169699E-04 0 -2.169699E-04
 13 59 -1.01643E-04 0 -1.01643E-04
 13 60 -1.452578E-03 0 -1.452578E-03
 13 61 -3.178297E-04 0 -3.178297E-04
 13 62 -5.459947E-04 0 -5.459947E-04
 13 63 -3.750314E-04 0 -3.750314E-04
 13 64 -1.167909E-03 0 -1.167909E-03
 13 65 -3.323987E-03 0 -3.323987E-03
 13 66 -1.486994E-02 0 -1.486994E-02
 13 67 -0.103432 0 -0.103432
 13 68 -0.404743 0 -0.404743
 13 69 -0.330977 0 -0.330977
 13 70 -4.713123E-02 0 -4.713123E-02
 13 71 -8.427944E-02 0 -8.427944E-02
 13 72 -2.612593E-02 0 -2.612593E-02
 13 73 -2.996372E-02 0 -2.996372E-02
 13 74 -2.477063E-02 0 -2.477063E-02
 13 75 -1.172762E-03 0 -1.172762E-03
 13 76 -3.697112E-04 0 -3.697112E-04
 13 77 -1.552303E-04 0 -1.552303E-04
 13 78 -5.052969E-04 0 -5.052969E-04
 13 79 -2.869452E-04 0 -2.869452E-04
 13 80 -1.995258E-03 0 -1.995258E-03
 13 81 -1.529926E-04 0 -1.529926E-04
 13 82 -1.851931E-04 0 -1.851931E-04
 13 83 -3.013623E-03 0 -3.013623E-03
 13 84 -3.789464E-04 0 -3.789464E-04
 13 85 -4.785441E-03 0 -4.785441E-03
 13 86 -9.734492E-04 0 -9.734492E-04
 13 87 -3.16505E-04 0 -3.16505E-04
 13 88 -5.419466E-04 0 -5.419466E-04
 13 89 -1.819083E-03 0 -1.819083E-03
 13 90 -1.120666E-02 0 -1.120666E-02
 13 91 -0.110372 0 -0.110372
 13 92 -0.178177 0 -0.178177
 13 93 -0.159847 0 -0.159847
 13 94 -0.116282 0 -0.116282
 13 95 -2.514476E-02 0 -2.514476E-02
 13 96 -4.68596E-03 0 -4.68596E-03
 13 97 -6.47751E-03 0 -6.47751E-03
 13 98 -6.240009E-04 0 -6.240009E-04
 13 99 -1.344202E-04 0 -1.344202E-04
 13 100 -6.87206E-05 0 -6.87206E-05
 14 25 -5.326792E-05 0 -5.326792E-05
 14 26 1.32054E-04 0 1.32054E-04
 14 27 -5.310097E-04 0 -5.310097E-04
 14 28 -1.727691E-03 0 -1.727691E-03
 14 29 -8.305871E-04 0 -8.305871E-04
 14 30 -0.11822 -0.123261 5.040469E-03
 14 31 3.410045E-03 0 3.410045E-03
 14 32 -4.622603E-02 0 -4.622603E-02
 14 33 3.31425E-03 0 3.31425E-03
 14 34 4.02865E-03 0 4.02865E-03
 14 35 -7.503376E-02 -7.646461E-02 1.430855E-03
 14 36 8.586539E-04 0 8.586539E-04
 14 37 -6.476451E-04 0 -6.476451E-04
 14 38 1.206262E-04 0 1.206262E-04
 14 39 -3.08447E-04 0 -3.08447E-04
 14 40 1.686637E-02 1.673791E-02 1.2846E-04
 14 41 -3.4654E-05 0 -3.4654E-05
 14 42 1.140604E-02 1.134024E-02 6.579716E-05
 14 43 3.487688E-05 0 3.487688E-05
 14 44 1.904784E-05 0 1.904784E-05
 14 45 1.080596E-02 1.075844E-02 4.752255E-05
 14 46 3.295945E-05 0 3.295945E-05
 14 47 -1.934393E-04 0 -1.934393E-04
 14 48 1.629619E-02 1.620073E-02 9.545565E-05
 14 49 4.377821E-05 0 4.377821E-05
 14 50 -5.978611E-05 0 -5.978611E-05
 14 51 -2.35924E-02 -2.370098E-02 1.085757E-04
 14 52 3.869274E-05 0 3.869274E-05
 14 53 -1.508956E-02 -1.513722E-02 4.766352E-05
 14 54 -2.109708E-04 0 -2.109708E-04
 14 55 9.011031E-05 0 9.011031E-05
 14 56 1.163783E-02 1.158415E-02 5.367577E-05
 14 57 -1.49672E-02 -1.501419E-02 4.698777E-05
 14 58 2.197946E-02 2.177115E-02 2.08311E-04
 14 59 4.506938E-05 0 4.506938E-05
 14 60 -1.921936E-04 0 -1.921936E-04
 14 61 1.043491E-04 0 1.043491E-04
 14 62 1.512934E-04 0 1.512934E-04
 14 63 2.385808E-02 2.36657E-02 1.923725E-04
 14 64 2.817864E-04 0 2.817864E-04
 14 65 7.307666E-04 0 7.307666E-04
 14 66 -6.948475E-02 -6.948752E-02 2.770989E-06
 14 67 -6.071736E-03 0 -6.071736E-03
 14 68 -1.604492E-02 0 -1.604492E-02
 14 69 -1.844791E-02 0 -1.844791E-02
 14 70 3.286454E-03 0 3.286454E-03
 14 71 6.788404E-03 0 6.788404E-03
 14 72 -8.859992E-02 -9.082074E-02 2.220824E-03
 14 73 2.461611E-03 0 2.461611E-03
 14 74 -1.464354E-03 0 -1.464354E-03
 14 75 3.137634E-02 3.096022E-02 4.161194E-04
 14 76 2.202914E-02 2.186376E-02 1.653829E-04
 14 77 3.745952E-05 0 3.745952E-05
 14 78 -1.662383E-02 -1.662397E-02 1.381986E-07
 14 79 3.442553E-05 0 3.442553E-05
 14 80 -2.24146E-04 0 -2.24146E-04
 14 81 4.294034E-05 0 4.294034E-05
 14 82 1.691834E-02 1.681632E-02 1.02019E-04
 14 83 -1.883047E-04 0 -1.883047E-04
 14 84 1.317857E-04 0 1.317857E-04
 14 85 -5.098604E-04 0 -5.098604E-04
 14 86 3.513014E-04 0 3.513014E-04
 14 87 -2.665168E-02 -2.678958E-02 1.378935E-04
 14 88 3.634226E-02 3.578036E-02 5.619035E-04
 14 89 7.612959E-04 0 7.612959E-04
 14 90 2.387561E-03 0 2.387561E-03
 14 91 -1.248289E-02 0 -1.248289E-02
 14 92 -0.101894 -0.107248 5.353682E-03
 14 93 -1.654904E-02 0 -1.654904E-02
 14 94 -3.503477E-03 0 -3.503477E-03
 14 95 -2.723481E-03 0 -2.723481E-03
 14 96 -5.008919E-02 -5.009046E-02 1.278503E-06
 14 97 -8.175333E-04 0 -8.175333E-04
 14 98 -2.277315E-02 -2.27734E-02 2.470873E-07
 14 99 4.557842E-05 0 4.557842E-05
 14 100 2.711297E-05 0 2.711297E-05
 15 25 -8.108334E-04 0 -8.108334E-04
 15 26 -7.53726E-04 0 -7.53726E-04
 15 27 -8.419015E-03 0 -8.419015E-03
 15 28 -3.161278E-02 0 -3.161278E-02
 15 29 -5.269513E-02 0 -5.269513E-02
 15 30 -9.856958E-02 0 -9.856958E-02
 15 31 -0.114962 0 -0.114962
 15 32 0.15811 0 0.15811
 15 33 -7.20507E-02 0 -7.20507E-02
 15 34 -6.562681E-02 0 -6.562681E-02
 15 35 -2.430352E-02 0 -2.430352E-02
 15 36 -2.409245E-02 0 -2.409245E-02
 15 37 -1.503026E-02 0 -1.503026E-02
 15 38 -1.802658E-03 0 -1.802658E-03
 15 39 -3.956945E-03 0 -3.956945E-03
 15 40 -3.402139E-04 0 -3.402139E-04
 15 41 -8.845895E-04 0 -8.845895E-04
 15 42 -1.332833E-04 0 -1.332833E-04
 15 43 -1.404392E-04 0 -1.404392E-04
 15 44 -7.063206E-05 0 -7.063206E-05
 15 45 -8.160241E-05 0 -8.160241E-05
 15 46 -2.353922E-04 0 -2.353922E-04
 15 47 -1.83689E-03 0 -1.83689E-03
 15 48 -1.697341E-04 0 -1.697341E-04
 15 49 -1.803276E-04 0 -1.803276E-04
 15 50 -1.565883E-03 0 -1.565883E-03
 15 51 -6.292864E-04 0 -6.292864E-04
 15 52 -1.902554E-04 0 -1.902554E-04
 15 53 -2.907799E-04 0 -2.907799E-04
 15 54 -3.052731E-03 0 -3.052731E-03
 15 55 -4.943869E-04 0 -4.943869E-04
 15 56 -1.244709E-04 0 -1.244709E-04
 15 57 -3.199005E-04 0 -3.199005E-04
 15 58 -6.491652E-04 0 -6.491652E-04
 15 59 -2.225787E-04 0 -2.225787E-04
 15 60 -2.394172E-03 0 -2.394172E-03
 15 61 -4.424634E-04 0 -4.424634E-04
 15 62 -6.303405E-04 0 -6.303405E-04
 15 63 -3.168047E-04 0 -3.168047E-04
 15 64 -1.14804E-03 0 -1.14804E-03
 15 65 -3.773178E-03 0 -3.773178E-03
 15 66 -1.010745E-02 0 -1.010745E-02
 15 67 -6.320065E-02 0 -6.320065E-02
 15 68 -0.139886 0 -0.139886
 15 69 -0.111408 0 -0.111408
 15 70 -1.064968E-02 0 -1.064968E-02
 15 71 -7.037921E-03 0 -7.037921E-03
 15 72 -4.497984E-03 0 -4.497984E-03
 15 73 -6.214455E-03 0 -6.214455E-03
 15 74 -9.04068E-03 0 -9.04068E-03
 15 75 -5.94954E-04 0 -5.94954E-04
 15 76 -2.519819E-04 0 -2.519819E-04
 15 77 -1.060841E-04 0 -1.060841E-04
 15 78 -3.485387E-04 0 -3.485387E-04
 15 79 -2.194034E-04 0 -2.194034E-04
 15 80 -1.520463E-03 0 -1.520463E-03
 15 81 -1.428896E-04 0 -1.428896E-04
 15 82 -1.273733E-04 0 -1.273733E-04
 15 83 -1.73573E-03 0 -1.73573E-03
 15 84 -3.817912E-04 0 -3.817912E-04
 15 85 -4.391445E-03 0 -4.391445E-03
 15 86 -1.402321E-03 0 -1.402321E-03
 15 87 -7.175542E-04 0 -7.175542E-04
 15 88 -1.576718E-03 0 -1.576718E-03
 15 89 -4.96391E-03 0 -4.96391E-03
 15 90 -4.79669E-02 0 -4.79669E-02
 15 91 -0.232761 0 -0.232761
 15 92 0.31362 0 0.31362
 15 93 -0.313405 0 -0.313405
 15 94 -9.735921E-02 0 -9.735921E-02
 15 95 -2.316206E-02 0 -2.316206E-02
 15 96 -3.252875E-03 0 -3.252875E-03
 15 97 -4.202637E-03 0 -4.202637E-03
 15 98 -5.627261E-04 0 -5.627261E-04
 15 99 -1.001672E-04 0 -1.001672E-04
 15 100 -6.05546E-05 0 -6.05546E-05
 16 25 -2.05476E-04 0 -2.05476E-04
 16 26 4.582483E-04 0 4.582483E-04
 16 27 -3.777765E-03 0 -3.777765E-03
 16 28 -1.605883E-02 0 -1.605883E-02
 16 29 -1.108033E-02 0 -1.108033E-02
 16 30 8.094589E-02 0 8.094589E-02
 16 31 4.480815E-03 0 4.480815E-03
 16 32 -4.603983E-02 0 -4.603983E-02
 16 33 1.155679E-03 0 1.155679E-03
 16 34 1.713718E-03 0 1.713718E-03
 16 35 7.463233E-03 0 7.463233E-03
 16 36 1.923532E-03 0 1.923532E-03
 16 37 -2.787325E-03 0 -2.787325E-03
 16 38 2.470554E-04 0 2.470554E-04
 16 39 -1.373844E-03 0 -1.373844E-03
 16 40 2.307174E-04 0 2.307174E-04
 16 41 -2.039981E-04 0 -2.039981E-04
 16 42 1.004923E-04 0 1.004923E-04
 16 43 7.133601E-05 0 7.133601E-05
 16 44 3.18404E-05 0 3.18404E-05
 16 45 5.52395E-05 0 5.52395E-05
 16 46 4.35262E-05 0 4.35262E-05
 16 47 -6.266666E-04 0 -6.266666E-04
 16 48 9.720699E-05 0 9.720699E-05
 16 49 8.567504E-05 0 8.567504E-05
 16 50 -3.214517E-04 0 -3.214517E-04
 16 51 6.527773E-04 0 6.527773E-04
 16 52 5.502256E-05 0 5.502256E-05
 16 53 2.735478E-04 0 2.735478E-04
 16 54 -6.112455E-04 0 -6.112455E-04
 16 55 1.418633E-04 0 1.418633E-04
 16 56 4.516368E-05 0 4.516368E-05
 16 57 2.238616E-04 0 2.238616E-04
 16 58 2.024761E-04 0 2.024761E-04
 16 59 2.548595E-05 0 2.548595E-05
 16 60 -3.274674E-04 0 -3.274674E-04
 16 61 9.229647E-05 0 9.229647E-05
 16 62 1.61539E-04 0 1.61539E-04
 16 63 1.187635E-04 0 1.187635E-04
 16 64 2.724679E-04 0 2.724679E-04
 16 65 9.747705E-04 0 9.747705E-04
 16 66 3.079044E-03 0 3.079044E-03
 16 67 -2.965717E-02 0 -2.965717E-02
 16 68 -8.917433E-02 0 -8.917433E-02
 16 69 -0.163788 0 -0.163788
 16 70 4.455806E-03 0 4.455806E-03
 16 71 4.256741E-03 0 4.256741E-03
 16 72 1.090681E-02 0 1.090681E-02
 16 73 4.533587E-03 0 4.533587E-03
 16 74 -5.048818E-03 0 -5.048818E-03
 16 75 4.503189E-04 0 4.503189E-04
 16 76 1.530276E-04 0 1.530276E-04
 16 77 2.653066E-05 0 2.653066E-05
 16 78 1.760916E-04 0 1.760916E-04
 16 79 4.5807E-05 0 4.5807E-05
 16 80 -8.503907E-04 0 -8.503907E-04
 16 81 8.100152E-05 0 8.100152E-05
 16 82 1.164132E-04 0 1.164132E-04
 16 83 -5.511009E-04 0 -5.511009E-04
 16 84 3.647349E-04 0 3.647349E-04
 16 85 -2.997377E-03 0 -2.997377E-03
 16 86 1.511793E-03 0 1.511793E-03
 16 87 1.542807E-03 0 1.542807E-03
 16 88 1.741336E-03 0 1.741336E-03
 16 89 5.436049E-03 0 5.436049E-03
 16 90 2.390445E-02 0 2.390445E-02
 16 91 -0.14275 0 -0.14275
 16 92 0.403772 0 0.403772
 16 93 -6.138443E-02 0 -6.138443E-02
 16 94 -7.082093E-03 0 -7.082093E-03
 16 95 -2.809433E-03 0 -2.809433E-03
 16 96 5.248127E-04 0 5.248127E-04
 16 97 -4.900585E-04 0 -4.900585E-04
 16 98 8.355344E-05 0 8.355344E-05
 16 99 9.489808E-06 0 9.489808E-06
 16 100 5.382091E-06 0 5.382091E-06
 17 25 -9.803196E-04 0 -9.803196E-04
 17 26 -7.81821E-04 0 -7.81821E-04
 17 27 -8.0177E-03 0 -8.0177E-03
 17 28 -1.925323E-02 0 -1.925323E-02
 17 29 -1.628409E-02 0 -1.628409E-02
 17 30 -1.598365E-02 0 -1.598365E-02
 17 31 -8.208195E-03 0 -8.208195E-03
 17 32 -4.587225E-02 0 -4.587225E-02
 17 33 -4.263467E-03 0 -4.263467E-03
 17 34 -4.175687E-03 0 -4.175687E-03
 17 35 -3.231171E-03 0 -3.231171E-03
 17 36 -5.670598E-03 0 -5.670598E-03
 17 37 -5.309381E-03 0 -5.309381E-03
 17 38 -1.010967E-03 0 -1.010967E-03
 17 39 -2.406465E-03 0 -2.406465E-03
 17 40 -2.708649E-04 0 -2.708649E-04
 17 41 -7.777219E-04 0 -7.777219E-04
 17 42 -1.399767E-04 0 -1.399767E-04
 17 43 -1.791626E-04 0 -1.791626E-04
 17 44 -8.398046E-05 0 -8.398046E-05
 17 45 -8.03698E-05 0 -8.03698E-05
 17 46 -2.219029E-04 0 -2.219029E-04
 17 47 -1.450612E-03 0 -1.450612E-03
 17 48 -1.142724E-04 0 -1.142724E-04
 17 49 -1.247205E-04 0 -1.247205E-04
 17 50 -9.789039E-04 0 -9.789039E-04
 17 51 -3.054474E-04 0 -3.054474E-04
 17 52 -9.872437E-05 0 -9.872437E-05
 17 53 -1.49066E-04 0 -1.49066E-04
 17 54 -1.194862E-03 0 -1.194862E-03
 17 55 -1.896998E-04 0 -1.896998E-04
 17 56 -5.41706E-05 0 -5.41706E-05
 17 57 -1.260135E-04 0 -1.260135E-04
 17 58 -1.950417E-04 0 -1.950417E-04
 17 59 -7.234286E-05 0 -7.234286E-05
 17 60 -7.073876E-04 0 -7.073876E-04
 17 61 -1.576488E-04 0 -1.576488E-04
 17 62 -2.55731E-04 0 -2.55731E-04
 17 63 -1.316582E-04 0 -1.316582E-04
 17 64 -3.566556E-04 0 -3.566556E-04
 17 65 -9.746284E-04 0 -9.746284E-04
 17 66 -3.115634E-03 0 -3.115634E-03
 17 67 -2.395849E-02 0 -2.395849E-02
 17 68 -9.471588E-02 0 -9.471588E-02
 17 69 -0.244556 0 -0.244556
 17 70 -6.196949E-02 0 -6.196949E-02
 17 71 -2.666538E-02 0 -2.666538E-02
 17 72 -8.104062E-03 0 -8.104062E-03
 17 73 -5.602605E-03 0 -5.602605E-03
 17 74 -8.204078E-03 0 -8.204078E-03
 17 75 -5.04503E-04 0 -5.04503E-04
 17 76 -1.812553E-04 0 -1.812553E-04
 17 77 -9.413037E-05 0 -9.413037E-05
 17 78 -3.831426E-04 0 -3.831426E-04
 17 79 -2.667109E-04 0 -2.667109E-04
 17 80 -2.107201E-03 0 -2.107201E-03
 17 81 -2.358031E-04 0 -2.358031E-04
 17 82 -2.280842E-04 0 -2.280842E-04
 17 83 -3.571136E-03 0 -3.571136E-03
 17 84 -9.138081E-04 0 -9.138081E-04
 17 85 -1.057812E-02 0 -1.057812E-02
 17 86 -4.006402E-03 0 -4.006402E-03
 17 87 -1.432894E-03 0 -1.432894E-03
 17 88 -2.432775E-03 0 -2.432775E-03
 17 89 -1.010939E-02 0 -1.010939E-02
 17 90 -5.346431E-02 0 -5.346431E-02
 17 91 -0.136915 0 -0.136915
 17 92 -0.107914 0 -0.107914
 17 93 -3.75171E-02 0 -3.75171E-02
 17 94 -1.257018E-02 0 -1.257018E-02
 17 95 -4.123531E-03 0 -4.123531E-03
 17 96 -8.575874E-04 0 -8.575874E-04
 17 97 -1.133275E-03 0 -1.133275E-03
 17 98 -1.818799E-04 0 -1.818799E-04
 17 99 -3.967288E-05 0 -3.967288E-05
 17 100 -2.391213E-05 0 -2.391213E-05
 18 25 -4.919677E-05 0 -4.919677E-05
 18 26 4.840765E-04 0 4.840765E-04
 18 27 -1.342089E-03 0 -1.342089E-03
 18 28 -5.997663E-03 0 -5.997663E-03
 18 29 -1.079661E-03 0 -1.079661E-03
 18 30 0.207584 0.153914 5.367067E-02
 18 31 6.15949E-03 0 6.15949E-03
 18 32 -1.445502E-02 0 -1.445502E-02
 18 33 4.235451E-03 0 4.235451E-03
 18 34 8.606617E-03 0 8.606617E-03
 18 35 0.120795 0.102932 1.786261E-02
 18 36 6.831401E-03 0 6.831401E-03
 18 37 -1.54131E-03 0 -1.54131E-03
 18 38 7.480981E-04 0 7.480981E-04
 18 39 -6.362562E-04 0 -6.362562E-04
 18 40 -2.345899E-02 -2.356638E-02 1.073923E-04
 18 41 -3.777659E-05 0 -3.777659E-05
 18 42 -1.426165E-02 -1.430484E-02 4.319378E-05
 18 43 1.00767E-04 0 1.00767E-04
 18 44 4.674305E-05 0 4.674305E-05
 18 45 -1.146057E-02 -1.149285E-02 3.227835E-05
 18 46 7.090991E-05 0 7.090991E-05
 18 47 -1.483579E-04 0 -1.483579E-04
 18 48 -1.375449E-02 -1.379843E-02 4.393901E-05
 18 49 7.409068E-05 0 7.409068E-05
 18 50 -4.274339E-05 0 -4.274339E-05
 18 51 2.143214E-02 2.093393E-02 4.982113E-04
 18 52 6.781218E-05 0 6.781218E-05
 18 53 1.612599E-02 1.582653E-02 2.994645E-04
 18 54 -1.971729E-04 0 -1.971729E-04
 18 55 1.108714E-04 0 1.108714E-04
 18 56 -1.149691E-02 -1.152936E-02 3.244837E-05
 18 57 1.661906E-02 1.630342E-02 3.156462E-04
 18 58 -2.160614E-02 -2.169788E-02 9.174745E-05
 18 59 5.182044E-05 0 5.182044E-05
 18 60 -1.164088E-04 0 -1.164088E-04
 18 61 9.869231E-05 0 9.869231E-05
 18 62 1.405499E-04 0 1.405499E-04
 18 63 -1.507101E-02 -1.512252E-02 5.150793E-05
 18 64 1.593293E-04 0 1.593293E-04
 18 65 4.251809E-04 0 4.251809E-04
 18 66 4.410413E-02 4.232523E-02 1.778899E-03
 18 67 -2.629151E-03 0 -2.629151E-03
 18 68 -4.422684E-03 0 -4.422684E-03
 18 69 -1.184988E-02 0 -1.184988E-02
 18 70 3.68361E-03 0 3.68361E-03
 18 71 2.40341E-03 0 2.40341E-03
 18 72 6.02394E-02 5.628552E-02 3.953881E-03
 18 73 1.056741E-03 0 1.056741E-03
 18 74 -7.632998E-04 0 -7.632998E-04
 18 75 -2.157084E-02 -2.16623E-02 9.146347E-05
 18 76 -1.616057E-02 -1.621885E-02 5.82748E-05
 18 77 3.485217E-05 0 3.485217E-05
 18 78 1.429643E-02 1.408687E-02 2.095547E-04
 18 79 7.66145E-05 0 7.66145E-05
 18 80 -2.70759E-04 0 -2.70759E-04
 18 81 1.074067E-04 0 1.074067E-04
 18 82 -1.694145E-02 -1.700487E-02 6.341228E-05
 18 83 -1.57072E-04 0 -1.57072E-04
 18 84 3.440476E-04 0 3.440476E-04
 18 85 -8.631999E-04 0 -8.631999E-04
 18 86 1.468966E-03 0 1.468966E-03
 18 87 4.912416E-02 4.656151E-02 2.562649E-03
 18 88 -6.551624E-02 -6.653116E-02 1.014921E-03
 18 89 6.484075E-03 0 6.484075E-03
 18 90 2.470523E-02 0 2.470523E-02
 18 91 -1.812324E-02 0 -1.812324E-02
 18 92 0.10842 8.329083E-02 2.512909E-02
 18 93 -6.384782E-03 0 -6.384782E-03
 18 94 -4.541415E-04 0 -4.541415E-04
 18 95 -7.289942E-04 0 -7.289942E-04
 18 96 2.558363E-02 2.498464E-02 5.989882E-04
 18 97 -1.989376E-04 0 -1.989376E-04
 18 98 1.171574E-02 1.156562E-02 1.501221E-04
 18 99 1.964023E-05 0 1.964023E-05
 18 100 1.293476E-05 0 1.293476E-05
 19 25 -3.483691E-04 0 -3.483691E-04
 19 26 1.220373E-03 0 1.220373E-03
 19 27 -6.861038E-03 0 -6.861038E-03
 19 28 -3.231342E-02 0 -3.231342E-02
 19 29 -5.941955E-03 0 -5.941955E-03
 19 30 -0.19768 -0.224344 2.666444E-02
 19 31 3.914347E-03 0 3.914347E-03
 19 32 -1.06391E-02 0 -1.06391E-02
 19 33 1.380431E-03 0 1.380431E-03
 19 34 5.870924E-03 0 5.870924E-03
 19 35 -0.122742 -0.128384 5.641847E-03
 19 36 1.063393E-02 0 1.063393E-02
 19 37 -5.512923E-03 0 -5.512923E-03
 19 38 1.187023E-03 0 1.187023E-03
 19 39 -1.934079E-03 0 -1.934079E-03
 19 40 4.085778E-02 4.013936E-02 7.184153E-04
 19 41 -1.432275E-04 0 -1.432275E-04
 19 42 2.347874E-02 2.32428E-02 2.359402E-04
 19 43 1.201671E-04 0 1.201671E-04
 19 44 4.789368E-05 0 4.789368E-05
 19 45 1.752113E-02 1.741252E-02 1.086085E-04
 19 46 5.813373E-05 0 5.813373E-05
 19 47 -3.051386E-04 0 -3.051386E-04
 19 48 1.89978E-02 1.887207E-02 1.257286E-04
 19 49 7.965817E-05 0 7.965817E-05
 19 50 -1.329873E-04 0 -1.329873E-04
 19 51 -2.875385E-02 -2.891441E-02 1.605655E-04
 19 52 6.070577E-05 0 6.070577E-05
 19 53 -2.318075E-02 -2.32857E-02 1.049492E-04
 19 54 -4.213763E-04 0 -4.213763E-04
 19 55 1.266872E-04 0 1.266872E-04
 19 56 1.602444E-02 1.593178E-02 9.266392E-05
 19 57 -2.285252E-02 -2.295463E-02 1.021102E-04
 19 58 2.899671E-02 2.864128E-02 3.554329E-04
 19 59 5.540021E-05 0 5.540021E-05
 19 60 -1.752294E-04 0 -1.752294E-04
 19 61 8.124008E-05 0 8.124008E-05
 19 62 1.241824E-04 0 1.241824E-04
 19 63 1.739615E-02 1.728892E-02 1.072234E-04
 19 64 1.261622E-04 0 1.261622E-04
 19 65 3.755738E-04 0 3.755738E-04
 19 66 -4.75927E-02 -4.759384E-02 1.138822E-06
 19 67 -4.105545E-03 0 -4.105545E-03
 19 68 -6.683896E-03 0 -6.683896E-03
 19 69 -2.042731E-02 0 -2.042731E-02
 19 70 3.183426E-03 0 3.183426E-03
 19 71 1.515271E-03 0 1.515271E-03
 19 72 -5.861179E-02 -5.938459E-02 7.728074E-04
 19 73 8.853297E-04 0 8.853297E-04
 19 74 -1.151779E-03 0 -1.151779E-03
 19 75 2.666502E-02 2.63636E-02 3.014223E-04
 19 76 2.071882E-02 2.057134E-02 1.474812E-04
 19 77 3.827276E-05 0 3.827276E-05
 19 78 -1.881931E-02 -1.881948E-02 1.729628E-07
 19 79 6.214934E-05 0 6.214934E-05
 19 80 -5.68819E-04 0 -5.68819E-04
 19 81 1.122543E-04 0 1.122543E-04
 19 82 2.370071E-02 2.351075E-02 1.899566E-04
 19 83 -3.892471E-04 0 -3.892471E-04
 19 84 4.36993E-04 0 4.36993E-04
 19 85 -2.774484E-03 0 -2.774484E-03
 19 86 3.781023E-03 0 3.781023E-03
 19 87 -8.277507E-02 -8.46254E-02 1.850331E-03
 19 88 0.144307 0.130798 1.350842E-02
 19 89 2.499648E-02 0 2.499648E-02
 19 90 6.518013E-02 0 6.518013E-02
 19 91 -6.434836E-02 0 -6.434836E-02
 19 92 -9.635075E-02 -0.100862 4.51172E-03
 19 93 -8.543924E-03 0 -8.543924E-03
 19 94 -6.268918E-04 0 -6.268918E-04
 19 95 -6.75085E-04 0 -6.75085E-04
 19 96 -2.381982E-02 -2.382009E-02 2.693289E-07
 19 97 -1.519751E-04 0 -1.519751E-04
 19 98 -1.059682E-02 -1.059688E-02 6.411542E-08
 19 99 1.181165E-05 0 1.181165E-05
 19 100 7.631052E-06 0 7.631052E-06
 20 25 -3.326996E-04 0 -3.326996E-04
 20 26 6.831331E-04 0 6.831331E-04
 20 27 -4.520287E-03 0 -4.520287E-03
 20 28 -1.229093E-02 0 -1.229093E-02
 20 29 -2.6806E-03 0 -2.6806E-03
 20 30 9.707641E-03 0 9.707641E-03
 20 31 3.848678E-04 0 3.848678E-04
 20 32 -2.564047E-03 0 -2.564047E-03
 20 33 1.456475E-04 0 1.456475E-04
 20 34 2.826084E-04 0 2.826084E-04
 20 35 1.918584E-03 0 1.918584E-03
 20 36 7.53631E-04 0 7.53631E-04
 20 37 -1.471442E-03 0 -1.471442E-03
 20 38 2.102025E-04 0 2.102025E-04
 20 39 -9.900216E-04 0 -9.900216E-04
 20 40 2.222538E-04 0 2.222538E-04
 20 41 -1.792971E-04 0 -1.792971E-04
 20 42 1.049597E-04 0 1.049597E-04
 20 43 8.303355E-05 0 8.303355E-05
 20 44 3.193057E-05 0 3.193057E-05
 20 45 4.318552E-05 0 4.318552E-05
 20 46 2.678741E-05 0 2.678741E-05
 20 47 -2.769515E-04 0 -2.769515E-04
 20 48 4.11299E-05 0 4.11299E-05
 20 49 4.445806E-05 0 4.445806E-05
 20 50 -1.460926E-04 0 -1.460926E-04
 20 51 2.148426E-04 0 2.148426E-04
 20 52 2.294918E-05 0 2.294918E-05
 20 53 1.291873E-04 0 1.291873E-04
 20 54 -2.12103E-04 0 -2.12103E-04
 20 55 4.874032E-05 0 4.874032E-05
 20 56 1.989015E-05 0 1.989015E-05
 20 57 9.948902E-05 0 9.948902E-05
 20 58 6.792065E-05 0 6.792065E-05
 20 59 8.444765E-06 0 8.444765E-06
 20 60 -8.558321E-05 0 -8.558321E-05
 20 61 2.510325E-05 0 2.510325E-05
 20 62 4.22633E-05 0 4.22633E-05
 20 63 2.880455E-05 0 2.880455E-05
 20 64 5.375363E-05 0 5.375363E-05
 20 65 1.467609E-04 0 1.467609E-04
 20 66 3.57043E-04 0 3.57043E-04
 20 67 -2.713498E-03 0 -2.713498E-03
 20 68 -6.104669E-03 0 -6.104669E-03
 20 69 -3.877364E-02 0 -3.877364E-02
 20 70 2.789351E-03 0 2.789351E-03
 20 71 1.013686E-03 0 1.013686E-03
 20 72 2.549405E-03 0 2.549405E-03
 20 73 7.157388E-04 0 7.157388E-04
 20 74 -1.250501E-03 0 -1.250501E-03
 20 75 1.432019E-04 0 1.432019E-04
 20 76 5.353419E-05 0 5.353419E-05
 20 77 1.251928E-05 0 1.251928E-05
 20 78 1.013432E-04 0 1.013432E-04
 20 79 3.485792E-05 0 3.485792E-05
 20 80 -7.632111E-04 0 -7.632111E-04
 20 81 1.008197E-04 0 1.008197E-04
 20 82 1.265591E-04 0 1.265591E-04
 20 83 -5.824638E-04 0 -5.824638E-04
 20 84 6.736293E-04 0 6.736293E-04
 20 85 -6.088428E-03 0 -6.088428E-03
 20 86 7.111477E-03 0 7.111477E-03
 20 87 5.937934E-03 0 5.937934E-03
 20 88 5.828429E-03 0 5.828429E-03
 20 89 1.918104E-02 0 1.918104E-02
 20 90 2.059118E-02 0 2.059118E-02
 20 91 -3.502808E-02 0 -3.502808E-02
 20 92 1.836971E-03 0 1.836971E-03
 20 93 -3.143238E-03 0 -3.143238E-03
 20 94 -4.514869E-04 0 -4.514869E-04
 20 95 -3.308144E-04 0 -3.308144E-04
 20 96 7.9485E-05 0 7.9485E-05
 20 97 -8.789559E-05 0 -8.789559E-05
 20 98 1.924149E-05 0 1.924149E-05
 20 99 2.502837E-06 0 2.502837E-06
 20 100 1.564655E-06 0 1.564655E-06
 21 25 -2.815465E-04 0 -2.815465E-04
 21 26 2.827493E-04 0 2.827493E-04
 21 27 -2.440726E-03 0 -2.440726E-03
 21 28 -5.940377E-03 0 -5.940377E-03
 21 29 -1.472861E-03 0 -1.472861E-03
 21 30 8.760776E-02 7.971796E-02 7.889795E-03
 21 31 4.0111E-04 0 4.0111E-04
 21 32 -2.764003E-03 0 -2.764003E-03
 21 33 2.373731E-04 0 2.373731E-04
 21 34 5.153449E-04 0 5.153449E-04
 21 35 5.554438E-02 5.26421E-02 2.902272E-03
 21 36 7.811228E-04 0 7.811228E-04
 21 37 -1.3285E-03 0 -1.3285E-03
 21 38 2.05676E-04 0 2.05676E-04
 21 39 -7.617842E-04 0 -7.617842E-04
 21 40 -2.197409E-02 -2.197432E-02 2.308631E-07
 21 41 -1.367354E-04 0 -1.367354E-04
 21 42 -1.475865E-02 -1.475876E-02 1.120345E-07
 21 43 7.039275E-05 0 7.039275E-05
 21 44 3.055871E-05 0 3.055871E-05
 21 45 -1.103254E-02 -1.103141E-02 -1.129284E-06
 21 46 2.539314E-05 0 2.539314E-05
 21 47 -2.100655E-04 0 -2.100655E-04
 21 48 -1.071509E-02 -1.071401E-02 -1.076557E-06
 21 49 3.425163E-05 0 3.425163E-05
 21 50 -1.100174E-04 0 -1.100174E-04
 21 51 1.497754E-02 1.475058E-02 2.269643E-04
 21 52 2.333117E-05 0 2.333117E-05
 21 53 1.183669E-02 1.168401E-02 1.526812E-04
 21 54 -1.919394E-04 0 -1.919394E-04
 21 55 2.801902E-05 0 2.801902E-05
 21 56 -7.809504E-03 -7.808851E-03 -6.523799E-07
 21 57 1.105825E-02 1.092166E-02 1.36593E-04
 21 58 -1.322447E-02 -1.322456E-02 9.273373E-08
 21 59 1.225034E-05 0 1.225034E-05
 21 60 -9.312642E-05 0 -9.312642E-05
 21 61 2.090982E-05 0 2.090982E-05
 21 62 3.150532E-05 0 3.150532E-05
 21 63 -9.413978E-03 -9.413105E-03 -8.737496E-07
 21 64 3.194111E-05 0 3.194111E-05
 21 65 7.592366E-05 0 7.592366E-05
 21 66 2.543973E-02 2.515468E-02 2.850528E-04
 21 67 -1.5991E-03 0 -1.5991E-03
 21 68 -3.085552E-03 0 -3.085552E-03
 21 69 -1.171411E-02 0 -1.171411E-02
 21 70 1.961672E-03 0 1.961672E-03
 21 71 8.564533E-04 0 8.564533E-04
 21 72 4.82499E-02 4.610115E-02 2.148747E-03
 21 73 2.760957E-04 0 2.760957E-04
 21 74 -7.974432E-04 0 -7.974432E-04
 21 75 -1.693816E-02 -1.693831E-02 1.429083E-07
 21 76 -1.238841E-02 -1.238704E-02 -1.369136E-06
 21 77 1.427306E-05 0 1.427306E-05
 21 78 1.300475E-02 1.291986E-02 8.489095E-05
 21 79 3.238031E-05 0 3.238031E-05
 21 80 -5.156324E-04 0 -5.156324E-04
 21 81 8.462133E-05 0 8.462133E-05
 21 82 -1.958015E-02 -1.957708E-02 -3.06761E-06
 21 83 -5.944889E-04 0 -5.944889E-04
 21 84 3.85638E-04 0 3.85638E-04
 21 85 -2.840398E-03 0 -2.840398E-03
 21 86 1.894703E-03 0 1.894703E-03
 21 87 6.830669E-02 6.375444E-02 4.552246E-03
 21 88 -7.980944E-02 -7.981336E-02 3.91263E-06
 21 89 5.433817E-03 0 5.433817E-03
 21 90 5.792279E-03 0 5.792279E-03
 21 91 -1.107637E-02 0 -1.107637E-02
 21 92 4.377217E-02 4.321937E-02 5.528023E-04
 21 93 -2.206634E-03 0 -2.206634E-03
 21 94 -3.92369E-04 0 -3.92369E-04
 21 95 -3.44503E-04 0 -3.44503E-04
 21 96 1.350182E-02 1.341136E-02 9.04594E-05
 21 97 -1.132718E-04 0 -1.132718E-04
 21 98 6.167661E-03 6.141393E-03 2.626794E-05
 21 99 4.472225E-06 0 4.472225E-06
 21 100 2.98409E-06 0 2.98409E-06
 22 25 -1.985845E-04 0 -1.985845E-04
 22 26 2.615084E-04 0 2.615084E-04
 22 27 -1.108511E-03 0 -1.108511E-03
 22 28 -2.433867E-03 0 -2.433867E-03
 22 29 -3.657064E-04 0 -3.657064E-04
 22 30 1.275763E-03 0 1.275763E-03
 22 31 1.053563E-04 0 1.053563E-04
 22 32 -4.965848E-04 0 -4.965848E-04
 22 33 5.785482E-05 0 5.785482E-05
 22 34 1.018327E-04 0 1.018327E-04
 22 35 5.173521E-04 0 5.173521E-04
 22 36 2.599434E-04 0 2.599434E-04
 22 37 -4.040594E-04 0 -4.040594E-04
 22 38 1.161825E-04 0 1.161825E-04
 22 39 -3.605493E-04 0 -3.605493E-04
 22 40 1.114012E-04 0 1.114012E-04
 22 41 -6.378125E-05 0 -6.378125E-05
 22 42 6.00582E-05 0 6.00582E-05
 22 43 5.656497E-05 0 5.656497E-05
 22 44 2.335311E-05 0 2.335311E-05
 22 45 2.174379E-05 0 2.174379E-05
 22 46 1.582915E-05 0 1.582915E-05
 22 47 -7.970752E-05 0 -7.970752E-05
 22 48 1.617005E-05 0 1.617005E-05
 22 49 1.761414E-05 0 1.761414E-05
 22 50 -4.018743E-05 0 -4.018743E-05
 22 51 6.763654E-05 0 6.763654E-05
 22 52 1.201119E-05 0 1.201119E-05
 22 53 5.034687E-05 0 5.034687E-05
 22 54 -6.255188E-05 0 -6.255188E-05
 22 55 1.503616E-05 0 1.503616E-05
 22 56 9.233964E-06 0 9.233964E-06
 22 57 4.144976E-05 0 4.144976E-05
 22 58 2.813347E-05 0 2.813347E-05
 22 59 4.7295E-06 0 4.7295E-06
 22 60 -2.682223E-05 0 -2.682223E-05
 22 61 1.113831E-05 0 1.113831E-05
 22 62 1.70976E-05 0 1.70976E-05
 22 63 1.040046E-05 0 1.040046E-05
 22 64 1.423378E-05 0 1.423378E-05
 22 65 3.195727E-05 0 3.195727E-05
 22 66 8.648387E-05 0 8.648387E-05
 22 67 -4.446979E-04 0 -4.446979E-04
 22 68 -6.454521E-04 0 -6.454521E-04
 22 69 -3.311784E-03 0 -3.311784E-03
 22 70 6.986218E-04 0 6.986218E-04
 22 71 2.366149E-04 0 2.366149E-04
 22 72 5.073933E-04 0 5.073933E-04
 22 73 1.189693E-04 0 1.189693E-04
 22 74 -2.871672E-04 0 -2.871672E-04
 22 75 4.785091E-05 0 4.785091E-05
 22 76 1.919575E-05 0 1.919575E-05
 22 77 6.940328E-06 0 6.940328E-06
 22 78 4.398533E-05 0 4.398533E-05
 22 79 2.191299E-05 0 2.191299E-05
 22 80 -2.964646E-04 0 -2.964646E-04
 22 81 6.964884E-05 0 6.964884E-05
 22 82 6.595729E-05 0 6.595729E-05
 22 83 -2.305615E-04 0 -2.305615E-04
 22 84 3.189062E-04 0 3.189062E-04
 22 85 -1.704466E-03 0 -1.704466E-03
 22 86 2.74565E-03 0 2.74565E-03
 22 87 3.506636E-03 0 3.506636E-03
 22 88 2.611927E-03 0 2.611927E-03
 22 89 3.852574E-03 0 3.852574E-03
 22 90 2.096828E-03 0 2.096828E-03
 22 91 -2.843427E-03 0 -2.843427E-03
 22 92 2.138471E-04 0 2.138471E-04
 22 93 -4.950457E-04 0 -4.950457E-04
 22 94 -7.4735E-05 0 -7.4735E-05
 22 95 -8.99153E-05 0 -8.99153E-05
 22 96 2.672117E-05 0 2.672117E-05
 22 97 -3.146429E-05 0 -3.146429E-05
 22 98 8.429535E-06 0 8.429535E-06
 22 99 1.517495E-06 0 1.517495E-06
 22 100 1.024946E-06 0 1.024946E-06
 23 25 -1.88011E-04 0 -1.88011E-04
 23 26 2.66071E-04 0 2.66071E-04
 23 27 -1.082051E-03 0 -1.082051E-03
 23 28 -1.771325E-03 0 -1.771325E-03
 23 29 -3.562032E-04 0 -3.562032E-04
 23 30 9.259142E-04 0 9.259142E-04
 23 31 5.484862E-05 0 5.484862E-05
 23 32 -3.932575E-04 0 -3.932575E-04
 23 33 2.730985E-05 0 2.730985E-05
 23 34 4.157103E-05 0 4.157103E-05
 23 35 2.938159E-04 0 2.938159E-04
 23 36 9.712095E-05 0 9.712095E-05
 23 37 -2.784802E-04 0 -2.784802E-04
 23 38 5.110248E-05 0 5.110248E-05
 23 39 -2.820066E-04 0 -2.820066E-04
 23 40 8.663263E-05 0 8.663263E-05
 23 41 -7.942024E-05 0 -7.942024E-05
 23 42 6.091447E-05 0 6.091447E-05
 23 43 5.551991E-05 0 5.551991E-05
 23 44 2.300289E-05 0 2.300289E-05
 23 45 2.548043E-05 0 2.548043E-05
 23 46 1.471306E-05 0 1.471306E-05
 23 47 -1.205584E-04 0 -1.205584E-04
 23 48 1.855542E-05 0 1.855542E-05
 23 49 2.017104E-05 0 2.017104E-05
 23 50 -5.359448E-05 0 -5.359448E-05
 23 51 7.408073E-05 0 7.408073E-05
 23 52 9.086027E-06 0 9.086027E-06
 23 53 4.75655E-05 0 4.75655E-05
 23 54 -6.418153E-05 0 -6.418153E-05
 23 55 1.677287E-05 0 1.677287E-05
 23 56 7.491644E-06 0 7.491644E-06
 23 57 3.335196E-05 0 3.335196E-05
 23 58 2.014899E-05 0 2.014899E-05
 23 59 2.853776E-06 0 2.853776E-06
 23 60 -2.7715E-05 0 -2.7715E-05
 23 61 9.119304E-06 0 9.119304E-06
 23 62 1.526027E-05 0 1.526027E-05
 23 63 1.121447E-05 0 1.121447E-05
 23 64 1.864199E-05 0 1.864199E-05
 23 65 4.186095E-05 0 4.186095E-05
 23 66 9.760106E-05 0 9.760106E-05
 23 67 -5.830138E-04 0 -5.830138E-04
 23 68 -1.209882E-03 0 -1.209882E-03
 23 69 -7.949574E-03 0 -7.949574E-03
 23 70 1.388854E-03 0 1.388854E-03
 23 71 4.769192E-04 0 4.769192E-04
 23 72 1.191325E-03 0 1.191325E-03
 23 73 2.599552E-04 0 2.599552E-04
 23 74 -4.791202E-04 0 -4.791202E-04
 23 75 6.817695E-05 0 6.817695E-05
 23 76 2.489626E-05 0 2.489626E-05
 23 77 7.121378E-06 0 7.121378E-06
 23 78 6.35399E-05 0 6.35399E-05
 23 79 2.340127E-05 0 2.340127E-05
 23 80 -4.78168E-04 0 -4.78168E-04
 23 81 8.96936E-05 0 8.96936E-05
 23 82 1.233446E-04 0 1.233446E-04
 23 83 -4.862162E-04 0 -4.862162E-04
 23 84 7.536268E-04 0 7.536268E-04
 23 85 -4.159163E-03 0 -4.159163E-03
 23 86 6.213832E-03 0 6.213832E-03
 23 87 3.78769E-03 0 3.78769E-03
 23 88 1.772082E-03 0 1.772082E-03
 23 89 3.015463E-03 0 3.015463E-03
 23 90 1.273549E-03 0 1.273549E-03
 23 91 -3.295423E-03 0 -3.295423E-03
 23 92 1.773708E-04 0 1.773708E-04
 23 93 -4.975194E-04 0 -4.975194E-04
 23 94 -9.907336E-05 0 -9.907336E-05
 23 95 -9.170778E-05 0 -9.170778E-05
 23 96 2.712811E-05 0 2.712811E-05
 23 97 -3.269742E-05 0 -3.269742E-05
 23 98 7.934741E-06 0 7.934741E-06
 23 99 1.159318E-06 0 1.159318E-06
 23 100 7.430533E-07 0 7.430533E-07
 24 25 -1.355664E-03 0 -1.355664E-03
 24 26 4.746198E-04 0 4.746198E-04
 24 27 -8.905577E-03 0 -8.905577E-03
 24 28 -9.601033E-03 0 -9.601033E-03
 24 29 -2.289955E-03 0 -2.289955E-03
 24 30 1.63387E-03 0 1.63387E-03
 24 31 -1.514344E-05 0 -1.514344E-05
 24 32 -8.673208E-04 0 -8.673208E-04
 24 33 -5.619346E-06 0 -5.619346E-06
 24 34 -5.004871E-06 0 -5.004871E-06
 24 35 3.915177E-04 0 3.915177E-04
 24 36 -3.443222E-05 0 -3.443222E-05
 24 37 -1.231435E-03 0 -1.231435E-03
 24 38 -2.268149E-05 0 -2.268149E-05
 24 39 -1.281178E-03 0 -1.281178E-03
 24 40 2.359194E-04 0 2.359194E-04
 24 41 -5.027095E-04 0 -5.027095E-04
 24 42 1.521592E-04 0 1.521592E-04
 24 43 6.553032E-05 0 6.553032E-05
 24 44 2.219721E-05 0 2.219721E-05
 24 45 5.051632E-05 0 5.051632E-05
 24 46 -5.083685E-06 0 -5.083685E-06
 24 47 -4.958239E-04 0 -4.958239E-04
 24 48 3.210533E-05 0 3.210533E-05
 24 49 2.613789E-05 0 2.613789E-05
 24 50 -2.854639E-04 0 -2.854639E-04
 24 51 1.199248E-04 0 1.199248E-04
 24 52 7.515373E-06 0 7.515373E-06
 24 53 7.790239E-05 0 7.790239E-05
 24 54 -2.446389E-04 0 -2.446389E-04
 24 55 1.474684E-05 0 1.474684E-05
 24 56 1.190921E-05 0 1.190921E-05
 24 57 4.896461E-05 0 4.896461E-05
 24 58 3.42852E-05 0 3.42852E-05
 24 59 -4.102953E-07 0 -4.102953E-07
 24 60 -8.349528E-05 0 -8.349528E-05
 24 61 4.962447E-06 0 4.962447E-06
 24 62 8.899855E-06 0 8.899855E-06
 24 63 1.531953E-05 0 1.531953E-05
 24 64 1.34285E-05 0 1.34285E-05
 24 65 3.33879E-05 0 3.33879E-05
 24 66 1.119386E-04 0 1.119386E-04
 24 67 -1.914809E-03 0 -1.914809E-03
 24 68 -4.296736E-03 0 -4.296736E-03
 24 69 -2.818418E-02 0 -2.818418E-02
 24 70 -4.000621E-03 0 -4.000621E-03
 24 71 -4.538573E-05 0 -4.538573E-05
 24 72 1.340055E-03 0 1.340055E-03
 24 73 2.047941E-04 0 2.047941E-04
 24 74 -1.530899E-03 0 -1.530899E-03
 24 75 1.147313E-04 0 1.147313E-04
 24 76 3.9712E-05 0 3.9712E-05
 24 77 -1.095405E-06 0 -1.095405E-06
 24 78 8.246455E-05 0 8.246455E-05
 24 79 -8.128028E-06 0 -8.128028E-06
 24 80 -2.091185E-03 0 -2.091185E-03
 24 81 9.534907E-05 0 9.534907E-05
 24 82 2.263273E-04 0 2.263273E-04
 24 83 -2.624254E-03 0 -2.624254E-03
 24 84 1.446975E-03 0 1.446975E-03
 24 85 -4.012248E-02 0 -4.012248E-02
 24 86 2.410227E-02 0 2.410227E-02
 24 87 1.899263E-02 0 1.899263E-02
 24 88 1.083434E-02 0 1.083434E-02
 24 89 1.26792E-02 0 1.26792E-02
 24 90 -1.093197E-03 0 -1.093197E-03
 24 91 -1.783085E-02 0 -1.783085E-02
 24 92 -3.217522E-04 0 -3.217522E-04
 24 93 -1.440711E-03 0 -1.440711E-03
 24 94 -3.296457E-04 0 -3.296457E-04
 24 95 -2.058281E-04 0 -2.058281E-04
 24 96 2.381714E-05 0 2.381714E-05
 24 97 -6.152605E-05 0 -6.152605E-05
 24 98 6.34929E-06 0 6.34929E-06
 24 99 -1.139848E-07 0 -1.139848E-07
 24 100 -7.113537E-08 0 -7.113537E-08
