 1 25 -8.252709E-08 0 -8.252709E-08
 1 26 -2.334702E-08 0 -2.334702E-08
 1 27 -1.095522E-07 0 -1.095522E-07
 1 28 -1.582466E-07 0 -1.582466E-07
 1 29 -9.303504E-08 0 -9.303504E-08
 1 30 -1.68138E-08 0 -1.68138E-08
 1 31 -2.946146E-08 0 -2.946146E-08
 1 32 -1.642513E-07 0 -1.642513E-07
 1 33 -3.318449E-08 0 -3.318449E-08
 1 34 -1.791033E-08 0 -1.791033E-08
 1 35 -2.278022E-08 0 -2.278022E-08
 1 36 -3.028211E-08 0 -3.028211E-08
 1 37 -1.773368E-07 0 -1.773368E-07
 1 38 -2.971277E-08 0 -2.971277E-08
 1 39 -1.678104E-07 0 -1.678104E-07
 1 40 -1.964733E-08 0 -1.964733E-08
 1 41 -7.520081E-08 0 -7.520081E-08
 1 42 -1.378845E-08 0 -1.378845E-08
 1 43 -7.766067E-09 0 -7.766067E-09
 1 44 -7.301898E-09 0 -7.301898E-09
 1 45 -1.036901E-08 0 -1.036901E-08
 1 46 -1.510765E-08 0 -1.510765E-08
 1 47 -9.160945E-08 0 -9.160945E-08
 1 48 -1.285206E-08 0 -1.285206E-08
 1 49 -1.495923E-08 0 -1.495923E-08
 1 50 -8.310727E-08 0 -8.310727E-08
 1 51 -1.649903E-08 0 -1.649903E-08
 1 52 -1.635042E-08 0 -1.635042E-08
 1 53 -2.087338E-08 0 -2.087338E-08
 1 54 -1.78495E-07 0 -1.78495E-07
 1 55 -4.380992E-08 0 -4.380992E-08
 1 56 -2.971351E-08 0 -2.971351E-08
 1 57 -3.087724E-08 0 -3.087724E-08
 1 58 -3.829828E-08 0 -3.829828E-08
 1 59 -2.799761E-08 0 -2.799761E-08
 1 60 -2.154104E-07 0 -2.154104E-07
 1 61 -4.198266E-08 0 -4.198266E-08
 1 62 -3.298814E-08 0 -3.298814E-08
 1 63 -1.565525E-08 0 -1.565525E-08
 1 64 -3.120222E-08 0 -3.120222E-08
 1 65 -2.985985E-08 0 -2.985985E-08
 1 66 -3.971603E-08 0 -3.971603E-08
 1 67 -1.15205E-07 0 -1.15205E-07
 1 68 -8.377096E-08 0 -8.377096E-08
 1 69 -9.063427E-08 0 -9.063427E-08
 1 70 -1.183209E-08 0 -1.183209E-08
 1 71 -6.082804E-09 0 -6.082804E-09
 1 72 -7.349469E-09 0 -7.349469E-09
 1 73 -1.544346E-08 0 -1.544346E-08
 1 74 -8.684417E-08 0 -8.684417E-08
 1 75 -1.116102E-08 0 -1.116102E-08
 1 76 -1.06064E-08 0 -1.06064E-08
 1 77 -7.653107E-09 0 -7.653107E-09
 1 78 -2.324416E-08 0 -2.324416E-08
 1 79 -1.203901E-08 0 -1.203901E-08
 1 80 -7.718856E-08 0 -7.718856E-08
 1 81 -5.889368E-09 0 -5.889368E-09
 1 82 -6.104325E-09 0 -6.104325E-09
 1 83 -4.041478E-08 0 -4.041478E-08
 1 84 -6.909152E-09 0 -6.909152E-09
 1 85 -6.455169E-08 0 -6.455169E-08
 1 86 -1.401799E-08 0 -1.401799E-08
 1 87 -9.337176E-09 0 -9.337176E-09
 1 88 -1.424951E-08 0 -1.424951E-08
 1 89 -9.113818E-09 0 -9.113818E-09
 1 90 -1.851414E-08 0 -1.851414E-08
 1 91 -1.151981E-07 0 -1.151981E-07
 1 92 -4.22519E-08 0 -4.22519E-08
 1 93 -1.440525E-07 0 -1.440525E-07
 1 94 -8.331852E-08 0 -8.331852E-08
 1 95 -1.621222E-07 0 -1.621222E-07
 1 96 -4.527851E-08 0 -4.527851E-08
 1 97 -1.540482E-07 0 -1.540482E-07
 1 98 -5.440131E-08 0 -5.440131E-08
 1 99 -1.35402E-08 0 -1.35402E-08
 1 100 -1.586897E-08 0 -1.586897E-08
 2 25 -2.979379E-08 0 -2.979379E-08
 2 26 1.456995E-08 0 1.456995E-08
 2 27 -4.475057E-08 0 -4.475057E-08
 2 28 -7.668625E-08 0 -7.668625E-08
 2 29 -3.396753E-08 0 -3.396753E-08
 2 30 5.529195E-08 0 5.529195E-08
 2 31 1.200383E-08 0 1.200383E-08
 2 32 -7.746042E-08 0 -7.746042E-08
 2 33 1.36238E-08 0 1.36238E-08
 2 34 7.568304E-09 0 7.568304E-09
 2 35 7.608492E-08 0 7.608492E-08
 2 36 1.236602E-08 0 1.236602E-08
 2 37 -7.416002E-08 0 -7.416002E-08
 2 38 1.206282E-08 0 1.206282E-08
 2 39 -7.859521E-08 0 -7.859521E-08
 2 40 3.088877E-08 0 3.088877E-08
 2 41 -2.696361E-08 0 -2.696361E-08
 2 42 2.128734E-08 0 2.128734E-08
 2 43 8.186328E-09 0 8.186328E-09
 2 44 7.654847E-09 0 7.654847E-09
 2 45 1.554662E-08 0 1.554662E-08
 2 46 5.902682E-09 0 5.902682E-09
 2 47 -3.686951E-08 0 -3.686951E-08
 2 48 1.943598E-08 0 1.943598E-08
 2 49 1.794335E-08 0 1.794335E-08
 2 50 -2.990664E-08 0 -2.990664E-08
 2 51 5.353412E-08 0 5.353412E-08
 2 52 1.768642E-08 0 1.768642E-08
 2 53 6.831501E-08 0 6.831501E-08
 2 54 -7.402483E-08 0 -7.402483E-08
 2 55 2.791463E-08 0 2.791463E-08
 2 56 4.66147E-08 0 4.66147E-08
 2 57 1.032111E-07 0 1.032111E-07
 2 58 6.216041E-08 0 6.216041E-08
 2 59 1.189272E-08 0 1.189272E-08
 2 60 -9.000153E-08 0 -9.000153E-08
 2 61 1.91684E-08 0 1.91684E-08
 2 62 1.491825E-08 0 1.491825E-08
 2 63 2.389637E-08 0 2.389637E-08
 2 64 1.961464E-08 0 1.961464E-08
 2 65 1.879847E-08 0 1.879847E-08
 2 66 2.102459E-08 0 2.102459E-08
 2 67 -5.321755E-08 0 -5.321755E-08
 2 68 -3.389703E-08 0 -3.389703E-08
 2 69 -4.294955E-08 0 -4.294955E-08
 2 70 1.986147E-09 0 1.986147E-09
 2 71 2.447915E-09 0 2.447915E-09
 2 72 2.328834E-08 0 2.328834E-08
 2 73 9.493432E-09 0 9.493432E-09
 2 74 -3.957768E-08 0 -3.957768E-08
 2 75 1.713743E-08 0 1.713743E-08
 2 76 1.594955E-08 0 1.594955E-08
 2 77 3.06461E-09 0 3.06461E-09
 2 78 1.198032E-08 0 1.198032E-08
 2 79 4.67172E-09 0 4.67172E-09
 2 80 -3.494534E-08 0 -3.494534E-08
 2 81 6.155264E-09 0 6.155264E-09
 2 82 9.031256E-09 0 9.031256E-09
 2 83 -1.569877E-08 0 -1.569877E-08
 2 84 8.125329E-09 0 8.125329E-09
 2 85 -2.582149E-08 0 -2.582149E-08
 2 86 8.605559E-09 0 8.605559E-09
 2 87 2.984702E-08 0 2.984702E-08
 2 88 2.226071E-08 0 2.226071E-08
 2 89 9.762953E-09 0 9.762953E-09
 2 90 7.393652E-09 0 7.393652E-09
 2 91 -5.338383E-08 0 -5.338383E-08
 2 92 5.513945E-10 0 5.513945E-10
 2 93 -6.732936E-08 0 -6.732936E-08
 2 94 -3.023415E-08 0 -3.023415E-08
 2 95 -7.587497E-08 0 -7.587497E-08
 2 96 2.405904E-08 0 2.405904E-08
 2 97 -7.17177E-08 0 -7.17177E-08
 2 98 2.900127E-08 0 2.900127E-08
 2 99 5.541957E-09 0 5.541957E-09
 2 100 6.527273E-09 0 6.527273E-09
 3 25 -1.673855E-08 0 -1.673855E-08
 3 26 2.469837E-08 0 2.469837E-08
 3 27 -3.256846E-08 0 -3.256846E-08
 3 28 -5.439565E-08 0 -5.439565E-08
 3 29 -1.424558E-08 0 -1.424558E-08
 3 30 -7.769315E-06 -7.79142E-06 2.210546E-08
 3 31 1.931503E-08 0 1.931503E-08
 3 32 -5.970926E-08 0 -5.970926E-08
 3 33 2.225179E-08 0 2.225179E-08
 3 34 2.292671E-08 0 2.292671E-08
 3 35 -1.293725E-05 -1.296776E-05 3.050794E-08
 3 36 1.968252E-08 0 1.968252E-08
 3 37 -5.420193E-08 0 -5.420193E-08
 3 38 1.879611E-08 0 1.879611E-08
 3 39 -5.774313E-08 0 -5.774313E-08
 3 40 6.519325E-06 6.474802E-06 4.452327E-08
 3 41 -1.100776E-08 0 -1.100776E-08
 3 42 3.466692E-06 3.436058E-06 3.06334E-08
 3 43 1.004446E-08 0 1.004446E-08
 3 44 9.358098E-09 0 9.358098E-09
 3 45 3.003356E-06 2.981109E-06 2.22474E-08
 3 46 9.169954E-09 0 9.169954E-09
 3 47 -2.678864E-08 0 -2.678864E-08
 3 48 4.490609E-06 4.462532E-06 2.807725E-08
 3 49 1.982369E-08 0 1.982369E-08
 3 50 -1.229887E-08 0 -1.229887E-08
 3 51 -7.06915E-06 -7.09001E-06 2.085996E-08
 3 52 2.163551E-08 0 2.163551E-08
 3 53 -1.023216E-05 -1.025842E-05 2.625491E-08
 3 54 -5.35223E-08 0 -5.35223E-08
 3 55 4.736835E-08 0 4.736835E-08
 3 56 1.771377E-05 1.76474E-05 6.637095E-08
 3 57 -1.929213E-05 -1.933185E-05 3.971553E-08
 3 58 1.982916E-05 1.97383E-05 9.08566E-08
 3 59 3.456725E-08 0 3.456725E-08
 3 60 -6.586664E-08 0 -6.586664E-08
 3 61 4.089591E-08 0 4.089591E-08
 3 62 3.182442E-08 0 3.182442E-08
 3 63 6.548736E-06 6.513546E-06 3.519058E-08
 3 64 3.42544E-08 0 3.42544E-08
 3 65 3.278791E-08 0 3.278791E-08
 3 66 -5.230551E-06 -5.230593E-06 4.2653E-11
 3 67 -4.026736E-08 0 -4.026736E-08
 3 68 -2.532446E-08 0 -2.532446E-08
 3 69 -3.102583E-08 0 -3.102583E-08
 3 70 7.132013E-09 0 7.132013E-09
 3 71 7.39326E-09 0 7.39326E-09
 3 72 -1.758258E-06 -1.76763E-06 9.371955E-09
 3 73 1.666243E-08 0 1.666243E-08
 3 74 -2.982725E-08 0 -2.982725E-08
 3 75 2.500464E-06 2.475021E-06 2.544305E-08
 3 76 3.257515E-06 3.234212E-06 2.330303E-08
 3 77 8.954311E-09 0 8.954311E-09
 3 78 -1.881172E-06 -1.881196E-06 2.381902E-11
 3 79 7.290519E-09 0 7.290519E-09
 3 80 -2.590271E-08 0 -2.590271E-08
 3 81 7.624234E-09 0 7.624234E-09
 3 82 1.155087E-06 1.141897E-06 1.319E-08
 3 83 -9.679878E-09 0 -9.679878E-09
 3 84 9.17313E-09 0 9.17313E-09
 3 85 -1.894406E-08 0 -1.894406E-08
 3 86 1.484622E-08 0 1.484622E-08
 3 87 -2.626401E-06 -2.63809E-06 1.168884E-08
 3 88 3.88732E-06 3.854587E-06 3.27329E-08
 3 89 1.225058E-08 0 1.225058E-08
 3 90 1.177621E-08 0 1.177621E-08
 3 91 -4.033109E-08 0 -4.033109E-08
 3 92 -2.462742E-06 -2.466434E-06 3.691395E-09
 3 93 -5.125208E-08 0 -5.125208E-08
 3 94 -1.295607E-08 0 -1.295607E-08
 3 95 -5.812272E-08 0 -5.812272E-08
 3 96 -6.695366E-06 -6.695415E-06 4.948964E-11
 3 97 -5.565504E-08 0 -5.565504E-08
 3 98 -9.183445E-06 -9.183505E-06 6.01588E-11
 3 99 1.696595E-08 0 1.696595E-08
 3 100 2.012256E-08 0 2.012256E-08
 4 25 -6.430265E-09 0 -6.430265E-09
 4 26 1.863835E-08 0 1.863835E-08
 4 27 -2.324292E-08 0 -2.324292E-08
 4 28 -4.057609E-08 0 -4.057609E-08
 4 29 -5.862054E-09 0 -5.862054E-09
 4 30 -6.756674E-06 -6.778643E-06 2.196902E-08
 4 31 1.331912E-08 0 1.331912E-08
 4 32 -4.012576E-08 0 -4.012576E-08
 4 33 1.538743E-08 0 1.538743E-08
 4 34 1.149085E-08 0 1.149085E-08
 4 35 -1.136944E-05 -1.139983E-05 3.039429E-08
 4 36 1.374869E-08 0 1.374869E-08
 4 37 -3.852199E-08 0 -3.852199E-08
 4 38 1.308593E-08 0 1.308593E-08
 4 39 -3.880726E-08 0 -3.880726E-08
 4 40 5.607199E-06 5.57516E-06 3.203911E-08
 4 41 -4.505172E-09 0 -4.505172E-09
 4 42 2.941207E-06 2.919222E-06 2.198463E-08
 4 43 6.31462E-09 0 6.31462E-09
 4 44 5.848921E-09 0 5.848921E-09
 4 45 2.500477E-06 2.485942E-06 1.453515E-08
 4 46 6.246577E-09 0 6.246577E-09
 4 47 -1.864608E-08 0 -1.864608E-08
 4 48 3.67421E-06 3.656118E-06 1.80922E-08
 4 49 1.173555E-08 0 1.173555E-08
 4 50 -4.967995E-09 0 -4.967995E-09
 4 51 -5.843052E-06 -5.863174E-06 2.012118E-08
 4 52 1.31562E-08 0 1.31562E-08
 4 53 -8.511013E-06 -8.536335E-06 2.532199E-08
 4 54 -3.698459E-08 0 -3.698459E-08
 4 55 3.414954E-08 0 3.414954E-08
 4 56 1.458935E-05 1.454708E-05 4.226792E-08
 4 57 -1.617202E-05 -1.621024E-05 3.822045E-08
 4 58 1.661809E-05 1.655448E-05 6.360644E-08
 4 59 1.647893E-08 0 1.647893E-08
 4 60 -4.4823E-08 0 -4.4823E-08
 4 61 2.842718E-08 0 2.842718E-08
 4 62 2.230307E-08 0 2.230307E-08
 4 63 5.293986E-06 5.271565E-06 2.242179E-08
 4 64 2.46816E-08 0 2.46816E-08
 4 65 2.386303E-08 0 2.386303E-08
 4 66 -4.353622E-06 -4.352991E-06 -6.311262E-10
 4 67 -2.684557E-08 0 -2.684557E-08
 4 68 -1.788634E-08 0 -1.788634E-08
 4 69 -2.307316E-08 0 -2.307316E-08
 4 70 4.183206E-09 0 4.183206E-09
 4 71 3.701093E-09 0 3.701093E-09
 4 72 -1.488709E-06 -1.497988E-06 9.279017E-09
 4 73 1.236494E-08 0 1.236494E-08
 4 74 -1.988778E-08 0 -1.988778E-08
 4 75 2.060393E-06 2.042377E-06 1.801552E-08
 4 76 2.662834E-06 2.647777E-06 1.50574E-08
 4 77 4.351937E-09 0 4.351937E-09
 4 78 -1.555588E-06 -1.555234E-06 -3.543914E-10
 4 79 5.002676E-09 0 5.002676E-09
 4 80 -1.740959E-08 0 -1.740959E-08
 4 81 4.807341E-09 0 4.807341E-09
 4 82 9.744862E-07 9.657383E-07 8.747901E-09
 4 83 -7.232138E-09 0 -7.232138E-09
 4 84 5.625667E-09 0 5.625667E-09
 4 85 -1.356162E-08 0 -1.356162E-08
 4 86 1.131108E-08 0 1.131108E-08
 4 87 -2.316387E-06 -2.328187E-06 1.180034E-08
 4 88 3.433063E-06 3.409047E-06 2.401569E-08
 4 89 7.824266E-09 0 7.824266E-09
 4 90 8.252647E-09 0 8.252647E-09
 4 91 -2.725716E-08 0 -2.725716E-08
 4 92 -2.124124E-06 -2.122915E-06 -1.209699E-09
 4 93 -3.42233E-08 0 -3.42233E-08
 4 94 -5.255048E-09 0 -5.255048E-09
 4 95 -3.818683E-08 0 -3.818683E-08
 4 96 -5.499268E-06 -5.498544E-06 -7.247288E-10
 4 97 -3.627229E-08 0 -3.627229E-08
 4 98 -7.410681E-06 -7.409813E-06 -8.684115E-10
 4 99 8.049486E-09 0 8.049486E-09
 4 100 9.490065E-09 0 9.490065E-09
 5 25 -1.619072E-08 0 -1.619072E-08
 5 26 2.407865E-08 0 2.407865E-08
 5 27 -3.202992E-08 0 -3.202992E-08
 5 28 -5.401979E-08 0 -5.401979E-08
 5 29 -1.413519E-08 0 -1.413519E-08
 5 30 -7.849947E-06 -7.872194E-06 2.224674E-08
 5 31 1.94627E-08 0 1.94627E-08
 5 32 -6.07815E-08 0 -6.07815E-08
 5 33 2.285711E-08 0 2.285711E-08
 5 34 2.361247E-08 0 2.361247E-08
 5 35 -1.329141E-05 -1.332246E-05 3.104664E-08
 5 36 1.985564E-08 0 1.985564E-08
 5 37 -5.386029E-08 0 -5.386029E-08
 5 38 1.850085E-08 0 1.850085E-08
 5 39 -5.609036E-08 0 -5.609036E-08
 5 40 6.121934E-06 6.079078E-06 4.28557E-08
 5 41 -1.05331E-08 0 -1.05331E-08
 5 42 3.181633E-06 3.152472E-06 2.916129E-08
 5 43 9.627816E-09 0 9.627816E-09
 5 44 8.879365E-09 0 8.879365E-09
 5 45 2.719982E-06 2.698949E-06 2.103305E-08
 5 46 8.709187E-09 0 8.709187E-09
 5 47 -2.563422E-08 0 -2.563422E-08
 5 48 4.088389E-06 4.061814E-06 2.657436E-08
 5 49 1.868038E-08 0 1.868038E-08
 5 50 -1.174241E-08 0 -1.174241E-08
 5 51 -6.551147E-06 -6.571061E-06 1.991488E-08
 5 52 2.036142E-08 0 2.036142E-08
 5 53 -9.371788E-06 -9.396629E-06 2.4841E-08
 5 54 -5.132858E-08 0 -5.132858E-08
 5 55 4.496596E-08 0 4.496596E-08
 5 56 1.61276E-05 1.606524E-05 6.235498E-08
 5 57 -1.797524E-05 -1.801312E-05 3.787585E-08
 5 58 1.88472E-05 1.87594E-05 8.779746E-08
 5 59 3.299935E-08 0 3.299935E-08
 5 60 -6.327465E-08 0 -6.327465E-08
 5 61 3.894656E-08 0 3.894656E-08
 5 62 3.038485E-08 0 3.038485E-08
 5 63 6.101348E-06 6.067636E-06 3.371172E-08
 5 64 3.317095E-08 0 3.317095E-08
 5 65 3.199326E-08 0 3.199326E-08
 5 66 -5.06565E-06 -5.065692E-06 4.184823E-11
 5 67 -3.969551E-08 0 -3.969551E-08
 5 68 -2.52003E-08 0 -2.52003E-08
 5 69 -3.096249E-08 0 -3.096249E-08
 5 70 7.147683E-09 0 7.147683E-09
 5 71 7.430528E-09 0 7.430528E-09
 5 72 -1.737855E-06 -1.747168E-06 9.312961E-09
 5 73 1.644233E-08 0 1.644233E-08
 5 74 -2.913326E-08 0 -2.913326E-08
 5 75 2.35293E-06 2.328337E-06 2.459243E-08
 5 76 3.01055E-06 2.988272E-06 2.227769E-08
 5 77 8.512729E-09 0 8.512729E-09
 5 78 -1.734441E-06 -1.734463E-06 2.279048E-11
 5 79 6.972601E-09 0 6.972601E-09
 5 80 -2.501109E-08 0 -2.501109E-08
 5 81 7.361482E-09 0 7.361482E-09
 5 82 1.087747E-06 1.074966E-06 1.278025E-08
 5 83 -9.460542E-09 0 -9.460542E-09
 5 84 8.988708E-09 0 8.988708E-09
 5 85 -1.864908E-08 0 -1.864908E-08
 5 86 1.471616E-08 0 1.471616E-08
 5 87 -2.569968E-06 -2.581516E-06 1.154767E-08
 5 88 3.837543E-06 3.805054E-06 3.248857E-08
 5 89 1.221573E-08 0 1.221573E-08
 5 90 1.18071E-08 0 1.18071E-08
 5 91 -4.018883E-08 0 -4.018883E-08
 5 92 -2.478074E-06 -2.481779E-06 3.704987E-09
 5 93 -5.111842E-08 0 -5.111842E-08
 5 94 -1.292823E-08 0 -1.292823E-08
 5 95 -5.758079E-08 0 -5.758079E-08
 5 96 -6.550496E-06 -6.550545E-06 4.883549E-11
 5 97 -5.530102E-08 0 -5.530102E-08
 5 98 -8.950448E-06 -8.950507E-06 5.919848E-11
 5 99 1.664752E-08 0 1.664752E-08
 5 100 1.981275E-08 0 1.981275E-08
 6 25 -1.404662E-08 0 -1.404662E-08
 6 26 2.079108E-08 0 2.079108E-08
 6 27 -2.773463E-08 0 -2.773463E-08
 6 28 -4.658847E-08 0 -4.658847E-08
 6 29 -1.226245E-08 0 -1.226245E-08
 6 30 -6.211066E-06 -6.230348E-06 1.928218E-08
 6 31 1.692785E-08 0 1.692785E-08
 6 32 -5.318185E-08 0 -5.318185E-08
 6 33 1.98394E-08 0 1.98394E-08
 6 34 2.031722E-08 0 2.031722E-08
 6 35 -1.04282E-05 -1.045477E-05 2.657244E-08
 6 36 1.699772E-08 0 1.699772E-08
 6 37 -4.604474E-08 0 -4.604474E-08
 6 38 1.581698E-08 0 1.581698E-08
 6 39 -4.839901E-08 0 -4.839901E-08
 6 40 4.803158E-06 4.766097E-06 3.706111E-08
 6 41 -9.200581E-09 0 -9.200581E-09
 6 42 2.5265E-06 2.500909E-06 2.559127E-08
 6 43 8.488901E-09 0 8.488901E-09
 6 44 7.883151E-09 0 7.883151E-09
 6 45 2.199768E-06 2.181089E-06 1.867926E-08
 6 46 7.777651E-09 0 7.777651E-09
 6 47 -2.285494E-08 0 -2.285494E-08
 6 48 3.376946E-06 3.353157E-06 2.378926E-08
 6 49 1.659522E-08 0 1.659522E-08
 6 50 -1.036148E-08 0 -1.036148E-08
 6 51 -5.361674E-06 -5.379327E-06 1.765333E-08
 6 52 1.804136E-08 0 1.804136E-08
 6 53 -7.574676E-06 -7.596439E-06 2.176265E-08
 6 54 -4.491761E-08 0 -4.491761E-08
 6 55 3.959241E-08 0 3.959241E-08
 6 56 1.313515E-05 1.308065E-05 5.450307E-08
 6 57 -1.441924E-05 -1.445198E-05 3.27386E-08
 6 58 1.521026E-05 1.513414E-05 7.612102E-08
 6 59 2.891124E-08 0 2.891124E-08
 6 60 -5.597492E-08 0 -5.597492E-08
 6 61 3.484707E-08 0 3.484707E-08
 6 62 2.721053E-08 0 2.721053E-08
 6 63 5.154896E-06 5.124429E-06 3.04675E-08
 6 64 2.985816E-08 0 2.985816E-08
 6 65 2.85331E-08 0 2.85331E-08
 6 66 -4.182609E-06 -4.182646E-06 3.738524E-11
 6 67 -3.523191E-08 0 -3.523191E-08
 6 68 -2.238662E-08 0 -2.238662E-08
 6 69 -2.742043E-08 0 -2.742043E-08
 6 70 6.345821E-09 0 6.345821E-09
 6 71 6.634702E-09 0 6.634702E-09
 6 72 -1.417115E-06 -1.425463E-06 8.347901E-09
 6 73 1.474834E-08 0 1.474834E-08
 6 74 -2.607492E-08 0 -2.607492E-08
 6 75 1.951051E-06 1.92888E-06 2.217064E-08
 6 76 2.504041E-06 2.483963E-06 2.007749E-08
 6 77 7.694404E-09 0 7.694404E-09
 6 78 -1.425406E-06 -1.425427E-06 2.050948E-11
 6 79 6.235315E-09 0 6.235315E-09
 6 80 -2.22071E-08 0 -2.22071E-08
 6 81 6.542119E-09 0 6.542119E-09
 6 82 8.772242E-07 8.657961E-07 1.142804E-08
 6 83 -8.425908E-09 0 -8.425908E-09
 6 84 7.959292E-09 0 7.959292E-09
 6 85 -1.641666E-08 0 -1.641666E-08
 6 86 1.286031E-08 0 1.286031E-08
 6 87 -1.988217E-06 -1.998237E-06 1.002011E-08
 6 88 2.969796E-06 2.941759E-06 2.803778E-08
 6 89 1.061251E-08 0 1.061251E-08
 6 90 1.025745E-08 0 1.025745E-08
 6 91 -3.519533E-08 0 -3.519533E-08
 6 92 -1.987911E-06 -1.991167E-06 3.255678E-09
 6 93 -4.502521E-08 0 -4.502521E-08
 6 94 -1.149167E-08 0 -1.149167E-08
 6 95 -5.142972E-08 0 -5.142972E-08
 6 96 -5.531475E-06 -5.531519E-06 4.410135E-11
 6 97 -5.016745E-08 0 -5.016745E-08
 6 98 -7.743524E-06 -7.743578E-06 5.410428E-11
 6 99 1.537608E-08 0 1.537608E-08
 6 100 1.83693E-08 0 1.83693E-08
 7 25 -1.182392E-08 0 -1.182392E-08
 7 26 1.736548E-08 0 1.736548E-08
 7 27 -2.301821E-08 0 -2.301821E-08
 7 28 -3.835364E-08 0 -3.835364E-08
 7 29 -1.001236E-08 0 -1.001236E-08
 7 30 -4.380228E-06 -4.395894E-06 1.566579E-08
 7 31 1.361595E-08 0 1.361595E-08
 7 32 -4.269125E-08 0 -4.269125E-08
 7 33 1.579381E-08 0 1.579381E-08
 7 34 1.629788E-08 0 1.629788E-08
 7 35 -7.351708E-06 -7.373075E-06 2.136677E-08
 7 36 1.380969E-08 0 1.380969E-08
 7 37 -3.747927E-08 0 -3.747927E-08
 7 38 1.299854E-08 0 1.299854E-08
 7 39 -3.986512E-08 0 -3.986512E-08
 7 40 3.500111E-06 3.469307E-06 3.080323E-08
 7 41 -7.669555E-09 0 -7.669555E-09
 7 42 1.846182E-06 1.824673E-06 2.150932E-08
 7 43 7.15592E-09 0 7.15592E-09
 7 44 6.65942E-09 0 6.65942E-09
 7 45 1.593592E-06 1.577933E-06 1.565929E-08
 7 46 6.489687E-09 0 6.489687E-09
 7 47 -1.892217E-08 0 -1.892217E-08
 7 48 2.401003E-06 2.381392E-06 1.961123E-08
 7 49 1.371341E-08 0 1.371341E-08
 7 50 -8.53211E-09 0 -8.53211E-09
 7 51 -3.794048E-06 -3.808458E-06 1.440964E-08
 7 52 1.471799E-08 0 1.471799E-08
 7 53 -5.4207E-06 -5.438469E-06 1.776899E-08
 7 54 -3.640683E-08 0 -3.640683E-08
 7 55 3.185302E-08 0 3.185302E-08
 7 56 9.357888E-06 9.314001E-06 4.388628E-08
 7 57 -1.027605E-05 -1.030238E-05 2.632614E-08
 7 58 1.073417E-05 1.067344E-05 6.073577E-08
 7 59 2.294861E-08 0 2.294861E-08
 7 60 -4.456015E-08 0 -4.456015E-08
 7 61 2.788885E-08 0 2.788885E-08
 7 62 2.200677E-08 0 2.200677E-08
 7 63 3.582813E-06 3.558199E-06 2.461387E-08
 7 64 2.392274E-08 0 2.392274E-08
 7 65 2.296973E-08 0 2.296973E-08
 7 66 -2.90984E-06 -2.90987E-06 3.034906E-11
 7 67 -2.879281E-08 0 -2.879281E-08
 7 68 -1.838664E-08 0 -1.838664E-08
 7 69 -2.269632E-08 0 -2.269632E-08
 7 70 5.286387E-09 0 5.286387E-09
 7 71 5.503758E-09 0 5.503758E-09
 7 72 -9.904588E-07 -9.973781E-07 6.919318E-09
 7 73 1.215151E-08 0 1.215151E-08
 7 74 -2.154101E-08 0 -2.154101E-08
 7 75 1.372918E-06 1.354591E-06 1.832721E-08
 7 76 1.766036E-06 1.74948E-06 1.655647E-08
 7 77 6.396012E-09 0 6.396012E-09
 7 78 -1.013795E-06 -1.013812E-06 1.714456E-11
 7 79 5.236138E-09 0 5.236138E-09
 7 80 -1.86348E-08 0 -1.86348E-08
 7 81 5.532731E-09 0 5.532731E-09
 7 82 6.304706E-07 6.208124E-07 9.658207E-09
 7 83 -7.084759E-09 0 -7.084759E-09
 7 84 6.724909E-09 0 6.724909E-09
 7 85 -1.379076E-08 0 -1.379076E-08
 7 86 1.083193E-08 0 1.083193E-08
 7 87 -1.446242E-06 -1.454681E-06 8.438769E-09
 7 88 2.157658E-06 2.134222E-06 2.343634E-08
 7 89 8.839488E-09 0 8.839488E-09
 7 90 8.46965E-09 0 8.46965E-09
 7 91 -2.892529E-08 0 -2.892529E-08
 7 92 -1.393614E-06 -1.396271E-06 2.657102E-09
 7 93 -3.644353E-08 0 -3.644353E-08
 7 94 -9.262721E-09 0 -9.262721E-09
 7 95 -4.112827E-08 0 -4.112827E-08
 7 96 -3.79015E-06 -3.790186E-06 3.530425E-11
 7 97 -3.986075E-08 0 -3.986075E-08
 7 98 -5.247908E-06 -5.247951E-06 4.273724E-11
 7 99 1.218993E-08 0 1.218993E-08
 7 100 1.442436E-08 0 1.442436E-08
 8 25 -9.310959E-08 0 -9.310959E-08
 8 26 -4.294991E-08 0 -4.294991E-08
 8 27 -1.304192E-07 0 -1.304192E-07
 8 28 -1.774493E-07 0 -1.774493E-07
 8 29 -1.258155E-07 0 -1.258155E-07
 8 30 -4.380906E-08 0 -4.380906E-08
 8 31 -6.403539E-08 0 -6.403539E-08
 8 32 -1.97656E-07 0 -1.97656E-07
 8 33 -7.4949E-08 0 -7.4949E-08
 8 34 -3.643194E-08 0 -3.643194E-08
 8 35 -6.027395E-08 0 -6.027395E-08
 8 36 -6.546539E-08 0 -6.546539E-08
 8 37 -2.138653E-07 0 -2.138653E-07
 8 38 -6.098466E-08 0 -6.098466E-08
 8 39 -1.818297E-07 0 -1.818297E-07
 8 40 -3.527747E-08 0 -3.527747E-08
 8 41 -9.464539E-08 0 -9.464539E-08
 8 42 -2.439814E-08 0 -2.439814E-08
 8 43 -1.766956E-08 0 -1.766956E-08
 8 44 -1.631989E-08 0 -1.631989E-08
 8 45 -1.646899E-08 0 -1.646899E-08
 8 46 -2.947533E-08 0 -2.947533E-08
 8 47 -1.045232E-07 0 -1.045232E-07
 8 48 -2.052704E-08 0 -2.052704E-08
 8 49 -3.070225E-08 0 -3.070225E-08
 8 50 -1.045874E-07 0 -1.045874E-07
 8 51 -3.892415E-08 0 -3.892415E-08
 8 52 -3.577327E-08 0 -3.577327E-08
 8 53 -4.799425E-08 0 -4.799425E-08
 8 54 -2.021399E-07 0 -2.021399E-07
 8 55 -7.673872E-08 0 -7.673872E-08
 8 56 -4.602679E-08 0 -4.602679E-08
 8 57 -7.159328E-08 0 -7.159328E-08
 8 58 -6.921361E-08 0 -6.921361E-08
 8 59 -4.895013E-08 0 -4.895013E-08
 8 60 -2.459788E-07 0 -2.459788E-07
 8 61 -6.165436E-08 0 -6.165436E-08
 8 62 -4.876971E-08 0 -4.876971E-08
 8 63 -2.575546E-08 0 -2.575546E-08
 8 64 -5.770206E-08 0 -5.770206E-08
 8 65 -5.585063E-08 0 -5.585063E-08
 8 66 -5.928158E-08 0 -5.928158E-08
 8 67 -1.307853E-07 0 -1.307853E-07
 8 68 -1.036508E-07 0 -1.036508E-07
 8 69 -1.043229E-07 0 -1.043229E-07
 8 70 -2.21841E-08 0 -2.21841E-08
 8 71 -1.204508E-08 0 -1.204508E-08
 8 72 -1.904042E-08 0 -1.904042E-08
 8 73 -2.975306E-08 0 -2.975306E-08
 8 74 -9.722613E-08 0 -9.722613E-08
 8 75 -2.068993E-08 0 -2.068993E-08
 8 76 -1.737434E-08 0 -1.737434E-08
 8 77 -1.354264E-08 0 -1.354264E-08
 8 78 -3.310578E-08 0 -3.310578E-08
 8 79 -2.387543E-08 0 -2.387543E-08
 8 80 -8.405381E-08 0 -8.405381E-08
 8 81 -1.367791E-08 0 -1.367791E-08
 8 82 -1.027124E-08 0 -1.027124E-08
 8 83 -5.417993E-08 0 -5.417993E-08
 8 84 -1.542826E-08 0 -1.542826E-08
 8 85 -7.783281E-08 0 -7.783281E-08
 8 86 -2.693339E-08 0 -2.693339E-08
 8 87 -2.349163E-08 0 -2.349163E-08
 8 88 -2.731097E-08 0 -2.731097E-08
 8 89 -2.236181E-08 0 -2.236181E-08
 8 90 -3.990756E-08 0 -3.990756E-08
 8 91 -1.328923E-07 0 -1.328923E-07
 8 92 -5.992562E-08 0 -5.992562E-08
 8 93 -1.667704E-07 0 -1.667704E-07
 8 94 -1.154561E-07 0 -1.154561E-07
 8 95 -1.862466E-07 0 -1.862466E-07
 8 96 -6.874142E-08 0 -6.874142E-08
 8 97 -1.795577E-07 0 -1.795577E-07
 8 98 -8.255879E-08 0 -8.255879E-08
 8 99 -2.584233E-08 0 -2.584233E-08
 8 100 -3.054615E-08 0 -3.054615E-08
 9 25 -8.254151E-08 0 -8.254151E-08
 9 26 -3.33756E-08 0 -3.33756E-08
 9 27 -1.157255E-07 0 -1.157255E-07
 9 28 -1.612925E-07 0 -1.612925E-07
 9 29 -1.135164E-07 0 -1.135164E-07
 9 30 -2.984007E-08 0 -2.984007E-08
 9 31 -5.559084E-08 0 -5.559084E-08
 9 32 -1.905469E-07 0 -1.905469E-07
 9 33 -6.582292E-08 0 -6.582292E-08
 9 34 -2.978395E-08 0 -2.978395E-08
 9 35 -4.108313E-08 0 -4.108313E-08
 9 36 -5.59006E-08 0 -5.59006E-08
 9 37 -1.90764E-07 0 -1.90764E-07
 9 38 -5.121234E-08 0 -5.121234E-08
 9 39 -1.68039E-07 0 -1.68039E-07
 9 40 -2.622787E-08 0 -2.622787E-08
 9 41 -8.368084E-08 0 -8.368084E-08
 9 42 -1.814485E-08 0 -1.814485E-08
 9 43 -1.319936E-08 0 -1.319936E-08
 9 44 -1.219036E-08 0 -1.219036E-08
 9 45 -1.297212E-08 0 -1.297212E-08
 9 46 -2.499175E-08 0 -2.499175E-08
 9 47 -9.386261E-08 0 -9.386261E-08
 9 48 -1.641652E-08 0 -1.641652E-08
 9 49 -2.01713E-08 0 -2.01713E-08
 9 50 -9.369176E-08 0 -9.369176E-08
 9 51 -2.633469E-08 0 -2.633469E-08
 9 52 -2.710498E-08 0 -2.710498E-08
 9 53 -3.20817E-08 0 -3.20817E-08
 9 54 -1.813E-07 0 -1.813E-07
 9 55 -6.108405E-08 0 -6.108405E-08
 9 56 -3.653762E-08 0 -3.653762E-08
 9 57 -4.792929E-08 0 -4.792929E-08
 9 58 -5.277776E-08 0 -5.277776E-08
 9 59 -3.958224E-08 0 -3.958224E-08
 9 60 -2.246129E-07 0 -2.246129E-07
 9 61 -4.864837E-08 0 -4.864837E-08
 9 62 -3.833264E-08 0 -3.833264E-08
 9 63 -2.106179E-08 0 -2.106179E-08
 9 64 -4.712797E-08 0 -4.712797E-08
 9 65 -4.533626E-08 0 -4.533626E-08
 9 66 -4.696277E-08 0 -4.696277E-08
 9 67 -1.24603E-07 0 -1.24603E-07
 9 68 -9.467454E-08 0 -9.467454E-08
 9 69 -9.658371E-08 0 -9.658371E-08
 9 70 -1.970184E-08 0 -1.970184E-08
 9 71 -9.84203E-09 0 -9.84203E-09
 9 72 -1.308419E-08 0 -1.308419E-08
 9 73 -2.406158E-08 0 -2.406158E-08
 9 74 -9.232212E-08 0 -9.232212E-08
 9 75 -1.5926E-08 0 -1.5926E-08
 9 76 -1.401487E-08 0 -1.401487E-08
 9 77 -1.091048E-08 0 -1.091048E-08
 9 78 -2.570143E-08 0 -2.570143E-08
 9 79 -2.02483E-08 0 -2.02483E-08
 9 80 -7.833062E-08 0 -7.833062E-08
 9 81 -1.028731E-08 0 -1.028731E-08
 9 82 -8.172502E-09 0 -8.172502E-09
 9 83 -4.759429E-08 0 -4.759429E-08
 9 84 -1.014368E-08 0 -1.014368E-08
 9 85 -6.946792E-08 0 -6.946792E-08
 9 86 -2.115263E-08 0 -2.115263E-08
 9 87 -1.559078E-08 0 -1.559078E-08
 9 88 -2.045127E-08 0 -2.045127E-08
 9 89 -1.689029E-08 0 -1.689029E-08
 9 90 -3.406366E-08 0 -3.406366E-08
 9 91 -1.25531E-07 0 -1.25531E-07
 9 92 -5.031178E-08 0 -5.031178E-08
 9 93 -1.595533E-07 0 -1.595533E-07
 9 94 -1.070013E-07 0 -1.070013E-07
 9 95 -1.806676E-07 0 -1.806676E-07
 9 96 -5.541513E-08 0 -5.541513E-08
 9 97 -1.769511E-07 0 -1.769511E-07
 9 98 -6.752163E-08 0 -6.752163E-08
 9 99 -2.1952E-08 0 -2.1952E-08
 9 100 -2.618217E-08 0 -2.618217E-08
 10 25 -1.873848E-08 0 -1.873848E-08
 10 26 1.11693E-08 0 1.11693E-08
 10 27 -3.654823E-08 0 -3.654823E-08
 10 28 -5.920884E-08 0 -5.920884E-08
 10 29 -2.374264E-08 0 -2.374264E-08
 10 30 3.368538E-06 3.302398E-06 6.613969E-08
 10 31 1.151838E-08 0 1.151838E-08
 10 32 -6.875918E-08 0 -6.875918E-08
 10 33 1.352055E-08 0 1.352055E-08
 10 34 1.079465E-08 0 1.079465E-08
 10 35 5.652831E-06 5.563091E-06 8.974063E-08
 10 36 1.152207E-08 0 1.152207E-08
 10 37 -5.910106E-08 0 -5.910106E-08
 10 38 1.063463E-08 0 1.063463E-08
 10 39 -6.117549E-08 0 -6.117549E-08
 10 40 -2.431848E-06 -2.431875E-06 2.744045E-11
 10 41 -1.782884E-08 0 -1.782884E-08
 10 42 -1.270596E-06 -1.270615E-06 1.929558E-11
 10 43 7.073936E-09 0 7.073936E-09
 10 44 6.576017E-09 0 6.576017E-09
 10 45 -1.107203E-06 -1.106907E-06 -2.959832E-10
 10 46 5.399244E-09 0 5.399244E-09
 10 47 -3.025615E-08 0 -3.025615E-08
 10 48 -1.712825E-06 -1.712452E-06 -3.732737E-10
 10 49 1.333706E-08 0 1.333706E-08
 10 50 -1.997325E-08 0 -1.997325E-08
 10 51 2.814551E-06 2.754876E-06 5.967412E-08
 10 52 1.435366E-08 0 1.435366E-08
 10 53 3.918898E-06 3.846687E-06 7.221153E-08
 10 54 -5.709476E-08 0 -5.709476E-08
 10 55 2.036103E-08 0 2.036103E-08
 10 56 -6.595375E-06 -6.594566E-06 -8.086879E-10
 10 57 7.432693E-06 7.326647E-06 1.060462E-07
 10 58 -7.754434E-06 -7.754488E-06 5.415131E-11
 10 59 1.454582E-08 0 1.454582E-08
 10 60 -7.056497E-08 0 -7.056497E-08
 10 61 1.873602E-08 0 1.873602E-08
 10 62 1.484873E-08 0 1.484873E-08
 10 63 -2.66586E-06 -2.665384E-06 -4.763661E-10
 10 64 1.587271E-08 0 1.587271E-08
 10 65 1.520399E-08 0 1.520399E-08
 10 66 2.226992E-06 2.202254E-06 2.473747E-08
 10 67 -4.595486E-08 0 -4.595486E-08
 10 68 -3.020936E-08 0 -3.020936E-08
 10 69 -3.615997E-08 0 -3.615997E-08
 10 70 3.859968E-09 0 3.859968E-09
 10 71 3.728014E-09 0 3.728014E-09
 10 72 7.901902E-07 7.601956E-07 2.999464E-08
 10 73 8.189603E-09 0 8.189603E-09
 10 74 -3.446058E-08 0 -3.446058E-08
 10 75 -1.005329E-06 -1.005346E-06 1.707016E-11
 10 76 -1.283284E-06 -1.282964E-06 -3.198561E-10
 10 77 4.192104E-09 0 4.192104E-09
 10 78 7.482579E-07 7.34414E-07 1.384393E-08
 10 79 4.390251E-09 0 4.390251E-09
 10 80 -2.935009E-08 0 -2.935009E-08
 10 81 5.54792E-09 0 5.54792E-09
 10 82 -4.489837E-07 -4.48796E-07 -1.877031E-10
 10 83 -1.43999E-08 0 -1.43999E-08
 10 84 6.74592E-09 0 6.74592E-09
 10 85 -2.231429E-08 0 -2.231429E-08
 10 86 7.154305E-09 0 7.154305E-09
 10 87 1.0785E-06 1.043212E-06 3.528843E-08
 10 88 -1.53898E-06 -1.539002E-06 2.136783E-11
 10 89 8.87678E-09 0 8.87678E-09
 10 90 7.151954E-09 0 7.151954E-09
 10 91 -4.597808E-08 0 -4.597808E-08
 10 92 1.063417E-06 1.060481E-06 2.936178E-09
 10 93 -5.81936E-08 0 -5.81936E-08
 10 94 -2.257417E-08 0 -2.257417E-08
 10 95 -6.612535E-08 0 -6.612535E-08
 10 96 2.985438E-06 2.956271E-06 2.91675E-08
 10 97 -6.518712E-08 0 -6.518712E-08
 10 98 4.212E-06 4.176422E-06 3.557845E-08
 10 99 8.322028E-09 0 8.322028E-09
 10 100 9.896825E-09 0 9.896825E-09
 11 25 -3.920707E-09 0 -3.920707E-09
 11 26 1.962695E-08 0 1.962695E-08
 11 27 -1.668894E-08 0 -1.668894E-08
 11 28 -3.159622E-08 0 -3.159622E-08
 11 29 -5.396224E-09 0 -5.396224E-09
 11 30 2.856255E-06 2.786225E-06 7.002988E-08
 11 31 2.434746E-08 0 2.434746E-08
 11 32 -3.504059E-08 0 -3.504059E-08
 11 33 2.84073E-08 0 2.84073E-08
 11 34 1.780289E-08 0 1.780289E-08
 11 35 4.811782E-06 4.716913E-06 9.486947E-08
 11 36 2.472638E-08 0 2.472638E-08
 11 37 -2.675668E-08 0 -2.675668E-08
 11 38 2.300773E-08 0 2.300773E-08
 11 39 -3.19281E-08 0 -3.19281E-08
 11 40 -2.093176E-06 -2.103483E-06 1.030664E-08
 11 41 -4.09606E-09 0 -4.09606E-09
 11 42 -1.085597E-06 -1.092853E-06 7.256196E-09
 11 43 1.10768E-08 0 1.10768E-08
 11 44 1.02746E-08 0 1.02746E-08
 11 45 -9.286451E-07 -9.358927E-07 7.247562E-09
 11 46 1.155869E-08 0 1.155869E-08
 11 47 -1.358185E-08 0 -1.358185E-08
 11 48 -1.402773E-06 -1.411762E-06 8.989862E-09
 11 49 1.843066E-08 0 1.843066E-08
 11 50 -4.523728E-09 0 -4.523728E-09
 11 51 2.34072E-06 2.278142E-06 6.257763E-08
 11 52 2.184499E-08 0 2.184499E-08
 11 53 3.303809E-06 3.227687E-06 7.61225E-08
 11 54 -2.544112E-08 0 -2.544112E-08
 11 55 3.440426E-08 0 3.440426E-08
 11 56 -5.468865E-06 -5.488204E-06 1.933914E-08
 11 57 6.268854E-06 6.157618E-06 1.112353E-07
 11 58 -6.432426E-06 -6.452121E-06 1.969517E-08
 11 59 2.35131E-08 0 2.35131E-08
 11 60 -3.086448E-08 0 -3.086448E-08
 11 61 3.412984E-08 0 3.412984E-08
 11 62 2.725562E-08 0 2.725562E-08
 11 63 -2.125429E-06 -2.136682E-06 1.125315E-08
 11 64 2.648489E-08 0 2.648489E-08
 11 65 2.55818E-08 0 2.55818E-08
 11 66 1.840043E-06 1.792985E-06 4.705753E-08
 11 67 -2.354677E-08 0 -2.354677E-08
 11 68 -1.352859E-08 0 -1.352859E-08
 11 69 -1.914398E-08 0 -1.914398E-08
 11 70 6.944149E-09 0 6.944149E-09
 11 71 6.193522E-09 0 6.193522E-09
 11 72 6.580264E-07 6.26301E-07 3.172543E-08
 11 73 1.399651E-08 0 1.399651E-08
 11 74 -1.772564E-08 0 -1.772564E-08
 11 75 -8.15312E-07 -8.215747E-07 6.262677E-09
 11 76 -1.040224E-06 -1.047909E-06 7.684527E-09
 11 77 6.91438E-09 0 6.91438E-09
 11 78 6.347699E-07 6.079637E-07 2.680627E-08
 11 79 9.442707E-09 0 9.442707E-09
 11 80 -1.532929E-08 0 -1.532929E-08
 11 81 8.680595E-09 0 8.680595E-09
 11 82 -3.737563E-07 -3.783729E-07 4.616618E-09
 11 83 -4.475166E-09 0 -4.475166E-09
 11 84 9.51943E-09 0 9.51943E-09
 11 85 -1.020757E-08 0 -1.020757E-08
 11 86 1.25966E-08 0 1.25966E-08
 11 87 9.493666E-07 9.110028E-07 3.836383E-08
 11 88 -1.333692E-06 -1.341776E-06 8.083563E-09
 11 89 1.389833E-08 0 1.389833E-08
 11 90 1.543167E-08 0 1.543167E-08
 11 91 -2.382475E-08 0 -2.382475E-08
 11 92 9.04132E-07 8.839215E-07 2.021054E-08
 11 93 -2.972225E-08 0 -2.972225E-08
 11 94 -5.023661E-09 0 -5.023661E-09
 11 95 -3.323182E-08 0 -3.323182E-08
 11 96 2.406916E-06 2.352289E-06 5.462715E-08
 11 97 -3.236147E-08 0 -3.236147E-08
 11 98 3.318763E-06 3.253188E-06 6.55746E-08
 11 99 1.312095E-08 0 1.312095E-08
 11 100 1.546514E-08 0 1.546514E-08
 12 25 -1.536647E-08 0 -1.536647E-08
 12 26 3.724998E-09 0 3.724998E-09
 12 27 -2.597515E-08 0 -2.597515E-08
 12 28 -3.737978E-08 0 -3.737978E-08
 12 29 -2.141572E-08 0 -2.141572E-08
 12 30 1.603686E-08 0 1.603686E-08
 12 31 -6.204846E-10 0 -6.204846E-10
 12 32 -4.302876E-08 0 -4.302876E-08
 12 33 -7.329199E-10 0 -7.329199E-10
 12 34 -2.905098E-10 0 -2.905098E-10
 12 35 2.185983E-08 0 2.185983E-08
 12 36 -6.286006E-10 0 -6.286006E-10
 12 37 -4.193828E-08 0 -4.193828E-08
 12 38 -5.755512E-10 0 -5.755512E-10
 12 39 -3.795114E-08 0 -3.795114E-08
 12 40 8.05322E-09 0 8.05322E-09
 12 41 -1.588045E-08 0 -1.588045E-08
 12 42 5.633132E-09 0 5.633132E-09
 12 43 1.086094E-09 0 1.086094E-09
 12 44 1.001823E-09 0 1.001823E-09
 12 45 3.289388E-09 0 3.289388E-09
 12 46 -2.839342E-10 0 -2.839342E-10
 12 47 -2.087437E-08 0 -2.087437E-08
 12 48 4.09595E-09 0 4.09595E-09
 12 49 3.536226E-09 0 3.536226E-09
 12 50 -1.756504E-08 0 -1.756504E-08
 12 51 1.391859E-08 0 1.391859E-08
 12 52 2.13009E-09 0 2.13009E-09
 12 53 1.682191E-08 0 1.682191E-08
 12 54 -3.918465E-08 0 -3.918465E-08
 12 55 6.475032E-09 0 6.475032E-09
 12 56 8.780091E-09 0 8.780091E-09
 12 57 2.470599E-08 0 2.470599E-08
 12 58 1.550975E-08 0 1.550975E-08
 12 59 -3.681785E-10 0 -3.681785E-10
 12 60 -4.774331E-08 0 -4.774331E-08
 12 61 2.993518E-09 0 2.993518E-09
 12 62 2.391255E-09 0 2.391255E-09
 12 63 5.181995E-09 0 5.181995E-09
 12 64 5.056416E-09 0 5.056416E-09
 12 65 4.898557E-09 0 4.898557E-09
 12 66 6.319322E-09 0 6.319322E-09
 12 67 -2.83534E-08 0 -2.83534E-08
 12 68 -2.129686E-08 0 -2.129686E-08
 12 69 -2.27711E-08 0 -2.27711E-08
 12 70 -1.51981E-09 0 -1.51981E-09
 12 71 -9.965284E-11 0 -9.965284E-11
 12 72 7.220583E-09 0 7.220583E-09
 12 73 2.69214E-09 0 2.69214E-09
 12 74 -2.121649E-08 0 -2.121649E-08
 12 75 4.931227E-09 0 4.931227E-09
 12 76 3.524023E-09 0 3.524023E-09
 12 77 -1.077056E-10 0 -1.077056E-10
 12 78 3.535476E-09 0 3.535476E-09
 12 79 -2.327269E-10 0 -2.327269E-10
 12 80 -1.816821E-08 0 -1.816821E-08
 12 81 8.551524E-10 0 8.551524E-10
 12 82 2.125018E-09 0 2.125018E-09
 12 83 -7.482212E-09 0 -7.482212E-09
 12 84 1.86263E-09 0 1.86263E-09
 12 85 -1.590107E-08 0 -1.590107E-08
 12 86 2.415165E-09 0 2.415165E-09
 12 87 8.649547E-09 0 8.649547E-09
 12 88 6.425273E-09 0 6.425273E-09
 12 89 1.395235E-09 0 1.395235E-09
 12 90 -3.908354E-10 0 -3.908354E-10
 12 91 -2.880919E-08 0 -2.880919E-08
 12 92 -1.548901E-09 0 -1.548901E-09
 12 93 -3.605026E-08 0 -3.605026E-08
 12 94 -2.00912E-08 0 -2.00912E-08
 12 95 -4.026211E-08 0 -4.026211E-08
 12 96 7.381134E-09 0 7.381134E-09
 12 97 -3.936867E-08 0 -3.936867E-08
 12 98 8.868837E-09 0 8.868837E-09
 12 99 -2.099035E-10 0 -2.099035E-10
 12 100 -2.482387E-10 0 -2.482387E-10
 13 25 -5.831893E-08 0 -5.831893E-08
 13 26 -2.340562E-08 0 -2.340562E-08
 13 27 -8.139211E-08 0 -8.139211E-08
 13 28 -1.127669E-07 0 -1.127669E-07
 13 29 -7.926092E-08 0 -7.926092E-08
 13 30 -2.089821E-08 0 -2.089821E-08
 13 31 -3.875332E-08 0 -3.875332E-08
 13 32 -1.343182E-07 0 -1.343182E-07
 13 33 -4.586426E-08 0 -4.586426E-08
 13 34 -2.072849E-08 0 -2.072849E-08
 13 35 -2.827889E-08 0 -2.827889E-08
 13 36 -3.865348E-08 0 -3.865348E-08
 13 37 -1.307383E-07 0 -1.307383E-07
 13 38 -3.520324E-08 0 -3.520324E-08
 13 39 -1.160365E-07 0 -1.160365E-07
 13 40 -1.820207E-08 0 -1.820207E-08
 13 41 -5.867746E-08 0 -5.867746E-08
 13 42 -1.284334E-08 0 -1.284334E-08
 13 43 -9.458091E-09 0 -9.458091E-09
 13 44 -8.764332E-09 0 -8.764332E-09
 13 45 -9.245408E-09 0 -9.245408E-09
 13 46 -1.790038E-08 0 -1.790038E-08
 13 47 -6.694863E-08 0 -6.694863E-08
 13 48 -1.163672E-08 0 -1.163672E-08
 13 49 -1.416846E-08 0 -1.416846E-08
 13 50 -6.563681E-08 0 -6.563681E-08
 13 51 -1.83958E-08 0 -1.83958E-08
 13 52 -1.874934E-08 0 -1.874934E-08
 13 53 -2.200311E-08 0 -2.200311E-08
 13 54 -1.243809E-07 0 -1.243809E-07
 13 55 -4.165053E-08 0 -4.165053E-08
 13 56 -2.457914E-08 0 -2.457914E-08
 13 57 -3.209454E-08 0 -3.209454E-08
 13 58 -3.548559E-08 0 -3.548559E-08
 13 59 -2.660065E-08 0 -2.660065E-08
 13 60 -1.535517E-07 0 -1.535517E-07
 13 61 -3.366602E-08 0 -3.366602E-08
 13 62 -2.685517E-08 0 -2.685517E-08
 13 63 -1.492222E-08 0 -1.492222E-08
 13 64 -3.320454E-08 0 -3.320454E-08
 13 65 -3.190486E-08 0 -3.190486E-08
 13 66 -3.348679E-08 0 -3.348679E-08
 13 67 -8.90089E-08 0 -8.90089E-08
 13 68 -6.841397E-08 0 -6.841397E-08
 13 69 -7.017451E-08 0 -7.017451E-08
 13 70 -1.448044E-08 0 -1.448044E-08
 13 71 -7.266368E-09 0 -7.266368E-09
 13 72 -9.626369E-09 0 -9.626369E-09
 13 73 -1.753985E-08 0 -1.753985E-08
 13 74 -6.686301E-08 0 -6.686301E-08
 13 75 -1.155943E-08 0 -1.155943E-08
 13 76 -1.007553E-08 0 -1.007553E-08
 13 77 -7.899463E-09 0 -7.899463E-09
 13 78 -1.868751E-08 0 -1.868751E-08
 13 79 -1.467372E-08 0 -1.467372E-08
 13 80 -5.660906E-08 0 -5.660906E-08
 13 81 -7.494429E-09 0 -7.494429E-09
 13 82 -6.005913E-09 0 -6.005913E-09
 13 83 -3.484806E-08 0 -3.484806E-08
 13 84 -7.422164E-09 0 -7.422164E-09
 13 85 -5.037082E-08 0 -5.037082E-08
 13 86 -1.531127E-08 0 -1.531127E-08
 13 87 -1.116833E-08 0 -1.116833E-08
 13 88 -1.450246E-08 0 -1.450246E-08
 13 89 -1.206587E-08 0 -1.206587E-08
 13 90 -2.422337E-08 0 -2.422337E-08
 13 91 -8.936783E-08 0 -8.936783E-08
 13 92 -3.588603E-08 0 -3.588603E-08
 13 93 -1.127922E-07 0 -1.127922E-07
 13 94 -7.615306E-08 0 -7.615306E-08
 13 95 -1.277479E-07 0 -1.277479E-07
 13 96 -3.961355E-08 0 -3.961355E-08
 13 97 -1.267733E-07 0 -1.267733E-07
 13 98 -4.820931E-08 0 -4.820931E-08
 13 99 -1.588605E-08 0 -1.588605E-08
 13 100 -1.889065E-08 0 -1.889065E-08
 14 25 -7.028513E-09 0 -7.028513E-09
 14 26 1.025565E-08 0 1.025565E-08
 14 27 -1.371485E-08 0 -1.371485E-08
 14 28 -2.277534E-08 0 -2.277534E-08
 14 29 -5.933663E-09 0 -5.933663E-09
 14 30 -1.765395E-06 -1.774788E-06 9.392531E-09
 14 31 8.117329E-09 0 8.117329E-09
 14 32 -2.599286E-08 0 -2.599286E-08
 14 33 9.503409E-09 0 9.503409E-09
 14 34 9.801055E-09 0 9.801055E-09
 14 35 -2.988743E-06 -3.001314E-06 1.257113E-08
 14 36 8.139223E-09 0 8.139223E-09
 14 37 -2.16425E-08 0 -2.16425E-08
 14 38 7.49952E-09 0 7.49952E-09
 14 39 -2.299619E-08 0 -2.299619E-08
 14 40 1.300937E-06 1.283129E-06 1.780845E-08
 14 41 -4.486652E-09 0 -4.486652E-09
 14 42 6.801569E-07 6.6744E-07 1.271692E-08
 14 43 4.320795E-09 0 4.320795E-09
 14 44 4.019341E-09 0 4.019341E-09
 14 45 5.870897E-07 5.77771E-07 9.318687E-09
 14 46 3.899124E-09 0 3.899124E-09
 14 47 -1.134656E-08 0 -1.134656E-08
 14 48 9.017983E-07 8.902061E-07 1.15922E-08
 14 49 7.982393E-09 0 7.982393E-09
 14 50 -4.981294E-09 0 -4.981294E-09
 14 51 -1.427419E-06 -1.435799E-06 8.380128E-09
 14 52 8.379414E-09 0 8.379414E-09
 14 53 -1.988172E-06 -1.998192E-06 1.001998E-08
 14 54 -2.068506E-08 0 -2.068506E-08
 14 55 1.785238E-08 0 1.785238E-08
 14 56 3.42886E-06 3.404862E-06 2.399878E-08
 14 57 -3.794504E-06 -3.808915E-06 1.441064E-08
 14 58 4.081146E-06 4.047472E-06 3.367459E-08
 14 59 1.263996E-08 0 1.263996E-08
 14 60 -2.522708E-08 0 -2.522708E-08
 14 61 1.599296E-08 0 1.599296E-08
 14 62 1.285574E-08 0 1.285574E-08
 14 63 1.405234E-06 1.390598E-06 1.463585E-08
 14 64 1.419267E-08 0 1.419267E-08
 14 65 1.365588E-08 0 1.365588E-08
 14 66 -1.164748E-06 -1.164766E-06 1.843204E-11
 14 67 -1.757175E-08 0 -1.757175E-08
 14 68 -1.146064E-08 0 -1.146064E-08
 14 69 -1.427602E-08 0 -1.427602E-08
 14 70 3.387266E-09 0 3.387266E-09
 14 71 3.554719E-09 0 3.554719E-09
 14 72 -4.032479E-07 -4.076691E-07 4.421212E-09
 14 73 7.636158E-09 0 7.636158E-09
 14 74 -1.334126E-08 0 -1.334126E-08
 14 75 5.401674E-07 5.288417E-07 1.132568E-08
 14 76 6.803918E-07 6.70355E-07 1.003688E-08
 14 77 3.905005E-09 0 3.905005E-09
 14 78 -3.848332E-07 -3.848438E-07 1.056434E-11
 14 79 3.210062E-09 0 3.210062E-09
 14 80 -1.143481E-08 0 -1.143481E-08
 14 81 3.433565E-09 0 3.433565E-09
 14 82 2.437427E-07 2.376624E-07 6.080334E-09
 14 83 -4.456773E-09 0 -4.456773E-09
 14 84 4.231477E-09 0 4.231477E-09
 14 85 -8.586427E-09 0 -8.586427E-09
 14 86 6.750515E-09 0 6.750515E-09
 14 87 -5.56373E-07 -5.615449E-07 5.171875E-09
 14 88 8.431604E-07 8.289682E-07 1.419217E-08
 14 89 5.423379E-09 0 5.423379E-09
 14 90 5.178222E-09 0 5.178222E-09
 14 91 -1.766049E-08 0 -1.766049E-08
 14 92 -5.682123E-07 -5.698453E-07 1.632965E-09
 14 93 -2.204683E-08 0 -2.204683E-08
 14 94 -5.659491E-09 0 -5.659491E-09
 14 95 -2.481056E-08 0 -2.481056E-08
 14 96 -1.568435E-06 -1.568456E-06 2.158642E-11
 14 97 -2.453703E-08 0 -2.453703E-08
 14 98 -2.214787E-06 -2.214813E-06 2.605289E-11
 14 99 7.562491E-09 0 7.562491E-09
 14 100 8.926725E-09 0 8.926725E-09
 15 25 -5.321552E-08 0 -5.321552E-08
 15 26 -2.430095E-08 0 -2.430095E-08
 15 27 -7.418926E-08 0 -7.418926E-08
 15 28 -1.001964E-07 0 -1.001964E-07
 15 29 -7.073743E-08 0 -7.073743E-08
 15 30 -2.481749E-08 0 -2.481749E-08
 15 31 -3.595657E-08 0 -3.595657E-08
 15 32 -1.130469E-07 0 -1.130469E-07
 15 33 -4.21984E-08 0 -4.21984E-08
 15 34 -2.053845E-08 0 -2.053845E-08
 15 35 -3.33448E-08 0 -3.33448E-08
 15 36 -3.644745E-08 0 -3.644745E-08
 15 37 -1.170524E-07 0 -1.170524E-07
 15 38 -3.349878E-08 0 -3.349878E-08
 15 39 -1.001609E-07 0 -1.001609E-07
 15 40 -1.955791E-08 0 -1.955791E-08
 15 41 -5.318737E-08 0 -5.318737E-08
 15 42 -1.390104E-08 0 -1.390104E-08
 15 43 -1.027591E-08 0 -1.027591E-08
 15 44 -9.508794E-09 0 -9.508794E-09
 15 45 -9.447073E-09 0 -9.447073E-09
 15 46 -1.703075E-08 0 -1.703075E-08
 15 47 -6.006212E-08 0 -6.006212E-08
 15 48 -1.163648E-08 0 -1.163648E-08
 15 49 -1.71691E-08 0 -1.71691E-08
 15 50 -5.846904E-08 0 -5.846904E-08
 15 51 -2.162143E-08 0 -2.162143E-08
 15 52 -1.950473E-08 0 -1.950473E-08
 15 53 -2.590463E-08 0 -2.590463E-08
 15 54 -1.094261E-07 0 -1.094261E-07
 15 55 -4.097238E-08 0 -4.097238E-08
 15 56 -2.403569E-08 0 -2.403569E-08
 15 57 -3.730798E-08 0 -3.730798E-08
 15 58 -3.636076E-08 0 -3.636076E-08
 15 59 -2.556738E-08 0 -2.556738E-08
 15 60 -1.319614E-07 0 -1.319614E-07
 15 61 -3.35975E-08 0 -3.35975E-08
 15 62 -2.713457E-08 0 -2.713457E-08
 15 63 -1.456702E-08 0 -1.456702E-08
 15 64 -3.242457E-08 0 -3.242457E-08
 15 65 -3.14542E-08 0 -3.14542E-08
 15 66 -3.414673E-08 0 -3.414673E-08
 15 67 -7.578907E-08 0 -7.578907E-08
 15 68 -6.132313E-08 0 -6.132313E-08
 15 69 -6.239615E-08 0 -6.239615E-08
 15 70 -1.35299E-08 0 -1.35299E-08
 15 71 -7.390315E-09 0 -7.390315E-09
 15 72 -1.157739E-08 0 -1.157739E-08
 15 73 -1.778469E-08 0 -1.778469E-08
 15 74 -5.743708E-08 0 -5.743708E-08
 15 75 -1.221869E-08 0 -1.221869E-08
 15 76 -1.008009E-08 0 -1.008009E-08
 15 77 -7.93812E-09 0 -7.93812E-09
 15 78 -1.959506E-08 0 -1.959506E-08
 15 79 -1.408233E-08 0 -1.408233E-08
 15 80 -4.953599E-08 0 -4.953599E-08
 15 81 -8.170414E-09 0 -8.170414E-09
 15 82 -6.217527E-09 0 -6.217527E-09
 15 83 -3.267603E-08 0 -3.267603E-08
 15 84 -9.317557E-09 0 -9.317557E-09
 15 85 -4.640298E-08 0 -4.640298E-08
 15 86 -1.606769E-08 0 -1.606769E-08
 15 87 -1.379191E-08 0 -1.379191E-08
 15 88 -1.579658E-08 0 -1.579658E-08
 15 89 -1.307834E-08 0 -1.307834E-08
 15 90 -2.317602E-08 0 -2.317602E-08
 15 91 -7.704121E-08 0 -7.704121E-08
 15 92 -3.484849E-08 0 -3.484849E-08
 15 93 -9.534845E-08 0 -9.534845E-08
 15 94 -6.656537E-08 0 -6.656537E-08
 15 95 -1.059154E-07 0 -1.059154E-07
 15 96 -3.964737E-08 0 -3.964737E-08
 15 97 -1.038817E-07 0 -1.038817E-07
 15 98 -4.730114E-08 0 -4.730114E-08
 15 99 -1.508296E-08 0 -1.508296E-08
 15 100 -1.772256E-08 0 -1.772256E-08
 16 25 -5.857606E-09 0 -5.857606E-09
 16 26 6.393464E-09 0 6.393464E-09
 16 27 -1.179712E-08 0 -1.179712E-08
 16 28 -2.153384E-08 0 -2.153384E-08
 16 29 -7.933155E-09 0 -7.933155E-09
 16 30 1.715712E-08 0 1.715712E-08
 16 31 3.25817E-09 0 3.25817E-09
 16 32 -2.292074E-08 0 -2.292074E-08
 16 33 3.867752E-09 0 3.867752E-09
 16 34 2.811286E-09 0 2.811286E-09
 16 35 2.311485E-08 0 2.311485E-08
 16 36 3.269505E-09 0 3.269505E-09
 16 37 -1.871764E-08 0 -1.871764E-08
 16 38 2.957652E-09 0 2.957652E-09
 16 39 -1.957226E-08 0 -1.957226E-08
 16 40 6.933807E-09 0 6.933807E-09
 16 41 -5.841561E-09 0 -5.841561E-09
 16 42 4.915645E-09 0 4.915645E-09
 16 43 2.144531E-09 0 2.144531E-09
 16 44 1.979633E-09 0 1.979633E-09
 16 45 3.127681E-09 0 3.127681E-09
 16 46 1.500256E-09 0 1.500256E-09
 16 47 -9.562679E-09 0 -9.562679E-09
 16 48 3.890989E-09 0 3.890989E-09
 16 49 4.750684E-09 0 4.750684E-09
 16 50 -6.471794E-09 0 -6.471794E-09
 16 51 1.47092E-08 0 1.47092E-08
 16 52 4.092014E-09 0 4.092014E-09
 16 53 1.745918E-08 0 1.745918E-08
 16 54 -1.742139E-08 0 -1.742139E-08
 16 55 1.088008E-08 0 1.088008E-08
 16 56 7.990308E-09 0 7.990308E-09
 16 57 2.521445E-08 0 2.521445E-08
 16 58 1.310714E-08 0 1.310714E-08
 16 59 3.417041E-09 0 3.417041E-09
 16 60 -2.124731E-08 0 -2.124731E-08
 16 61 7.283647E-09 0 7.283647E-09
 16 62 5.872182E-09 0 5.872182E-09
 16 63 4.952056E-09 0 4.952056E-09
 16 64 8.785896E-09 0 8.785896E-09
 16 65 8.506031E-09 0 8.506031E-09
 16 66 7.940761E-09 0 7.940761E-09
 16 67 -1.514436E-08 0 -1.514436E-08
 16 68 -9.957859E-09 0 -9.957859E-09
 16 69 -1.358225E-08 0 -1.358225E-08
 16 70 7.789049E-10 0 7.789049E-10
 16 71 1.006177E-09 0 1.006177E-09
 16 72 8.02646E-09 0 8.02646E-09
 16 73 4.811451E-09 0 4.811451E-09
 16 74 -1.142858E-08 0 -1.142858E-08
 16 75 4.43034E-09 0 4.43034E-09
 16 76 3.396085E-09 0 3.396085E-09
 16 77 1.057239E-09 0 1.057239E-09
 16 78 4.472763E-09 0 4.472763E-09
 16 79 1.242484E-09 0 1.242484E-09
 16 80 -9.713764E-09 0 -9.713764E-09
 16 81 1.715013E-09 0 1.715013E-09
 16 82 2.082596E-09 0 2.082596E-09
 16 83 -3.027348E-09 0 -3.027348E-09
 16 84 2.601213E-09 0 2.601213E-09
 16 85 -7.406236E-09 0 -7.406236E-09
 16 86 4.27091E-09 0 4.27091E-09
 16 87 9.33918E-09 0 9.33918E-09
 16 88 5.663348E-09 0 5.663348E-09
 16 89 2.773753E-09 0 2.773753E-09
 16 90 2.075909E-09 0 2.075909E-09
 16 91 -1.534996E-08 0 -1.534996E-08
 16 92 1.517351E-09 0 1.517351E-09
 16 93 -1.915269E-08 0 -1.915269E-08
 16 94 -7.601262E-09 0 -7.601262E-09
 16 95 -2.142302E-08 0 -2.142302E-08
 16 96 9.331623E-09 0 9.331623E-09
 16 97 -2.123222E-08 0 -2.123222E-08
 16 98 1.122241E-08 0 1.122241E-08
 16 99 2.090843E-09 0 2.090843E-09
 16 100 2.471802E-09 0 2.471802E-09
 17 25 -4.633623E-08 0 -4.633623E-08
 17 26 -2.115029E-08 0 -2.115029E-08
 17 27 -6.508368E-08 0 -6.508368E-08
 17 28 -8.798579E-08 0 -8.798579E-08
 17 29 -6.263471E-08 0 -6.263471E-08
 17 30 -2.20889E-08 0 -2.20889E-08
 17 31 -3.221463E-08 0 -3.221463E-08
 17 32 -1.023846E-07 0 -1.023846E-07
 17 33 -3.806086E-08 0 -3.806086E-08
 17 34 -1.833101E-08 0 -1.833101E-08
 17 35 -2.944547E-08 0 -2.944547E-08
 17 36 -3.201831E-08 0 -3.201831E-08
 17 37 -1.020936E-07 0 -1.020936E-07
 17 38 -2.905432E-08 0 -2.905432E-08
 17 39 -8.731642E-08 0 -8.731642E-08
 17 40 -1.699758E-08 0 -1.699758E-08
 17 41 -4.660863E-08 0 -4.660863E-08
 17 42 -1.21961E-08 0 -1.21961E-08
 17 43 -9.078954E-09 0 -9.078954E-09
 17 44 -8.430668E-09 0 -8.430668E-09
 17 45 -8.384353E-09 0 -8.384353E-09
 17 46 -1.525336E-08 0 -1.525336E-08
 17 47 -5.39461E-08 0 -5.39461E-08
 17 48 -1.046638E-08 0 -1.046638E-08
 17 49 -1.527857E-08 0 -1.527857E-08
 17 50 -5.19344E-08 0 -5.19344E-08
 17 51 -1.934082E-08 0 -1.934082E-08
 17 52 -1.735003E-08 0 -1.735003E-08
 17 53 -2.279903E-08 0 -2.279903E-08
 17 54 -9.681641E-08 0 -9.681641E-08
 17 55 -3.642028E-08 0 -3.642028E-08
 17 56 -2.111532E-08 0 -2.111532E-08
 17 57 -3.256394E-08 0 -3.256394E-08
 17 58 -3.20423E-08 0 -3.20423E-08
 17 59 -2.271271E-08 0 -2.271271E-08
 17 60 -1.186608E-07 0 -1.186608E-07
 17 61 -3.045938E-08 0 -3.045938E-08
 17 62 -2.459674E-08 0 -2.459674E-08
 17 63 -1.335941E-08 0 -1.335941E-08
 17 64 -2.977171E-08 0 -2.977171E-08
 17 65 -2.864053E-08 0 -2.864053E-08
 17 66 -3.116276E-08 0 -3.116276E-08
 17 67 -6.868243E-08 0 -6.868243E-08
 17 68 -5.576368E-08 0 -5.576368E-08
 17 69 -5.649764E-08 0 -5.649764E-08
 17 70 -1.228713E-08 0 -1.228713E-08
 17 71 -6.770402E-09 0 -6.770402E-09
 17 72 -1.061026E-08 0 -1.061026E-08
 17 73 -1.628982E-08 0 -1.628982E-08
 17 74 -5.224242E-08 0 -5.224242E-08
 17 75 -1.115957E-08 0 -1.115957E-08
 17 76 -9.169255E-09 0 -9.169255E-09
 17 77 -7.216266E-09 0 -7.216266E-09
 17 78 -1.774514E-08 0 -1.774514E-08
 17 79 -1.264537E-08 0 -1.264537E-08
 17 80 -4.428715E-08 0 -4.428715E-08
 17 81 -7.297414E-09 0 -7.297414E-09
 17 82 -5.601181E-09 0 -5.601181E-09
 17 83 -2.943577E-08 0 -2.943577E-08
 17 84 -8.335127E-09 0 -8.335127E-09
 17 85 -4.136327E-08 0 -4.136327E-08
 17 86 -1.422846E-08 0 -1.422846E-08
 17 87 -1.209995E-08 0 -1.209995E-08
 17 88 -1.382398E-08 0 -1.382398E-08
 17 89 -1.156208E-08 0 -1.156208E-08
 17 90 -2.057464E-08 0 -2.057464E-08
 17 91 -6.894708E-08 0 -6.894708E-08
 17 92 -3.144105E-08 0 -3.144105E-08
 17 93 -8.621348E-08 0 -8.621348E-08
 17 94 -6.087613E-08 0 -6.087613E-08
 17 95 -9.727639E-08 0 -9.727639E-08
 17 96 -3.680624E-08 0 -3.680624E-08
 17 97 -9.731898E-08 0 -9.731898E-08
 17 98 -4.455897E-08 0 -4.455897E-08
 17 99 -1.43545E-08 0 -1.43545E-08
 17 100 -1.69853E-08 0 -1.69853E-08
 18 25 -2.278177E-09 0 -2.278177E-09
 18 26 1.130991E-08 0 1.130991E-08
 18 27 -9.685185E-09 0 -9.685185E-09
 18 28 -1.823299E-08 0 -1.823299E-08
 18 29 -3.107571E-09 0 -3.107571E-09
 18 30 1.060837E-06 1.020163E-06 4.067432E-08
 18 31 1.405098E-08 0 1.405098E-08
 18 32 -2.060792E-08 0 -2.060792E-08
 18 33 1.646989E-08 0 1.646989E-08
 18 34 1.031368E-08 0 1.031368E-08
 18 35 1.789246E-06 1.735337E-06 5.390866E-08
 18 36 1.410744E-08 0 1.410744E-08
 18 37 -1.500367E-08 0 -1.500367E-08
 18 38 1.29188E-08 0 1.29188E-08
 18 39 -1.797592E-08 0 -1.797592E-08
 18 40 -7.070726E-07 -7.129001E-07 5.827563E-09
 18 41 -2.346746E-09 0 -2.346746E-09
 18 42 -3.635371E-07 -3.67744E-07 4.206922E-09
 18 43 6.551945E-09 0 6.551945E-09
 18 44 6.087179E-09 0 6.087179E-09
 18 45 -3.116867E-07 -3.159219E-07 4.235204E-09
 18 46 6.813266E-09 0 6.813266E-09
 18 47 -7.976588E-09 0 -7.976588E-09
 18 48 -4.809007E-07 -4.861148E-07 5.21409E-09
 18 49 1.053605E-08 0 1.053605E-08
 18 50 -2.587023E-09 0 -2.587023E-09
 18 51 8.243651E-07 7.887281E-07 3.563701E-08
 18 52 1.221206E-08 0 1.221206E-08
 18 53 1.132478E-06 1.09037E-06 4.210787E-08
 18 54 -1.413851E-08 0 -1.413851E-08
 18 55 1.889357E-08 0 1.889357E-08
 18 56 -1.835029E-06 -1.845414E-06 1.038501E-08
 18 57 2.146034E-06 2.086421E-06 5.961293E-08
 18 58 -2.225072E-06 -2.235732E-06 1.065934E-08
 18 59 1.267037E-08 0 1.267037E-08
 18 60 -1.70719E-08 0 -1.70719E-08
 18 61 1.91564E-08 0 1.91564E-08
 18 62 1.558369E-08 0 1.558369E-08
 18 63 -7.59933E-07 -7.664768E-07 6.543755E-09
 18 64 1.532749E-08 0 1.532749E-08
 18 65 1.481937E-08 0 1.481937E-08
 18 66 6.831876E-07 6.55356E-07 2.783159E-08
 18 67 -1.398648E-08 0 -1.398648E-08
 18 68 -8.195356E-09 0 -8.195356E-09
 18 69 -1.170162E-08 0 -1.170162E-08
 18 70 4.322573E-09 0 4.322573E-09
 18 71 3.88359E-09 0 3.88359E-09
 18 72 2.531937E-07 2.334723E-07 1.972137E-08
 18 73 8.564364E-09 0 8.564364E-09
 18 74 -1.071123E-08 0 -1.071123E-08
 18 75 -2.905479E-07 -2.943315E-07 3.783567E-09
 18 76 -3.646832E-07 -3.69246E-07 4.562739E-09
 18 77 4.140555E-09 0 4.140555E-09
 18 78 2.285638E-07 2.123769E-07 1.618687E-08
 18 79 5.674089E-09 0 5.674089E-09
 18 80 -9.202779E-09 0 -9.202779E-09
 18 81 5.272428E-09 0 5.272428E-09
 18 82 -1.30127E-07 -1.329702E-07 2.84322E-09
 18 83 -2.748854E-09 0 -2.748854E-09
 18 84 5.84651E-09 0 5.84651E-09
 18 85 -6.195355E-09 0 -6.195355E-09
 18 86 7.64198E-09 0 7.64198E-09
 18 87 3.436244E-07 3.20729E-07 2.289546E-08
 18 88 -4.697591E-07 -4.745194E-07 4.760273E-09
 18 89 8.285865E-09 0 8.285865E-09
 18 90 9.154407E-09 0 9.154407E-09
 18 91 -1.413034E-08 0 -1.413034E-08
 18 92 3.396916E-07 3.276469E-07 1.20447E-08
 18 93 -1.74499E-08 0 -1.74499E-08
 18 94 -2.977879E-09 0 -2.977879E-09
 18 95 -1.946654E-08 0 -1.946654E-08
 18 96 9.197978E-07 8.8734E-07 3.245779E-08
 18 97 -1.931891E-08 0 -1.931891E-08
 18 98 1.290275E-06 1.251457E-06 3.881792E-08
 18 99 7.90887E-09 0 7.90887E-09
 18 100 9.283564E-09 0 9.283564E-09
 19 25 -5.213034E-09 0 -5.213034E-09
 19 26 7.597745E-09 0 7.597745E-09
 19 27 -1.021493E-08 0 -1.021493E-08
 19 28 -1.697532E-08 0 -1.697532E-08
 19 29 -4.394847E-09 0 -4.394847E-09
 19 30 -1.02132E-06 -1.02835E-06 7.029963E-09
 19 31 6.030078E-09 0 6.030078E-09
 19 32 -1.955428E-08 0 -1.955428E-08
 19 33 7.125628E-09 0 7.125628E-09
 19 34 7.397798E-09 0 7.397798E-09
 19 35 -1.753133E-06 -1.76249E-06 9.35716E-09
 19 36 6.066062E-09 0 6.066062E-09
 19 37 -1.587509E-08 0 -1.587509E-08
 19 38 5.495796E-09 0 5.495796E-09
 19 39 -1.672387E-08 0 -1.672387E-08
 19 40 7.046582E-07 6.917108E-07 1.294741E-08
 19 41 -3.266634E-09 0 -3.266634E-09
 19 42 3.619068E-07 3.526062E-07 9.300665E-09
 19 43 3.202943E-09 0 3.202943E-09
 19 44 2.960494E-09 0 2.960494E-09
 19 45 3.069816E-07 3.00197E-07 6.784558E-09
 19 46 2.848652E-09 0 2.848652E-09
 19 47 -8.290936E-09 0 -8.290936E-09
 19 48 4.699132E-07 4.615701E-07 8.343071E-09
 19 49 5.709038E-09 0 5.709038E-09
 19 50 -3.592242E-09 0 -3.592242E-09
 19 51 -7.499272E-07 -7.559301E-07 6.002932E-09
 19 52 5.901146E-09 0 5.901146E-09
 19 53 -1.031656E-06 -1.038723E-06 7.066721E-09
 19 54 -1.469478E-08 0 -1.469478E-08
 19 55 1.248205E-08 0 1.248205E-08
 19 56 1.763983E-06 1.747437E-06 1.654598E-08
 19 57 -1.992554E-06 -2.002586E-06 1.003206E-08
 19 58 2.190361E-06 2.166728E-06 2.363252E-08
 19 59 8.751113E-09 0 8.751113E-09
 19 60 -1.771802E-08 0 -1.771802E-08
 19 61 1.124363E-08 0 1.124363E-08
 19 62 9.166483E-09 0 9.166483E-09
 19 63 7.44512E-07 7.340055E-07 1.05065E-08
 19 64 1.020603E-08 0 1.020603E-08
 19 65 9.913311E-09 0 9.913311E-09
 19 66 -6.43294E-07 -6.433076E-07 1.359696E-11
 19 67 -1.308517E-08 0 -1.308517E-08
 19 68 -8.679112E-09 0 -8.679112E-09
 19 69 -1.092114E-08 0 -1.092114E-08
 19 70 2.626066E-09 0 2.626066E-09
 19 71 2.761149E-09 0 2.761149E-09
 19 72 -2.296384E-07 -2.330298E-07 3.391443E-09
 19 73 5.77352E-09 0 5.77352E-09
 19 74 -9.982674E-09 0 -9.982674E-09
 19 75 2.933429E-07 2.849375E-07 8.405357E-09
 19 76 3.608438E-07 3.535103E-07 7.333522E-09
 19 77 2.861735E-09 0 2.861735E-09
 19 78 -2.036733E-07 -2.036811E-07 7.829573E-12
 19 79 2.381441E-09 0 2.381441E-09
 19 80 -8.542911E-09 0 -8.542911E-09
 19 81 2.586573E-09 0 2.586573E-09
 19 82 1.341136E-07 1.29502E-07 4.611541E-09
 19 83 -3.390784E-09 0 -3.390784E-09
 19 84 3.235641E-09 0 3.235641E-09
 19 85 -6.542194E-09 0 -6.542194E-09
 19 86 5.179118E-09 0 5.179118E-09
 19 87 -3.159001E-07 -3.198356E-07 3.935535E-09
 19 88 4.856424E-07 4.748999E-07 1.074248E-08
 19 89 4.128434E-09 0 4.128434E-09
 19 90 3.931144E-09 0 3.931144E-09
 19 91 -1.330403E-08 0 -1.330403E-08
 19 92 -3.284434E-07 -3.29677E-07 1.233566E-09
 19 93 -1.640609E-08 0 -1.640609E-08
 19 94 -4.214094E-09 0 -4.214094E-09
 19 95 -1.820661E-08 0 -1.820661E-08
 19 96 -8.725891E-07 -8.726049E-07 1.586829E-11
 19 97 -1.806711E-08 0 -1.806711E-08
 19 98 -1.222723E-06 -1.222742E-06 1.890867E-11
 19 99 5.516977E-09 0 5.516977E-09
 19 100 6.477266E-09 0 6.477266E-09
 20 25 -4.397611E-09 0 -4.397611E-09
 20 26 4.777776E-09 0 4.777776E-09
 20 27 -8.858126E-09 0 -8.858126E-09
 20 28 -1.611729E-08 0 -1.611729E-08
 20 29 -5.946808E-09 0 -5.946808E-09
 20 30 1.291407E-08 0 1.291407E-08
 20 31 2.449394E-09 0 2.449394E-09
 20 32 -1.742036E-08 0 -1.742036E-08
 20 33 2.913894E-09 0 2.913894E-09
 20 34 2.110335E-09 0 2.110335E-09
 20 35 1.716438E-08 0 1.716438E-08
 20 36 2.430892E-09 0 2.430892E-09
 20 37 -1.379751E-08 0 -1.379751E-08
 20 38 2.18E-09 0 2.18E-09
 20 39 -1.448309E-08 0 -1.448309E-08
 20 40 5.140553E-09 0 5.140553E-09
 20 41 -4.36974E-09 0 -4.36974E-09
 20 42 3.699992E-09 0 3.699992E-09
 20 43 1.631427E-09 0 1.631427E-09
 20 44 1.509894E-09 0 1.509894E-09
 20 45 2.372006E-09 0 2.372006E-09
 20 46 1.14491E-09 0 1.14491E-09
 20 47 -7.286855E-09 0 -7.286855E-09
 20 48 2.951812E-09 0 2.951812E-09
 20 49 3.570507E-09 0 3.570507E-09
 20 50 -4.856948E-09 0 -4.856948E-09
 20 51 1.103973E-08 0 1.103973E-08
 20 52 3.044012E-09 0 3.044012E-09
 20 53 1.288028E-08 0 1.288028E-08
 20 54 -1.288355E-08 0 -1.288355E-08
 20 55 8.019628E-09 0 8.019628E-09
 20 56 5.815453E-09 0 5.815453E-09
 20 57 1.827695E-08 0 1.827695E-08
 20 58 9.557656E-09 0 9.557656E-09
 20 59 2.494947E-09 0 2.494947E-09
 20 60 -1.574645E-08 0 -1.574645E-08
 20 61 5.451294E-09 0 5.451294E-09
 20 62 4.431799E-09 0 4.431799E-09
 20 63 3.778005E-09 0 3.778005E-09
 20 64 6.683794E-09 0 6.683794E-09
 20 65 6.45454E-09 0 6.45454E-09
 20 66 6.085179E-09 0 6.085179E-09
 20 67 -1.160065E-08 0 -1.160065E-08
 20 68 -7.699017E-09 0 -7.699017E-09
 20 69 -1.052935E-08 0 -1.052935E-08
 20 70 6.092559E-10 0 6.092559E-10
 20 71 7.915506E-10 0 7.915506E-10
 20 72 6.295845E-09 0 6.295845E-09
 20 73 3.748062E-09 0 3.748062E-09
 20 74 -8.840968E-09 0 -8.840968E-09
 20 75 3.433996E-09 0 3.433996E-09
 20 76 2.610628E-09 0 2.610628E-09
 20 77 8.161419E-10 0 8.161419E-10
 20 78 3.460444E-09 0 3.460444E-09
 20 79 9.567774E-10 0 9.567774E-10
 20 80 -7.461457E-09 0 -7.461457E-09
 20 81 1.324026E-09 0 1.324026E-09
 20 82 1.62175E-09 0 1.62175E-09
 20 83 -2.352894E-09 0 -2.352894E-09
 20 84 2.016919E-09 0 2.016919E-09
 20 85 -5.703192E-09 0 -5.703192E-09
 20 86 3.279694E-09 0 3.279694E-09
 20 87 7.100227E-09 0 7.100227E-09
 20 88 4.274386E-09 0 4.274386E-09
 20 89 2.110822E-09 0 2.110822E-09
 20 90 1.577291E-09 0 1.577291E-09
 20 91 -1.169604E-08 0 -1.169604E-08
 20 92 1.160699E-09 0 1.160699E-09
 20 93 -1.456648E-08 0 -1.456648E-08
 20 94 -5.825638E-09 0 -5.825638E-09
 20 95 -1.635783E-08 0 -1.635783E-08
 20 96 7.197082E-09 0 7.197082E-09
 20 97 -1.644273E-08 0 -1.644273E-08
 20 98 8.676899E-09 0 8.676899E-09
 20 99 1.635456E-09 0 1.635456E-09
 20 100 1.932682E-09 0 1.932682E-09
 21 25 -8.471176E-09 0 -8.471176E-09
 21 26 4.985131E-09 0 4.985131E-09
 21 27 -1.643972E-08 0 -1.643972E-08
 21 28 -2.638653E-08 0 -2.638653E-08
 21 29 -1.050785E-08 0 -1.050785E-08
 21 30 7.703752E-07 7.407714E-07 2.960378E-08
 21 31 5.088206E-09 0 5.088206E-09
 21 32 -3.115161E-08 0 -3.115161E-08
 21 33 5.998582E-09 0 5.998582E-09
 21 34 4.806045E-09 0 4.806045E-09
 21 35 1.297444E-06 1.258511E-06 3.893323E-08
 21 36 5.042743E-09 0 5.042743E-09
 21 37 -2.524706E-08 0 -2.524706E-08
 21 38 4.563964E-09 0 4.563964E-09
 21 39 -2.630341E-08 0 -2.630341E-08
 21 40 -4.91043E-07 -4.910548E-07 1.189336E-11
 21 41 -7.860276E-09 0 -7.860276E-09
 21 42 -2.532662E-07 -2.532749E-07 8.662166E-12
 21 43 3.267718E-09 0 3.267718E-09
 21 44 3.040244E-09 0 3.040244E-09
 21 45 -2.202871E-07 -2.201533E-07 -1.338442E-10
 21 46 2.465519E-09 0 2.465519E-09
 21 47 -1.372115E-08 0 -1.372115E-08
 21 48 -3.473312E-07 -3.471653E-07 -1.658215E-10
 21 49 5.817984E-09 0 5.817984E-09
 21 50 -8.727138E-09 0 -8.727138E-09
 21 51 5.895463E-07 5.637282E-07 2.58181E-08
 21 52 6.044499E-09 0 6.044499E-09
 21 53 7.932263E-07 7.631722E-07 3.005416E-08
 21 54 -2.38829E-08 0 -2.38829E-08
 21 55 8.338164E-09 0 8.338164E-09
 21 56 -1.294527E-06 -1.294206E-06 -3.213352E-10
 21 57 1.502878E-06 1.460739E-06 4.213897E-08
 21 58 -1.591808E-06 -1.59183E-06 2.175878E-11
 21 59 5.781255E-09 0 5.781255E-09
 21 60 -2.907293E-08 0 -2.907293E-08
 21 61 7.870838E-09 0 7.870838E-09
 21 62 6.425715E-09 0 6.425715E-09
 21 63 -5.676813E-07 -5.674706E-07 -2.106536E-10
 21 64 6.962484E-09 0 6.962484E-09
 21 65 6.706071E-09 0 6.706071E-09
 21 66 4.969551E-07 4.856876E-07 1.126751E-08
 21 67 -2.114271E-08 0 -2.114271E-08
 21 68 -1.431949E-08 0 -1.431949E-08
 21 69 -1.741827E-08 0 -1.741827E-08
 21 70 1.911423E-09 0 1.911423E-09
 21 71 1.860822E-09 0 1.860822E-09
 21 72 1.884769E-07 1.737141E-07 1.476285E-08
 21 73 3.931645E-09 0 3.931645E-09
 21 74 -1.626505E-08 0 -1.626505E-08
 21 75 -2.156375E-07 -2.156456E-07 8.038374E-12
 21 76 -2.684327E-07 -2.68286E-07 -1.467623E-10
 21 77 1.950004E-09 0 1.950004E-09
 21 78 1.590501E-07 1.525131E-07 6.536908E-09
 21 79 2.06452E-09 0 2.06452E-09
 21 80 -1.380989E-08 0 -1.380989E-08
 21 81 2.659897E-09 0 2.659897E-09
 21 82 -9.487915E-08 -9.478749E-08 -9.165495E-11
 21 83 -7.003502E-09 0 -7.003502E-09
 21 84 3.289936E-09 0 3.289936E-09
 21 85 -1.06982E-08 0 -1.06982E-08
 21 86 3.437363E-09 0 3.437363E-09
 21 87 2.404851E-07 2.23898E-07 1.658713E-08
 21 88 -3.322624E-07 -3.322722E-07 9.846289E-12
 21 89 4.152625E-09 0 4.152625E-09
 21 90 3.313844E-09 0 3.313844E-09
 21 91 -2.122154E-08 0 -2.122154E-08
 21 92 2.425511E-07 2.411902E-07 1.360857E-09
 21 93 -2.63097E-08 0 -2.63097E-08
 21 94 -1.031087E-08 0 -1.031087E-08
 21 95 -2.957625E-08 0 -2.957625E-08
 21 96 6.896434E-07 6.763626E-07 1.328082E-08
 21 97 -2.97836E-08 0 -2.97836E-08
 21 98 9.898544E-07 9.738608E-07 1.599361E-08
 21 99 3.833364E-09 0 3.833364E-09
 21 100 4.513707E-09 0 4.513707E-09
 22 25 -3.890641E-09 0 -3.890641E-09
 22 26 3.385161E-09 0 3.385161E-09
 22 27 -6.759282E-09 0 -6.759282E-09
 22 28 -1.32679E-08 0 -1.32679E-08
 22 29 -4.202657E-09 0 -4.202657E-09
 22 30 1.091527E-08 0 1.091527E-08
 22 31 3.044521E-09 0 3.044521E-09
 22 32 -1.520876E-08 0 -1.520876E-08
 22 33 3.606748E-09 0 3.606748E-09
 22 34 2.514808E-09 0 2.514808E-09
 22 35 1.430151E-08 0 1.430151E-08
 22 36 3.00033E-09 0 3.00033E-09
 22 37 -1.032588E-08 0 -1.032588E-08
 22 38 2.691296E-09 0 2.691296E-09
 22 39 -1.25616E-08 0 -1.25616E-08
 22 40 4.870235E-09 0 4.870235E-09
 22 41 -3.116369E-09 0 -3.116369E-09
 22 42 3.561464E-09 0 3.561464E-09
 22 43 1.924426E-09 0 1.924426E-09
 22 44 1.789043E-09 0 1.789043E-09
 22 45 2.218932E-09 0 2.218932E-09
 22 46 1.466352E-09 0 1.466352E-09
 22 47 -5.654013E-09 0 -5.654013E-09
 22 48 2.753717E-09 0 2.753717E-09
 22 49 3.063345E-09 0 3.063345E-09
 22 50 -3.46728E-09 0 -3.46728E-09
 22 51 9.418817E-09 0 9.418817E-09
 22 52 3.522108E-09 0 3.522108E-09
 22 53 1.086289E-08 0 1.086289E-08
 22 54 -9.728003E-09 0 -9.728003E-09
 22 55 5.61779E-09 0 5.61779E-09
 22 56 5.240493E-09 0 5.240493E-09
 22 57 1.514721E-08 0 1.514721E-08
 22 58 8.875897E-09 0 8.875897E-09
 22 59 2.951544E-09 0 2.951544E-09
 22 60 -1.18706E-08 0 -1.18706E-08
 22 61 5.735138E-09 0 5.735138E-09
 22 62 4.698677E-09 0 4.698677E-09
 22 63 3.519489E-09 0 3.519489E-09
 22 64 4.775456E-09 0 4.775456E-09
 22 65 4.599152E-09 0 4.599152E-09
 22 66 5.823422E-09 0 5.823422E-09
 22 67 -1.029018E-08 0 -1.029018E-08
 22 68 -5.98465E-09 0 -5.98465E-09
 22 69 -8.905996E-09 0 -8.905996E-09
 22 70 1.050026E-09 0 1.050026E-09
 22 71 9.887346E-10 0 9.887346E-10
 22 72 5.527969E-09 0 5.527969E-09
 22 73 2.730034E-09 0 2.730034E-09
 22 74 -7.932768E-09 0 -7.932768E-09
 22 75 3.362898E-09 0 3.362898E-09
 22 76 2.456045E-09 0 2.456045E-09
 22 77 1.016766E-09 0 1.016766E-09
 22 78 3.370717E-09 0 3.370717E-09
 22 79 1.233745E-09 0 1.233745E-09
 22 80 -6.69146E-09 0 -6.69146E-09
 22 81 1.578602E-09 0 1.578602E-09
 22 82 1.543518E-09 0 1.543518E-09
 22 83 -2.276966E-09 0 -2.276966E-09
 22 84 1.765811E-09 0 1.765811E-09
 22 85 -4.44636E-09 0 -4.44636E-09
 22 86 2.368675E-09 0 2.368675E-09
 22 87 6.107308E-09 0 6.107308E-09
 22 88 4.084287E-09 0 4.084287E-09
 22 89 2.46525E-09 0 2.46525E-09
 22 90 1.987194E-09 0 1.987194E-09
 22 91 -1.031833E-08 0 -1.031833E-08
 22 92 1.368361E-09 0 1.368361E-09
 22 93 -1.279729E-08 0 -1.279729E-08
 22 94 -4.173916E-09 0 -4.173916E-09
 22 95 -1.44063E-08 0 -1.44063E-08
 22 96 6.896971E-09 0 6.896971E-09
 22 97 -1.46138E-08 0 -1.46138E-08
 22 98 8.316632E-09 0 8.316632E-09
 22 99 2.028278E-09 0 2.028278E-09
 22 100 2.390315E-09 0 2.390315E-09
 23 25 -3.796498E-09 0 -3.796498E-09
 23 26 4.117271E-09 0 4.117271E-09
 23 27 -7.678997E-09 0 -7.678997E-09
 23 28 -1.396174E-08 0 -1.396174E-08
 23 29 -5.185465E-09 0 -5.185465E-09
 23 30 1.129703E-08 0 1.129703E-08
 23 31 2.152549E-09 0 2.152549E-09
 23 32 -1.54485E-08 0 -1.54485E-08
 23 33 2.569582E-09 0 2.569582E-09
 23 34 1.844696E-09 0 1.844696E-09
 23 35 1.487483E-08 0 1.487483E-08
 23 36 2.100782E-09 0 2.100782E-09
 23 37 -1.186033E-08 0 -1.186033E-08
 23 38 1.867779E-09 0 1.867779E-09
 23 39 -1.24797E-08 0 -1.24797E-08
 23 40 4.424403E-09 0 4.424403E-09
 23 41 -3.792043E-09 0 -3.792043E-09
 23 42 3.218503E-09 0 3.218503E-09
 23 43 1.428319E-09 0 1.428319E-09
 23 44 1.327181E-09 0 1.327181E-09
 23 45 2.085199E-09 0 2.085199E-09
 23 46 1.014122E-09 0 1.014122E-09
 23 47 -6.462357E-09 0 -6.462357E-09
 23 48 2.620989E-09 0 2.620989E-09
 23 49 3.14102E-09 0 3.14102E-09
 23 50 -4.260933E-09 0 -4.260933E-09
 23 51 9.736174E-09 0 9.736174E-09
 23 52 2.672362E-09 0 2.672362E-09
 23 53 1.119724E-08 0 1.119724E-08
 23 54 -1.123558E-08 0 -1.123558E-08
 23 55 7.01969E-09 0 7.01969E-09
 23 56 5.039163E-09 0 5.039163E-09
 23 57 1.573107E-08 0 1.573107E-08
 23 58 8.283535E-09 0 8.283535E-09
 23 59 2.177887E-09 0 2.177887E-09
 23 60 -1.390015E-08 0 -1.390015E-08
 23 61 4.853974E-09 0 4.853974E-09
 23 62 3.951265E-09 0 3.951265E-09
 23 63 3.403692E-09 0 3.403692E-09
 23 64 6.017867E-09 0 6.017867E-09
 23 65 5.768722E-09 0 5.768722E-09
 23 66 5.455111E-09 0 5.455111E-09
 23 67 -1.033931E-08 0 -1.033931E-08
 23 68 -6.884936E-09 0 -6.884936E-09
 23 69 -9.387077E-09 0 -9.387077E-09
 23 70 5.44993E-10 0 5.44993E-10
 23 71 7.133409E-10 0 7.133409E-10
 23 72 5.67889E-09 0 5.67889E-09
 23 73 3.377474E-09 0 3.377474E-09
 23 74 -7.922279E-09 0 -7.922279E-09
 23 75 3.090833E-09 0 3.090833E-09
 23 76 2.341349E-09 0 2.341349E-09
 23 77 7.325121E-10 0 7.325121E-10
 23 78 3.096333E-09 0 3.096333E-09
 23 79 8.499523E-10 0 8.499523E-10
 23 80 -6.597947E-09 0 -6.597947E-09
 23 81 1.170893E-09 0 1.170893E-09
 23 82 1.445287E-09 0 1.445287E-09
 23 83 -2.094484E-09 0 -2.094484E-09
 23 84 1.78465E-09 0 1.78465E-09
 23 85 -5.024838E-09 0 -5.024838E-09
 23 86 2.871818E-09 0 2.871818E-09
 23 87 6.165186E-09 0 6.165186E-09
 23 88 3.698423E-09 0 3.698423E-09
 23 89 1.842197E-09 0 1.842197E-09
 23 90 1.37983E-09 0 1.37983E-09
 23 91 -1.030569E-08 0 -1.030569E-08
 23 92 1.028991E-09 0 1.028991E-09
 23 93 -1.292951E-08 0 -1.292951E-08
 23 94 -5.222431E-09 0 -5.222431E-09
 23 95 -1.471082E-08 0 -1.471082E-08
 23 96 6.539589E-09 0 6.539589E-09
 23 97 -1.5045E-08 0 -1.5045E-08
 23 98 7.976824E-09 0 7.976824E-09
 23 99 1.518998E-09 0 1.518998E-09
 23 100 1.803759E-09 0 1.803759E-09
 24 25 -8.12725E-09 0 -8.12725E-09
 24 26 1.958747E-09 0 1.958747E-09
 24 27 -1.390275E-08 0 -1.390275E-08
 24 28 -1.997932E-08 0 -1.997932E-08
 24 29 -1.151612E-08 0 -1.151612E-08
 24 30 8.780603E-09 0 8.780603E-09
 24 31 -3.399056E-10 0 -3.399056E-10
 24 32 -2.435708E-08 0 -2.435708E-08
 24 33 -4.084133E-10 0 -4.084133E-10
 24 34 -1.602186E-10 0 -1.602186E-10
 24 35 1.165784E-08 0 1.165784E-08
 24 36 -3.339833E-10 0 -3.339833E-10
 24 37 -2.164966E-08 0 -2.164966E-08
 24 38 -2.949978E-10 0 -2.949978E-10
 24 39 -1.952387E-08 0 -1.952387E-08
 24 40 4.135308E-09 0 4.135308E-09
 24 41 -8.311362E-09 0 -8.311362E-09
 24 42 2.980014E-09 0 2.980014E-09
 24 43 5.911286E-10 0 5.911286E-10
 24 44 5.460609E-10 0 5.460609E-10
 24 45 1.769436E-09 0 1.769436E-09
 24 46 -1.556578E-10 0 -1.556578E-10
 24 47 -1.146622E-08 0 -1.146622E-08
 24 48 2.217764E-09 0 2.217764E-09
 24 49 1.865817E-09 0 1.865817E-09
 24 50 -9.294813E-09 0 -9.294813E-09
 24 51 7.386259E-09 0 7.386259E-09
 24 52 1.099144E-09 0 1.099144E-09
 24 53 8.517898E-09 0 8.517898E-09
 24 54 -2.011807E-08 0 -2.011807E-08
 24 55 3.290407E-09 0 3.290407E-09
 24 56 4.302594E-09 0 4.302594E-09
 24 57 1.206084E-08 0 1.206084E-08
 24 58 7.745409E-09 0 7.745409E-09
 24 59 -1.838313E-10 0 -1.838313E-10
 24 60 -2.479403E-08 0 -2.479403E-08
 24 61 1.585256E-09 0 1.585256E-09
 24 62 1.29043E-09 0 1.29043E-09
 24 63 2.878251E-09 0 2.878251E-09
 24 64 2.808575E-09 0 2.808575E-09
 24 65 2.708603E-09 0 2.708603E-09
 24 66 3.580857E-09 0 3.580857E-09
 24 67 -1.604945E-08 0 -1.604945E-08
 24 68 -1.237123E-08 0 -1.237123E-08
 24 69 -1.330023E-08 0 -1.330023E-08
 24 70 -9.07627E-10 0 -9.07627E-10
 24 71 -6.053409E-11 0 -6.053409E-11
 24 72 4.332903E-09 0 4.332903E-09
 24 73 1.585979E-09 0 1.585979E-09
 24 74 -1.221733E-08 0 -1.221733E-08
 24 75 2.839954E-09 0 2.839954E-09
 24 76 1.98018E-09 0 1.98018E-09
 24 77 -6.08546E-11 0 -6.08546E-11
 24 78 2.010541E-09 0 2.010541E-09
 24 79 -1.305954E-10 0 -1.305954E-10
 24 80 -1.017629E-08 0 -1.017629E-08
 24 81 4.837965E-10 0 4.837965E-10
 24 82 1.230435E-09 0 1.230435E-09
 24 83 -4.335329E-09 0 -4.335329E-09
 24 84 1.072419E-09 0 1.072419E-09
 24 85 -9.034583E-09 0 -9.034583E-09
 24 86 1.365681E-09 0 1.365681E-09
 24 87 4.763142E-09 0 4.763142E-09
 24 88 3.489657E-09 0 3.489657E-09
 24 89 7.760783E-10 0 7.760783E-10
 24 90 -2.176652E-10 0 -2.176652E-10
 24 91 -1.613938E-08 0 -1.613938E-08
 24 92 -8.810516E-10 0 -8.810516E-10
 24 93 -2.020633E-08 0 -2.020633E-08
 24 94 -1.149839E-08 0 -1.149839E-08
 24 95 -2.281089E-08 0 -2.281089E-08
 24 96 4.279911E-09 0 4.279911E-09
 24 97 -2.318933E-08 0 -2.318933E-08
 24 98 5.189751E-09 0 5.189751E-09
 24 99 -1.261573E-10 0 -1.261573E-10
 24 100 -1.497232E-10 0 -1.497232E-10
