#structure  e_tot     e_vdw         e_elec
1   -0.29408521   -0.08092694   -0.21315828	    -0.292928     -0.212207     -8.07209E-02
2   -1.05641714   -1.32250603    0.26608889     -1.05643       0.264895     -1.32132
3  -10.27830468   -9.09456258   -1.18374210     -10.2685      -1.17834      -9.09013
4   -7.58417170   -5.90453581   -1.67963588     -7.56808      -1.67173      -5.89635
5   -0.00007911   -0.00002116   -0.00005795     -7.882122E-05 -5.768386E-05 -2.113736E-05
6   -5.56456404   -4.81153585   -0.75302819     -5.55438      -0.749373     -4.80501
7   -5.45256876   -4.18365757   -1.26891119     -5.4343       -1.26305      -4.17125
8  -10.67030306   -9.22300158   -1.44730149     -10.6476      -1.44071      -9.2069
9   -9.90411112   -7.95237776   -1.95173336     -9.87974      -1.94278      -7.93696
10  -8.51812492   -7.44768961   -1.07043531     -8.50414      -1.06547      -7.43867
#-0.290573 -0.212207 -7.836594E-02
#-1.05794 0.264895 -1.32284
#-10.1191 -1.17834 -8.94073
#-6.90441 -1.67173 -5.23268
#-7.899731E-05 -5.768386E-05 -2.131345E-05
#-5.1123 -0.749373 -4.36292
#-4.76396 -1.26305 -3.50091
#-10.6748 -1.44071 -9.23411
#-9.84477 -1.94278 -7.902
# -7.60393 -1.06547 -6.53847
