# from betancourt1999
# values for lambda(ep ij - ep 0) in K_b.T
    Cys   Phe   Leu   Trp   Val   Ile   Met   His   Tyr   Ala   Gly   Pro   Asn   Thr  Ser  Arg   Gln   Asp   Lys   Glu
Cys -1.34 -0.53 -0.50 -0.74 -0.51 -0.48 -0.49 -0.19 -0.16 -0.26 -0.09 -0.18 0.28  0.00 0.09 0.32  0.04  0.38  0.35  0.46
Phe       -0.82 -0.78 -0.78 -0.67 -0.65 -0.89 -0.19 -0.49 -0.33 0.11  -0.19 0.29  0.00 0.10 0.08  -0.04 0.48  0.11  0.34
Leu             -0.81 -0.70 -0.80 -0.79 -0.68 0.10  -0.44 -0.37 0.14  -0.08 0.36  0.00 0.26 0.09  0.08  0.62  0.16  0.37
Trp                  -0.74 -0.62 -0.65 -0.94 -0.46 -0.55 -0.40 -0.24 -0.73 -0.09 0.00 0.07 -0.41 -0.11 0.06  -0.28 -0.15
Val                         -0.72 -0.68 -0.47 0.18  -0.27 -0.38 0.04  -0.08 0.39  0.00 0.25 0.17  0.17  0.66  0.16  0.41
Ile                           -0.60 -0.60 0.19  -0.33 -0.35 0.21  0.05  0.55  0.00 0.35 0.18  0.14  0.54  0.21  0.38
Met                                     -0.56 -0.17 -0.51 -0.23 0.08  -0.16 0.32  0.00 0.32 0.17  -0.01 0.62  0.22  0.24
His                                       -0.33 -0.21  0.21 0.23  -0.05 0.10  0.00 0.15 0.04  0.22  -0.22 0.26  -0.11
Tyr                                                 -0.27 -0.15 -0.04 -0.40 0.01  0.00 0.07 -0.37 -0.18 -0.07 -0.40 -0.16
Ala                                                       -0.20 -0.03 0.07  0.24  0.00 0.15 0.27  0.21  0.30  0.20  0.43
Gly                                                             -0.20 -0.01 0.10  0.00 0.10 0.14  0.20  0.17  0.12  0.48
Pro                                                                   -0.07 0.13  0.00 0.17 -0.02 -0.05 0.25  0.12  0.26
Asn                                                                         -0.04 0.00 0.14 0.02  -0.05 -0.12 -0.14 -0.01
Thr                                                                               0.00 0.00 0.00  0.00  0.00  0.00  0.00
Ser                                                                                  0.13 0.12  0.25  0.01  0.10  0.10
Arg                                                                                         0.13  -0.12 -0.71 0.50  -0.75
Gln                                                                                               0.14  0.12  -0.20 0.10
Asp                                                                                                     0.27  -0.69 0.40
Lys                                                                                                           0.38  -0.87
Glu                                                                                                                 0.45
